# LF_DEM version v3.0-126-gb72fb1a
# np 1000
# VF 0.76
# Lx 73.993
# Ly 0
# Lz 73.993
# flow_type shear
# data in cl units.
#1: time
#2: cumulated strain
#3: shear rate
#4-9: total stress tensor (xx, xy, xz, yz, yy, zz)
#10-15: contact stress tensor (xx, xy, xz, yz, yy, zz)
#16-21: dashpot stress tensor (xx, xy, xz, yz, yy, zz)
#22-27: hydro stress tensor (xx, xy, xz, yz, yy, zz)
#28-33: repulsion stress tensor (xx, xy, xz, yz, yy, zz)

0.00471239 0.0004688 0.0994824 -4.56468 0 4 0 0 -4.20862  -4.88976 0 2.60479 0 0 -4.80469  -0.257883 0 0.0960943 0 0 -0.269677  0.582961 0 1.29912 0 0 0.86575  0 0 0 0 0 0  
0.471239 0.0306073 0.0560915 -4.8126 0 4 0 0 -4.34089  -4.99376 0 3.21156 0 0 -4.67268  -0.112629 0 0.0571649 0 0 -0.162842  0.29379 0 0.73128 0 0 0.494628  0 0 0 0 0 0  
0.942478 0.0550074 0.0480395 -5.16855 0 4 0 0 -4.96039  -5.29026 0 3.34968 0 0 -5.17684  -0.100513 0 0.0589487 0 0 -0.120811  0.222229 0 0.591367 0 0 0.337266  0 0 0 0 0 0  
1.41372 0.0765596 0.0445849 -5.47115 0 4 0 0 -5.36648  -5.58537 0 3.41324 0 0 -5.54986  -0.087921 0 0.0550786 0 0 -0.10192  0.202139 0 0.531681 0 0 0.285297  0 0 0 0 0 0  
1.88496 0.0969016 0.042544 -5.68142 0 4 0 0 -5.63628  -5.77131 0 3.44422 0 0 -5.80078  -0.0890779 0 0.0549886 0 0 -0.0953761  0.178966 0 0.500794 0 0 0.259879  0 0 0 0 0 0  
2.35619 0.116689 0.0420548 -5.81976 0 4 0 0 -5.82385  -5.90131 0 3.47116 0 0 -5.9836  -0.0940754 0 0.0520566 0 0 -0.0893482  0.175626 0 0.476783 0 0 0.249105  0 0 0 0 0 0  
2.82743 0.136298 0.0413968 -5.93306 0 4 0 0 -5.95181  -6.01088 0 3.49176 0 0 -6.11205  -0.104305 0 0.0551803 0 0 -0.0859038  0.182121 0 0.453061 0 0 0.246141  0 0 0 0 0 0  
3.29867 0.15593 0.0407119 -5.97133 0 4 0 0 -5.94682  -6.07628 0 3.50335 0 0 -6.15346  -0.0794239 0 0.0540087 0 0 -0.0914955  0.18437 0 0.442641 0 0 0.298141  0 0 0 0 0 0  
3.76991 0.174434 0.0373585 -5.90092 0 4 0 0 -5.96435  -5.99332 0 3.53618 0 0 -6.16539  -0.0648872 0 0.0502103 0 0 -0.0627889  0.157283 0 0.413611 0 0 0.263836  0 0 0 0 0 0  
4.24115 0.191712 0.0355788 -5.76337 0 4 0 0 -5.96039  -5.86015 0 3.57496 0 0 -6.15629  -0.0649262 0 0.0425548 0 0 -0.0477639  0.161703 0 0.382481 0 0 0.243657  0 0 0 0 0 0  
4.71239 0.208254 0.0345377 -5.85338 0 4 0 0 -5.89262  -5.9158 0 3.57483 0 0 -6.06804  -0.0735368 0 0.0440588 0 0 -0.0564057  0.135954 0 0.381114 0 0 0.231827  0 0 0 0 0 0  
5.18363 0.224226 0.032921 -5.98187 0 4 0 0 -5.91552  -6.04622 0 3.60119 0 0 -6.06897  -0.070796 0 0.0465906 0 0 -0.0535006  0.135145 0 0.352218 0 0 0.206952  0 0 0 0 0 0  
5.65487 0.239509 0.0324889 -5.87954 0 4 0 0 -6.04268  -5.94585 0 3.6093 0 0 -6.18049  -0.0706883 0 0.0464102 0 0 -0.0578442  0.137003 0 0.344293 0 0 0.19566  0 0 0 0 0 0  
6.12611 0.254662 0.0322207 -5.93858 0 4 0 0 -6.1857  -5.98364 0 3.59977 0 0 -6.30428  -0.0763797 0 0.0492452 0 0 -0.0548587  0.121439 0 0.350984 0 0 0.173437  0 0 0 0 0 0  
6.59734 0.269909 0.0325925 -6.05998 0 4 0 0 -6.33861  -6.14568 0 3.60636 0 0 -6.46702  -0.063613 0 0.0440585 0 0 -0.0454677  0.149315 0 0.349578 0 0 0.173876  0 0 0 0 0 0  
7.06858 0.285003 0.032397 -6.27182 0 4 0 0 -6.44748  -6.36392 0 3.61395 0 0 -6.57093  -0.0630541 0 0.0434472 0 0 -0.0499381  0.155153 0 0.342607 0 0 0.173387  0 0 0 0 0 0  
7.53982 0.300158 0.0318954 -6.4391 0 4 0 0 -6.61812  -6.54043 0 3.6117 0 0 -6.72997  -0.057156 0 0.0470707 0 0 -0.0530611  0.158491 0 0.341229 0 0 0.164905  0 0 0 0 0 0  
8.01106 0.314846 0.0304148 -6.62938 0 4 0 0 -6.70488  -6.73897 0 3.62237 0 0 -6.81628  -0.0561592 0 0.0435956 0 0 -0.05225  0.165746 0 0.334035 0 0 0.163643  0 0 0 0 0 0  
8.4823 0.329151 0.0302283 -6.58988 0 4 0 0 -6.72305  -6.69234 0 3.63867 0 0 -6.83459  -0.0512005 0 0.0458227 0 0 -0.0472124  0.153655 0 0.315507 0 0 0.158755  0 0 0 0 0 0  
8.95354 0.343291 0.0301413 -6.55924 0 4 0 0 -6.80478  -6.66426 0 3.64783 0 0 -6.92305  -0.0499164 0 0.0471392 0 0 -0.0380601  0.154944 0 0.305036 0 0 0.156323  0 0 0 0 0 0  
9.42478 0.357755 0.031543 -6.73092 0 4 0 0 -6.97088  -6.83427 0 3.63722 0 0 -7.08577  -0.0589164 0 0.0471298 0 0 -0.0340499  0.162266 0 0.315654 0 0 0.148937  0 0 0 0 0 0  
9.89602 0.372648 0.032025 -6.86005 0 4 0 0 -6.94767  -6.95066 0 3.6362 0 0 -7.07032  -0.0593527 0 0.044836 0 0 -0.0352154  0.149962 0 0.318961 0 0 0.157869  0 0 0 0 0 0  
10.3673 0.387452 0.0316045 -7.01081 0 4 0 0 -6.82347  -7.09662 0 3.63529 0 0 -6.95633  -0.0586682 0 0.044004 0 0 -0.04436  0.144475 0 0.320704 0 0 0.177223  0 0 0 0 0 0  
10.8385 0.402721 0.0330622 -7.07955 0 4 0 0 -6.85858  -7.15937 0 3.61525 0 0 -7.00482  -0.0681656 0 0.0459083 0 0 -0.0559808  0.147989 0 0.338838 0 0 0.202217  0 0 0 0 0 0  
11.3097 0.418121 0.0324048 -7.20645 0 4 0 0 -7.04305  -7.27876 0 3.63856 0 0 -7.15932  -0.0521883 0 0.0485469 0 0 -0.0498285  0.124495 0 0.312896 0 0 0.166099  0 0 0 0 0 0  
11.781 0.433088 0.0311772 -7.20536 0 4 0 0 -7.14282  -7.26021 0 3.6522 0 0 -7.24818  -0.0469646 0 0.04842 0 0 -0.047174  0.101806 0 0.299383 0 0 0.152535  0 0 0 0 0 0  
12.2522 0.447096 0.028482 -7.10069 0 4 0 0 -7.04547  -7.16679 0 3.66896 0 0 -7.14952  -0.0444486 0 0.0446272 0 0 -0.0467353  0.110553 0 0.286408 0 0 0.150784  0 0 0 0 0 0  
12.7235 0.460241 0.027263 -7.13494 0 4 0 0 -7.12585  -7.20992 0 3.67978 0 0 -7.22867  -0.0398688 0 0.0404917 0 0 -0.0404603  0.114846 0 0.27973 0 0 0.14328  0 0 0 0 0 0  
13.1947 0.472793 0.0261163 -7.17565 0 4 0 0 -7.22795  -7.24546 0 3.69932 0 0 -7.32642  -0.0306005 0 0.039898 0 0 -0.0296673  0.100414 0 0.260784 0 0 0.128139  0 0 0 0 0 0  
13.6659 0.48427 0.0229035 -7.20601 0 4 0 0 -7.28731  -7.26283 0 3.72283 0 0 -7.38374  -0.0317943 0 0.0357208 0 0 -0.032634  0.0886114 0 0.24145 0 0 0.129072  0 0 0 0 0 0  
14.1372 0.494964 0.0216998 -7.26715 0 4 0 0 -7.26757  -7.31486 0 3.74794 0 0 -7.3561  -0.0325222 0 0.0318987 0 0 -0.0267951  0.0802354 0 0.220163 0 0 0.115321  0 0 0 0 0 0  
14.6084 0.50507 0.0205234 -7.35812 0 4 0 0 -7.18302  -7.39141 0 3.76401 0 0 -7.26109  -0.0319065 0 0.0332505 0 0 -0.0258574  0.0652043 0 0.202739 0 0 0.103926  0 0 0 0 0 0  
15.0796 0.514708 0.0203675 -7.39802 0 4 0 0 -7.13394  -7.42254 0 3.76687 0 0 -7.20779  -0.0279106 0 0.033135 0 0 -0.0244806  0.052429 0 0.199995 0 0 0.0983375  0 0 0 0 0 0  
15.5509 0.524477 0.0207873 -7.50655 0 4 0 0 -7.23025  -7.52243 0 3.76218 0 0 -7.30002  -0.0295399 0 0.0334206 0 0 -0.0256581  0.0454234 0 0.204401 0 0 0.0954258  0 0 0 0 0 0  
16.0221 0.534364 0.0207808 -7.56359 0 4 0 0 -7.36133  -7.5758 0 3.76649 0 0 -7.42992  -0.0302354 0 0.0350633 0 0 -0.0220616  0.0424403 0 0.198447 0 0 0.0906522  0 0 0 0 0 0  
16.4934 0.544679 0.022401 -7.65526 0 4 0 0 -7.50716  -7.67121 0 3.74931 0 0 -7.59117  -0.033596 0 0.0377362 0 0 -0.018749  0.0495467 0 0.212952 0 0 0.102759  0 0 0 0 0 0  
16.9646 0.554976 0.0215626 -7.66246 0 4 0 0 -7.4922  -7.67487 0 3.75969 0 0 -7.57138  -0.0341951 0 0.0362503 0 0 -0.0170147  0.0466048 0 0.204061 0 0 0.0961903  0 0 0 0 0 0  
17.4358 0.565512 0.0221972 -7.66568 0 4 0 0 -7.2865  -7.68524 0 3.74109 0 0 -7.38163  -0.0300938 0 0.0359491 0 0 -0.0106544  0.0496558 0 0.22296 0 0 0.105787  0 0 0 0 0 0  
17.9071 0.57634 0.023074 -7.62963 0 4 0 0 -7.27882  -7.65259 0 3.72444 0 0 -7.37032  -0.0275931 0 0.039 0 0 -0.0143556  0.0505487 0 0.236563 0 0 0.105861  0 0 0 0 0 0  
18.3783 0.587182 0.0227301 -7.69698 0 4 0 0 -7.28403  -7.71277 0 3.71705 0 0 -7.36459  -0.0299965 0 0.0382383 0 0 -0.0194125  0.0457878 0 0.244716 0 0 0.0999737  0 0 0 0 0 0  
18.8496 0.597759 0.0223561 -7.72092 0 4 0 0 -7.31566  -7.74341 0 3.72086 0 0 -7.40928  -0.0291424 0 0.0400969 0 0 -0.0168019  0.0516347 0 0.239044 0 0 0.110422  0 0 0 0 0 0  
19.3208 0.60859 0.0227854 -7.77992 0 4 0 0 -7.42603  -7.8081 0 3.7151 0 0 -7.52118  -0.0220273 0 0.0402278 0 0 -0.0106668  0.0502078 0 0.244673 0 0 0.105816  0 0 0 0 0 0  
19.792 0.619756 0.0240648 -7.74878 0 4 0 0 -7.39899  -7.77558 0 3.70417 0 0 -7.50623  -0.0280926 0 0.0400055 0 0 -0.0112389  0.054894 0 0.255822 0 0 0.118479  0 0 0 0 0 0  
20.2633 0.631313 0.0252383 -7.80006 0 4 0 0 -7.3591  -7.82628 0 3.69642 0 0 -7.46823  -0.0333846 0 0.0422345 0 0 -0.0167896  0.0596125 0 0.261349 0 0 0.12592  0 0 0 0 0 0  
20.7345 0.643177 0.0252165 -7.96693 0 4 0 0 -7.55547  -7.99105 0 3.69382 0 0 -7.667  -0.0382337 0 0.0416782 0 0 -0.0248566  0.0623572 0 0.264497 0 0 0.13638  0 0 0 0 0 0  
21.2058 0.654912 0.0238091 -8.11831 0 4 0 0 -7.72682  -8.15408 0 3.72323 0 0 -7.84354  -0.0332003 0 0.0384082 0 0 -0.0188013  0.068966 0 0.23836 0 0 0.135529  0 0 0 0 0 0  
21.677 0.665806 0.0220412 -8.28375 0 4 0 0 -7.75563  -8.31623 0 3.7404 0 0 -7.85401  -0.0342322 0 0.0357085 0 0 -0.0183232  0.0667174 0 0.223887 0 0 0.116696  0 0 0 0 0 0  
22.1482 0.676247 0.0219398 -8.18189 0 4 0 0 -7.60864  -8.22195 0 3.73676 0 0 -7.69501  -0.0279901 0 0.0352937 0 0 -0.0164285  0.0680555 0 0.227945 0 0 0.102802  0 0 0 0 0 0  
22.6195 0.686506 0.0218777 -8.12891 0 4 0 0 -7.54471  -8.17087 0 3.73538 0 0 -7.64339  -0.025279 0 0.0326036 0 0 -0.0162246  0.0672319 0 0.232019 0 0 0.114909  0 0 0 0 0 0  
23.0907 0.697051 0.0226315 -8.10248 0 4 0 0 -7.63264  -8.13509 0 3.73177 0 0 -7.72231  -0.0309754 0 0.0343086 0 0 -0.0150654  0.0635758 0 0.233923 0 0 0.104738  0 0 0 0 0 0  
23.5619 0.707823 0.0231285 -8.06587 0 4 0 0 -7.77898  -8.10249 0 3.73452 0 0 -7.87308  -0.0313765 0 0.0337694 0 0 -0.0169837  0.067995 0 0.231709 0 0 0.11109  0 0 0 0 0 0  
24.0332 0.718491 0.0217927 -8.01223 0 4 0 0 -7.81257  -8.06328 0 3.74996 0 0 -7.90235  -0.0238676 0 0.0309926 0 0 -0.013185  0.0749171 0 0.219044 0 0 0.102962  0 0 0 0 0 0  
24.5044 0.72864 0.0206086 -7.83296 0 4 0 0 -7.59953  -7.88793 0 3.76424 0 0 -7.69038  -0.0235525 0 0.0269995 0 0 -0.0214589  0.0785226 0 0.208763 0 0 0.112303  0 0 0 0 0 0  
24.9757 0.738258 0.0204193 -7.77626 0 4 0 0 -7.46811  -7.82738 0 3.75806 0 0 -7.55531  -0.028473 0 0.0262233 0 0 -0.0273655  0.0795921 0 0.215712 0 0 0.114566  0 0 0 0 0 0  
25.4469 0.748033 0.0209622 -7.84454 0 4 0 0 -7.45087  -7.88782 0 3.74998 0 0 -7.52613  -0.0293186 0 0.0302698 0 0 -0.0287486  0.0725958 0 0.219745 0 0 0.104011  0 0 0 0 0 0  
25.9181 0.758177 0.0224016 -7.94793 0 4 0 0 -7.46849  -7.98547 0 3.74403 0 0 -7.53577  -0.0281491 0 0.0333271 0 0 -0.0322442  0.0656845 0 0.222644 0 0 0.0995241  0 0 0 0 0 0  
26.3894 0.768845 0.0227888 -8.02356 0 4 0 0 -7.54268  -8.06991 0 3.73843 0 0 -7.61482  -0.0284534 0 0.0341157 0 0 -0.0304937  0.0747987 0 0.227454 0 0 0.102642  0 0 0 0 0 0  
26.8606 0.779532 0.0227215 -8.1503 0 4 0 0 -7.69031  -8.19917 0 3.73319 0 0 -7.76967  -0.0290229 0 0.0345016 0 0 -0.0305687  0.0778865 0 0.232313 0 0 0.109925  0 0 0 0 0 0  
27.3319 0.790177 0.0226032 -8.24991 0 4 0 0 -7.79496  -8.29225 0 3.73986 0 0 -7.86733  -0.0234872 0 0.0369773 0 0 -0.0290437  0.065826 0 0.22316 0 0 0.101421  0 0 0 0 0 0  
27.8031 0.800865 0.0230284 -8.21314 0 4 0 0 -7.82098  -8.24901 0 3.73981 0 0 -7.8976  -0.0259105 0 0.0393973 0 0 -0.0258616  0.0617822 0 0.220788 0 0 0.102491  0 0 0 0 0 0  
28.2743 0.811846 0.023237 -8.21582 0 4 0 0 -7.89384  -8.25353 0 3.73465 0 0 -7.98018  -0.024623 0 0.0421597 0 0 -0.0220124  0.0623346 0 0.223189 0 0 0.108349  0 0 0 0 0 0  
28.7456 0.822573 0.0224448 -8.08342 0 4 0 0 -7.65773  -8.14101 0 3.74205 0 0 -7.75852  -0.0185289 0 0.039976 0 0 -0.0183331  0.0761125 0 0.217974 0 0 0.119126  0 0 0 0 0 0  
29.2168 0.833129 0.0222967 -7.79118 0 4 0 0 -7.46016  -7.87225 0 3.73875 0 0 -7.55963  -0.0100396 0 0.038404 0 0 -0.0148229  0.0911118 0 0.222844 0 0 0.11429  0 0 0 0 0 0  
29.6881 0.844061 0.0238678 -7.62272 0 4 0 0 -7.11264  -7.72678 0 3.71782 0 0 -7.22982  -0.00811777 0 0.0399586 0 0 -0.0118406  0.112179 0 0.24222 0 0 0.129017  0 0 0 0 0 0  
30.1593 0.855232 0.0235609 -7.52713 0 4 0 0 -7.04642  -7.61723 0 3.70832 0 0 -7.15272  -0.0119976 0 0.0386469 0 0 -0.0106472  0.102091 0 0.25303 0 0 0.116952  0 0 0 0 0 0  
30.6305 0.866272 0.0235012 -7.19993 0 4 0 0 -6.99001  -7.29925 0 3.70757 0 0 -7.10331  -0.011752 0 0.0403701 0 0 -0.0142564  0.111072 0 0.252061 0 0 0.127558  0 0 0 0 0 0  
31.1018 0.877373 0.0231426 -6.92268 0 4 0 0 -7.01682  -7.01132 0 3.70337 0 0 -7.13813  -0.0174348 0 0.0407971 0 0 -0.0165405  0.106072 0 0.255832 0 0 0.137853  0 0 0 0 0 0  
31.573 0.888183 0.0226769 -6.62965 0 4 0 0 -7.22002  -6.72156 0 3.71193 0 0 -7.34038  -0.0232849 0 0.0404537 0 0 -0.0130386  0.115199 0 0.24762 0 0 0.133402  0 0 0 0 0 0  
32.0442 0.898969 0.0225625 -6.54897 0 4 0 0 -7.50366  -6.65059 0 3.72013 0 0 -7.62235  -0.0179764 0 0.0359497 0 0 -0.0158712  0.119594 0 0.243925 0 0 0.134565  0 0 0 0 0 0  
32.5155 0.909166 0.0209228 -6.49372 0 4 0 0 -7.63285  -6.58292 0 3.7306 0 0 -7.74845  -0.0199558 0 0.0334746 0 0 -0.0184673  0.109156 0 0.235929 0 0 0.134065  0 0 0 0 0 0  
32.9867 0.918869 0.0202408 -6.60773 0 4 0 0 -7.70553  -6.69739 0 3.72964 0 0 -7.82372  -0.0229816 0 0.0327704 0 0 -0.0205359  0.112643 0 0.237591 0 0 0.138728  0 0 0 0 0 0  
33.458 0.928197 0.0194176 -6.74902 0 4 0 0 -7.67428  -6.82869 0 3.74854 0 0 -7.77923  -0.0201355 0 0.0313974 0 0 -0.0156871  0.0998133 0 0.220061 0 0 0.120636  0 0 0 0 0 0  
33.9292 0.937309 0.0191537 -6.82267 0 4 0 0 -7.5267  -6.89882 0 3.75193 0 0 -7.63553  -0.0217793 0 0.0326367 0 0 -0.0153618  0.0979346 0 0.215431 0 0 0.124184  0 0 0 0 0 0  
34.4004 0.946041 0.0180758 -6.857 0 4 0 0 -7.46804  -6.91932 0 3.7586 0 0 -7.57597  -0.0260491 0 0.0321723 0 0 -0.016442  0.0883737 0 0.209226 0 0 0.124377  0 0 0 0 0 0  
34.8717 0.954683 0.0180514 -6.83347 0 4 0 0 -7.42989  -6.90305 0 3.75869 0 0 -7.54513  -0.0195072 0 0.0315744 0 0 -0.0105134  0.0890908 0 0.209735 0 0 0.125749  0 0 0 0 0 0  
35.3429 0.963212 0.0177479 -6.92605 0 4 0 0 -7.45303  -6.99227 0 3.76847 0 0 -7.56421  -0.0159368 0 0.0308208 0 0 -0.0128235  0.0821572 0 0.200705 0 0 0.124004  0 0 0 0 0 0  
35.8142 0.971666 0.0181689 -7.00947 0 4 0 0 -7.51264  -7.07743 0 3.76889 0 0 -7.61992  -0.0147472 0 0.0309382 0 0 -0.0136606  0.0827026 0 0.200176 0 0 0.120941  0 0 0 0 0 0  
36.2854 0.980318 0.018555 -7.12054 0 4 0 0 -7.70643  -7.19759 0 3.76921 0 0 -7.81381  -0.0152064 0 0.0293143 0 0 -0.0145024  0.0922588 0 0.20148 0 0 0.121874  0 0 0 0 0 0  
36.7566 0.989277 0.0195231 -7.26643 0 4 0 0 -7.75572  -7.34143 0 3.76472 0 0 -7.86344  -0.0161599 0 0.0306918 0 0 -0.0115242  0.091158 0 0.204591 0 0 0.119241  0 0 0 0 0 0  
37.2279 0.998579 0.0198954 -7.39482 0 4 0 0 -7.87313  -7.46159 0 3.76008 0 0 -7.97406  -0.016494 0 0.0335303 0 0 -0.0102719  0.0832631 0 0.206392 0 0 0.111205  0 0 0 0 0 0  
37.6991 1.00791 0.0195599 -7.51904 0 4 0 0 -8.04524  -7.57632 0 3.76618 0 0 -8.1293  -0.0168217 0 0.0337 0 0 -0.0119617  0.0741071 0 0.200125 0 0 0.0960252  0 0 0 0 0 0  
38.1704 1.01699 0.018959 -7.60316 0 4 0 0 -8.16661  -7.65062 0 3.77985 0 0 -8.23719  -0.0157946 0 0.0335547 0 0 -0.0115478  0.0632584 0 0.186599 0 0 0.0821257  0 0 0 0 0 0  
38.6416 1.02587 0.0179721 -7.65798 0 4 0 0 -8.34692  -7.70009 0 3.79254 0 0 -8.42263  -0.0146992 0 0.0306923 0 0 -0.00709007  0.0568108 0 0.176765 0 0 0.0828021  0 0 0 0 0 0  
39.1128 1.03433 0.0180187 -7.57112 0 4 0 0 -8.4156  -7.62231 0 3.79338 0 0 -8.49627  -0.0153262 0 0.0274185 0 0 -0.00508223  0.0665194 0 0.179206 0 0 0.085753  0 0 0 0 0 0  
39.5841 1.04286 0.018196 -7.52548 0 4 0 0 -8.38069  -7.57435 0 3.79339 0 0 -8.46034  -0.0172448 0 0.0264494 0 0 -0.00337619  0.0661182 0 0.180158 0 0 0.0830261  0 0 0 0 0 0  
40.0553 1.05182 0.0194954 -7.48346 0 4 0 0 -8.4107  -7.53486 0 3.77844 0 0 -8.49159  -0.0236237 0 0.0289212 0 0 -0.0116809  0.0750196 0 0.192641 0 0 0.0925774  0 0 0 0 0 0  
40.5265 1.0611 0.0202978 -7.59991 0 4 0 0 -8.45314  -7.6432 0 3.77333 0 0 -8.53196  -0.0200878 0 0.03206 0 0 -0.00646752  0.0633819 0 0.194607 0 0 0.0852852  0 0 0 0 0 0  
40.9978 1.07082 0.0209973 -7.74426 0 4 0 0 -8.4725  -7.79112 0 3.76925 0 0 -8.55294  -0.019731 0 0.0321049 0 0 -0.00805423  0.0665939 0 0.19864 0 0 0.0884971  0 0 0 0 0 0  
41.469 1.0808 0.0216456 -7.88893 0 4 0 0 -8.45008  -7.92969 0 3.76076 0 0 -8.53141  -0.0210733 0 0.0346534 0 0 -0.00946704  0.0618309 0 0.204583 0 0 0.0907935  0 0 0 0 0 0  
41.9403 1.09136 0.0228622 -8.0168 0 4 0 0 -8.4199  -8.06388 0 3.74362 0 0 -8.50963  -0.0230885 0 0.0372892 0 0 -0.0140009  0.0701675 0 0.219091 0 0 0.103729  0 0 0 0 0 0  
42.4115 1.10217 0.023058 -8.11958 0 4 0 0 -8.43741  -8.15858 0 3.73293 0 0 -8.52206  -0.027793 0 0.0414859 0 0 -0.0186233  0.0667962 0 0.225585 0 0 0.103269  0 0 0 0 0 0  
42.8827 1.11291 0.0224692 -8.18607 0 4 0 0 -8.34726  -8.22014 0 3.73248 0 0 -8.42562  -0.0311515 0 0.0440217 0 0 -0.0173278  0.0652171 0 0.223493 0 0 0.0956811  0 0 0 0 0 0  
43.354 1.12324 0.0213759 -8.19833 0 4 0 0 -8.17473  -8.24551 0 3.74815 0 0 -8.2502  -0.0319188 0 0.0415891 0 0 -0.0151673  0.0790975 0 0.210259 0 0 0.0906313  0 0 0 0 0 0  
43.8252 1.13292 0.0197058 -8.03696 0 4 0 0 -7.83754  -8.09242 0 3.76644 0 0 -7.92211  -0.0261432 0 0.0374593 0 0 -0.0105619  0.0816004 0 0.196096 0 0 0.095134  0 0 0 0 0 0  
44.2965 1.14203 0.0198973 -7.80307 0 4 0 0 -7.63599  -7.87181 0 3.75387 0 0 -7.72651  -0.0297763 0 0.0374507 0 0 -0.0140273  0.0985208 0 0.20868 0 0 0.104547  0 0 0 0 0 0  
44.7677 1.15125 0.0199352 -7.65987 0 4 0 0 -7.42681  -7.72034 0 3.75321 0 0 -7.5172  -0.0291799 0 0.0360976 0 0 -0.0136291  0.0896428 0 0.210695 0 0 0.10402  0 0 0 0 0 0  
45.2389 1.16018 0.0183886 -7.52327 0 4 0 0 -7.26202  -7.57457 0 3.77369 0 0 -7.34428  -0.0264471 0 0.0346556 0 0 -0.0128741  0.0777554 0 0.191657 0 0 0.0951385  0 0 0 0 0 0  
45.7102 1.16871 0.01815 -7.4666 0 4 0 0 -7.1844  -7.52309 0 3.77021 0 0 -7.27761  -0.0247364 0 0.0335615 0 0 -0.00899339  0.0812296 0 0.196225 0 0 0.102205  0 0 0 0 0 0  
46.1814 1.17744 0.0185323 -7.37733 0 4 0 0 -7.13316  -7.42457 0 3.75839 0 0 -7.22618  -0.027622 0 0.0325152 0 0 -0.00299812  0.0748604 0 0.209092 0 0 0.0960129  0 0 0 0 0 0  
46.6527 1.18612 0.0187679 -7.39586 0 4 0 0 -7.11332  -7.43745 0 3.7632 0 0 -7.20701  -0.0273939 0 0.033622 0 0 -0.00466248  0.0689816 0 0.203177 0 0 0.0983563  0 0 0 0 0 0  
47.1239 1.19502 0.0190569 -7.23048 0 4 0 0 -7.06819  -7.27126 0 3.75875 0 0 -7.16437  -0.0265202 0 0.0348274 0 0 -0.00605998  0.0672978 0 0.206421 0 0 0.102245  0 0 0 0 0 0  
47.5951 1.20408 0.0194869 -7.08561 0 4 0 0 -7.04368  -7.12547 0 3.76026 0 0 -7.13306  -0.022584 0 0.0375668 0 0 -0.00631922  0.0624378 0 0.202168 0 0 0.0956983  0 0 0 0 0 0  
48.0664 1.21353 0.0204439 -7.03955 0 4 0 0 -7.0725  -7.08177 0 3.74699 0 0 -7.16412  -0.0288952 0 0.0380141 0 0 -0.0091103  0.0711161 0 0.214998 0 0 0.100724  0 0 0 0 0 0  
48.5376 1.22342 0.0209239 -7.01462 0 4 0 0 -7.15922  -7.08048 0 3.72698 0 0 -7.25937  -0.0340092 0 0.0401034 0 0 -0.0167543  0.0998714 0 0.232921 0 0 0.1169  0 0 0 0 0 0  
49.0088 1.23313 0.0203709 -7.03468 0 4 0 0 -7.22167  -7.10129 0 3.73226 0 0 -7.31947  -0.0297816 0 0.0374088 0 0 -0.0164127  0.0963955 0 0.230334 0 0 0.114207  0 0 0 0 0 0  
49.4801 1.24256 0.0199428 -7.12854 0 4 0 0 -7.31034  -7.1862 0 3.74482 0 0 -7.39503  -0.0260017 0 0.035379 0 0 -0.0157901  0.0836635 0 0.219802 0 0 0.100486  0 0 0 0 0 0  
49.9513 1.25195 0.0198449 -7.19431 0 4 0 0 -7.40977  -7.24577 0 3.76235 0 0 -7.50384  -0.0224139 0 0.03176 0 0 -0.00996092  0.0738723 0 0.205895 0 0 0.104027  0 0 0 0 0 0  
50.4226 1.26121 0.0197527 -7.16571 0 4 0 0 -7.38069  -7.2123 0 3.77379 0 0 -7.47864  -0.0230026 0 0.0309191 0 0 -0.00767619  0.0695941 0 0.195296 0 0 0.105626  0 0 0 0 0 0  
50.8938 1.27053 0.0199441 -7.15935 0 4 0 0 -7.4878  -7.19181 0 3.77522 0 0 -7.57892  -0.0230894 0 0.0317897 0 0 -0.00499213  0.0555494 0 0.192995 0 0 0.0961065  0 0 0 0 0 0  
51.365 1.27999 0.0198577 -7.23944 0 4 0 0 -7.65324  -7.272 0 3.78367 0 0 -7.74489  -0.0217622 0 0.0321305 0 0 -0.00518253  0.0543143 0 0.184197 0 0 0.0968322  0 0 0 0 0 0  
51.8363 1.28932 0.0197538 -7.19171 0 4 0 0 -7.64308  -7.24122 0 3.79071 0 0 -7.73626  -0.0203034 0 0.0290171 0 0 -0.0070481  0.0698118 0 0.18027 0 0 0.100229  0 0 0 0 0 0  
52.3075 1.29853 0.0191884 -7.32711 0 4 0 0 -7.65699  -7.37985 0 3.79314 0 0 -7.76218  -0.0170869 0 0.0272317 0 0 -0.00772822  0.0698275 0 0.179626 0 0 0.112915  0 0 0 0 0 0  
52.7788 1.30721 0.0177114 -7.4898 0 4 0 0 -7.71974  -7.5411 0 3.8156 0 0 -7.81338  -0.0172934 0 0.0244422 0 0 -0.00674526  0.0685932 0 0.159959 0 0 0.100381  0 0 0 0 0 0  
53.25 1.31557 0.0175093 -7.65656 0 4 0 0 -7.79762  -7.69878 0 3.81589 0 0 -7.88431  -0.0200624 0 0.023581 0 0 -0.00797439  0.0622782 0 0.160532 0 0 0.094663  0 0 0 0 0 0  
53.7212 1.32375 0.0169768 -7.80843 0 4 0 0 -7.74239  -7.85458 0 3.82022 0 0 -7.82822  -0.0230261 0 0.0211834 0 0 -0.0108714  0.0691826 0 0.158597 0 0 0.0966955  0 0 0 0 0 0  
54.1925 1.33172 0.016734 -7.91146 0 4 0 0 -7.68981  -7.95886 0 3.81838 0 0 -7.78413  -0.02151 0 0.0203138 0 0 -0.00874956  0.0689039 0 0.161302 0 0 0.103069  0 0 0 0 0 0  
54.6637 1.33978 0.0171573 -8.03854 0 4 0 0 -7.65088  -8.08517 0 3.81401 0 0 -7.73954  -0.0207249 0 0.0222367 0 0 -0.00659649  0.0673544 0 0.163758 0 0 0.095258  0 0 0 0 0 0  
55.135 1.34807 0.0173618 -8.19717 0 4 0 0 -7.68616  -8.2363 0 3.81809 0 0 -7.76204  -0.018327 0 0.0242058 0 0 -0.0109465  0.0574554 0 0.157704 0 0 0.0868252  0 0 0 0 0 0  
55.6062 1.35645 0.0177719 -8.39075 0 4 0 0 -7.67378  -8.43001 0 3.81452 0 0 -7.75009  -0.0187824 0 0.0241743 0 0 -0.0115391  0.0580399 0 0.161301 0 0 0.0878528  0 0 0 0 0 0  
56.0774 1.36487 0.0177849 -8.53894 0 4 0 0 -7.71525  -8.57766 0 3.81007 0 0 -7.80242  -0.0229581 0 0.0228124 0 0 -0.0141841  0.061677 0 0.167114 0 0 0.101351  0 0 0 0 0 0  
56.5487 1.37323 0.0182304 -8.58966 0 4 0 0 -7.74478  -8.62551 0 3.80738 0 0 -7.83047  -0.0240386 0 0.0251364 0 0 -0.0154807  0.0598879 0 0.167487 0 0 0.10117  0 0 0 0 0 0  
57.0199 1.38181 0.018349 -8.63266 0 4 0 0 -7.73356  -8.66892 0 3.80004 0 0 -7.82168  -0.0236541 0 0.0260047 0 0 -0.0171853  0.0599121 0 0.17395 0 0 0.105306  0 0 0 0 0 0  
57.4911 1.39052 0.0189304 -8.58353 0 4 0 0 -7.82421  -8.62204 0 3.79694 0 0 -7.90656  -0.0234125 0 0.0263198 0 0 -0.0194803  0.0619275 0 0.176739 0 0 0.101824  0 0 0 0 0 0  
57.9624 1.39931 0.0187186 -8.60491 0 4 0 0 -7.80742  -8.64024 0 3.80268 0 0 -7.88194  -0.0169958 0 0.0268555 0 0 -0.0131512  0.052328 0 0.170464 0 0 0.087675  0 0 0 0 0 0  
58.4336 1.40812 0.0193536 -8.58513 0 4 0 0 -7.80806  -8.62072 0 3.79384 0 0 -7.89251  -0.0219609 0 0.0276797 0 0 -0.0222463  0.0575539 0 0.178482 0 0 0.106691  0 0 0 0 0 0  
58.9049 1.41713 0.0190581 -8.51447 0 4 0 0 -7.93358  -8.54851 0 3.79822 0 0 -8.01753  -0.0220856 0 0.0258724 0 0 -0.0171485  0.0561221 0 0.175913 0 0 0.101104  0 0 0 0 0 0  
59.3761 1.42588 0.0186929 -8.41423 0 4 0 0 -7.98629  -8.44612 0 3.79665 0 0 -8.05886  -0.0203963 0 0.0285853 0 0 -0.0158863  0.0522882 0 0.174767 0 0 0.0884581  0 0 0 0 0 0  
59.8473 1.43449 0.0183967 -8.38314 0 4 0 0 -8.00156  -8.40259 0 3.79871 0 0 -8.07287  -0.0191324 0 0.0277704 0 0 -0.0149448  0.0385887 0 0.173521 0 0 0.0862565  0 0 0 0 0 0  
60.3186 1.44324 0.0185219 -8.47356 0 4 0 0 -7.95484  -8.50516 0 3.79527 0 0 -8.03474  -0.0189936 0 0.0283124 0 0 -0.0196587  0.0505961 0 0.176421 0 0 0.0995597  0 0 0 0 0 0  
60.7898 1.45196 0.0179425 -8.61312 0 4 0 0 -7.93496  -8.64046 0 3.79681 0 0 -8.00368  -0.0193815 0 0.0299063 0 0 -0.0220037  0.0467261 0 0.173288 0 0 0.090731  0 0 0 0 0 0  
61.2611 1.46034 0.018092 -8.7231 0 4 0 0 -7.92205  -8.74383 0 3.79823 0 0 -7.9777  -0.0182394 0 0.0321683 0 0 -0.0212439  0.0389649 0 0.169599 0 0 0.0768925  0 0 0 0 0 0  
61.7323 1.46896 0.0187886 -8.72009 0 4 0 0 -7.85906  -8.74475 0 3.79756 0 0 -7.9064  -0.0136144 0 0.0321726 0 0 -0.0205647  0.0382804 0 0.170268 0 0 0.0679095  0 0 0 0 0 0  
62.2035 1.47788 0.0189732 -8.60119 0 4 0 0 -7.76908  -8.62742 0 3.79445 0 0 -7.81184  -0.0138954 0 0.0314951 0 0 -0.0200583  0.0401338 0 0.174057 0 0 0.0628108  0 0 0 0 0 0  
62.6748 1.48704 0.0205114 -8.43656 0 4 0 0 -7.52357  -8.48064 0 3.77765 0 0 -7.57192  -0.0121549 0 0.0341528 0 0 -0.024208  0.0562342 0 0.188195 0 0 0.0725548  0 0 0 0 0 0  
63.146 1.49683 0.0214828 -8.19086 0 4 0 0 -7.23657  -8.2401 0 3.76079 0 0 -7.30033  -0.0162422 0 0.0363105 0 0 -0.0300979  0.0654813 0 0.202901 0 0 0.0938631  0 0 0 0 0 0  
63.6173 1.50704 0.0212741 -8.04943 0 4 0 0 -6.98919  -8.09701 0 3.73427 0 0 -7.07122  -0.0219438 0 0.0375029 0 0 -0.0289035  0.0695228 0 0.228225 0 0 0.110931  0 0 0 0 0 0  
64.0885 1.51713 0.0215215 -7.99416 0 4 0 0 -7.01006  -8.05962 0 3.71945 0 0 -7.08754  -0.025801 0 0.0404241 0 0 -0.0251274  0.0912586 0 0.240126 0 0 0.102605  0 0 0 0 0 0  
64.5597 1.52744 0.0216477 -8.14987 0 4 0 0 -7.0433  -8.21303 0 3.74016 0 0 -7.1333  -0.0191679 0 0.0391547 0 0 -0.0188827  0.0823276 0 0.220686 0 0 0.108875  0 0 0 0 0 0  
65.031 1.53755 0.0221121 -8.11988 0 4 0 0 -7.1636  -8.18785 0 3.74035 0 0 -7.26843  -0.022879 0 0.0404761 0 0 -0.0202505  0.0908569 0 0.219175 0 0 0.125086  0 0 0 0 0 0  
65.5022 1.54785 0.0220372 -7.95612 0 4 0 0 -7.36473  -8.02052 0 3.73841 0 0 -7.45983  -0.0252314 0 0.0422393 0 0 -0.0190354  0.0896222 0 0.21935 0 0 0.114134  0 0 0 0 0 0  
65.9734 1.55829 0.0218222 -7.81175 0 4 0 0 -7.45803  -7.86016 0 3.7406 0 0 -7.5527  -0.0282154 0 0.0432171 0 0 -0.020926  0.0766288 0 0.21618 0 0 0.115589  0 0 0 0 0 0  
66.4447 1.5684 0.0216717 -7.50483 0 4 0 0 -7.36516  -7.5623 0 3.74115 0 0 -7.47709  -0.0320928 0 0.0381944 0 0 -0.0230479  0.0895625 0 0.220653 0 0 0.134976  0 0 0 0 0 0  
66.9159 1.57836 0.0210849 -7.20546 0 4 0 0 -7.23199  -7.25984 0 3.75142 0 0 -7.33522  -0.0336354 0 0.0376457 0 0 -0.0192854  0.0880216 0 0.210939 0 0 0.122511  0 0 0 0 0 0  
67.3872 1.58864 0.0223835 -7.11055 0 4 0 0 -7.12907  -7.16167 0 3.73002 0 0 -7.227  -0.0337982 0 0.0423801 0 0 -0.0243199  0.0849178 0 0.227596 0 0 0.122249  0 0 0 0 0 0  
67.8584 1.59929 0.0227096 -6.97474 0 4 0 0 -7.00779  -7.01675 0 3.72613 0 0 -7.10254  -0.034738 0 0.0469886 0 0 -0.0220752  0.0767485 0 0.226886 0 0 0.116824  0 0 0 0 0 0  
68.3296 1.60998 0.0223248 -6.86523 0 4 0 0 -6.95417  -6.90001 0 3.72588 0 0 -7.03802  -0.0388174 0 0.0480877 0 0 -0.0257342  0.0736 0 0.226029 0 0 0.109582  0 0 0 0 0 0  
68.8009 1.62059 0.0225515 -6.82137 0 4 0 0 -6.74054  -6.88616 0 3.71783 0 0 -6.85041  -0.0413828 0 0.041988 0 0 -0.0283877  0.10617 0 0.240185 0 0 0.13826  0 0 0 0 0 0  
69.2721 1.63131 0.0233021 -6.89131 0 4 0 0 -6.73553  -6.96703 0 3.7126 0 0 -6.84952  -0.0416689 0 0.0393046 0 0 -0.0273934  0.117388 0 0.2481 0 0 0.141385  0 0 0 0 0 0  
69.7434 1.64262 0.02449 -7.00095 0 4 0 0 -6.67162  -7.07841 0 3.69912 0 0 -6.78765  -0.036758 0 0.0411059 0 0 -0.0246021  0.114224 0 0.25977 0 0 0.140635  0 0 0 0 0 0  
70.2146 1.65477 0.0268043 -6.94271 0 4 0 0 -6.44761  -7.04133 0 3.64701 0 0 -6.60671  -0.04105 0 0.0394239 0 0 -0.0381851  0.139675 0 0.313565 0 0 0.197282  0 0 0 0 0 0  
70.6858 1.66772 0.0277172 -6.84887 0 4 0 0 -6.14143  -6.9678 0 3.6262 0 0 -6.32731  -0.0443317 0 0.0405394 0 0 -0.0354033  0.16326 0 0.333262 0 0 0.221287  0 0 0 0 0 0  
71.1571 1.68098 0.028634 -6.61276 0 4 0 0 -5.96626  -6.74632 0 3.60277 0 0 -6.18285  -0.0411668 0 0.0419795 0 0 -0.0327108  0.174728 0 0.355255 0 0 0.249309  0 0 0 0 0 0  
71.6283 1.69486 0.0298064 -6.45345 0 4 0 0 -5.5905  -6.59886 0 3.57596 0 0 -5.83102  -0.0405079 0 0.0474149 0 0 -0.0239595  0.185913 0 0.376621 0 0 0.264474  0 0 0 0 0 0  
72.0996 1.70922 0.0309813 -6.45572 0 4 0 0 -5.46367  -6.61976 0 3.56477 0 0 -5.72539  -0.0379319 0 0.0453338 0 0 -0.0238666  0.201972 0 0.389893 0 0 0.285584  0 0 0 0 0 0  
72.5708 1.72362 0.0308422 -6.59508 0 4 0 0 -5.5511  -6.73213 0 3.56837 0 0 -5.79282  -0.0363984 0 0.0493128 0 0 -0.0222838  0.173455 0 0.382315 0 0 0.264003  0 0 0 0 0 0  
73.042 1.738 0.0299682 -6.76392 0 4 0 0 -5.64324  -6.88985 0 3.58012 0 0 -5.8569  -0.0399498 0 0.05312 0 0 -0.034236  0.165881 0 0.366762 0 0 0.247895  0 0 0 0 0 0  
73.5133 1.7525 0.0311543 -6.78335 0 4 0 0 -5.77729  -6.92155 0 3.56669 0 0 -6.00408  -0.040349 0 0.0554189 0 0 -0.0333218  0.178543 0 0.377888 0 0 0.260109  0 0 0 0 0 0  
73.9845 1.76732 0.0319341 -6.97385 0 4 0 0 -6.03772  -7.11997 0 3.57997 0 0 -6.25027  -0.0341426 0 0.0564278 0 0 -0.0379242  0.180264 0 0.363601 0 0 0.250473  0 0 0 0 0 0  
74.4557 1.78241 0.0317262 -7.01828 0 4 0 0 -6.17184  -7.15522 0 3.57659 0 0 -6.38642  -0.0379894 0 0.0565068 0 0 -0.0289493  0.174926 0 0.366899 0 0 0.243532  0 0 0 0 0 0  
74.927 1.7973 0.0313843 -7.00289 0 4 0 0 -6.30154  -7.12832 0 3.58861 0 0 -6.49475  -0.0442752 0 0.0514683 0 0 -0.0364527  0.169699 0 0.359923 0 0 0.229664  0 0 0 0 0 0  
75.3982 1.81222 0.0317581 -7.01497 0 4 0 0 -6.29298  -7.14693 0 3.58033 0 0 -6.47762  -0.0421053 0 0.0492941 0 0 -0.0470269  0.174063 0 0.370374 0 0 0.231666  0 0 0 0 0 0  
75.8695 1.82652 0.0293655 -6.99413 0 4 0 0 -6.1962  -7.1161 0 3.60803 0 0 -6.35609  -0.038455 0 0.0461867 0 0 -0.0507036  0.160422 0 0.345786 0 0 0.210594  0 0 0 0 0 0  
76.3407 1.84015 0.0289458 -6.96938 0 4 0 0 -6.06531  -7.0911 0 3.61678 0 0 -6.21935  -0.0397806 0 0.0431711 0 0 -0.0499758  0.161494 0 0.340049 0 0 0.204013  0 0 0 0 0 0  
76.8119 1.85373 0.0289825 -7.09118 0 4 0 0 -6.02358  -7.20233 0 3.62905 0 0 -6.16696  -0.0418894 0 0.0442016 0 0 -0.045594  0.15304 0 0.326744 0 0 0.188968  0 0 0 0 0 0  
77.2832 1.86733 0.0295094 -7.16521 0 4 0 0 -5.89299  -7.27872 0 3.62497 0 0 -6.0537  -0.0342942 0 0.0458671 0 0 -0.0418482  0.147809 0 0.329158 0 0 0.202555  0 0 0 0 0 0  
77.7544 1.88163 0.0312564 -7.17512 0 4 0 0 -5.76005  -7.27986 0 3.59274 0 0 -5.93151  -0.0500463 0 0.0489857 0 0 -0.0514718  0.154781 0 0.358272 0 0 0.22293  0 0 0 0 0 0  
78.2257 1.89664 0.0327692 -7.06573 0 4 0 0 -5.67493  -7.17407 0 3.57908 0 0 -5.85044  -0.057517 0 0.0479079 0 0 -0.0516287  0.165852 0 0.37301 0 0 0.227142  0 0 0 0 0 0  
78.6969 1.91183 0.0319807 -7.04655 0 4 0 0 -5.51002  -7.15751 0 3.56931 0 0 -5.71254  -0.0598374 0 0.0476025 0 0 -0.0512994  0.1708 0 0.383089 0 0 0.253815  0 0 0 0 0 0  
79.1681 1.92715 0.0330744 -7.17331 0 4 0 0 -5.51309  -7.28065 0 3.57006 0 0 -5.69819  -0.0568614 0 0.049009 0 0 -0.0467881  0.164204 0 0.380934 0 0 0.231885  0 0 0 0 0 0  
79.6394 1.94253 0.0317364 -7.15893 0 4 0 0 -5.39148  -7.23678 0 3.58743 0 0 -5.55043  -0.0560752 0 0.0464527 0 0 -0.0529697  0.133927 0 0.366118 0 0 0.211918  0 0 0 0 0 0  
80.1106 1.95749 0.0314894 -7.12727 0 4 0 0 -5.40322  -7.20903 0 3.58217 0 0 -5.55089  -0.0593758 0 0.0484621 0 0 -0.0642095  0.141137 0 0.369364 0 0 0.211884  0 0 0 0 0 0  
80.5819 1.97185 0.0289962 -7.24803 0 4 0 0 -5.62614  -7.32747 0 3.62066 0 0 -5.76343  -0.0454461 0 0.0457625 0 0 -0.0513453  0.124894 0 0.333576 0 0 0.188638  0 0 0 0 0 0  
81.0531 1.98536 0.0285443 -7.37549 0 4 0 0 -6.00664  -7.48381 0 3.62034 0 0 -6.13555  -0.0448578 0 0.0406608 0 0 -0.0483493  0.153177 0 0.338997 0 0 0.177263  0 0 0 0 0 0  
81.5243 1.99842 0.0270204 -7.61805 0 4 0 0 -6.26483  -7.7088 0 3.64927 0 0 -6.36613  -0.0380381 0 0.0438448 0 0 -0.0484585  0.128789 0 0.306882 0 0 0.149759  0 0 0 0 0 0  
81.9956 2.01106 0.0264132 -7.76452 0 4 0 0 -6.54746  -7.84014 0 3.66955 0 0 -6.62704  -0.0411545 0 0.0463829 0 0 -0.0535174  0.116779 0 0.284067 0 0 0.133105  0 0 0 0 0 0  
82.4668 2.02356 0.0264273 -7.84088 0 4 0 0 -6.7527  -7.9095 0 3.67533 0 0 -6.83828  -0.0438925 0 0.0425614 0 0 -0.0528903  0.112515 0 0.282113 0 0 0.138477  0 0 0 0 0 0  
82.938 2.0359 0.0263959 -7.90184 0 4 0 0 -6.89813  -7.95838 0 3.69147 0 0 -6.97095  -0.0391072 0 0.0437506 0 0 -0.0450833  0.0956446 0 0.264779 0 0 0.117906  0 0 0 0 0 0  
83.4093 2.04813 0.0254733 -7.97879 0 4 0 0 -6.9224  -8.02357 0 3.7069 0 0 -6.98797  -0.0317223 0 0.0408287 0 0 -0.0353668  0.0764941 0 0.252268 0 0 0.100934  0 0 0 0 0 0  
83.8805 2.06025 0.0258466 -7.93832 0 4 0 0 -6.82056  -7.98669 0 3.69392 0 0 -6.88345  -0.0273057 0 0.0425273 0 0 -0.0252331  0.0756711 0 0.263549 0 0 0.088126  0 0 0 0 0 0  
84.3518 2.07231 0.0257993 -7.93966 0 4 0 0 -6.58967  -8.00063 0 3.68955 0 0 -6.67492  -0.0283683 0 0.0414445 0 0 -0.0271155  0.0893415 0 0.269003 0 0 0.112366  0 0 0 0 0 0  
84.823 2.0846 0.0265837 -7.86116 0 4 0 0 -6.61518  -7.92619 0 3.66743 0 0 -6.71264  -0.032303 0 0.0387686 0 0 -0.0362395  0.097335 0 0.293803 0 0 0.133694  0 0 0 0 0 0  
85.2942 2.09757 0.027721 -7.87117 0 4 0 0 -6.91557  -7.93556 0 3.65651 0 0 -7.01046  -0.0369088 0 0.0430678 0 0 -0.0396363  0.101305 0 0.300419 0 0 0.134524  0 0 0 0 0 0  
85.7655 2.11053 0.0275387 -7.80687 0 4 0 0 -7.1327  -7.87141 0 3.66846 0 0 -7.23074  -0.0388645 0 0.0443166 0 0 -0.0397192  0.103411 0 0.287224 0 0 0.137762  0 0 0 0 0 0  
86.2367 2.12358 0.0278117 -7.81871 0 4 0 0 -7.31995  -7.87304 0 3.66862 0 0 -7.39979  -0.0332437 0 0.0451871 0 0 -0.0400308  0.0875687 0 0.286191 0 0 0.119867  0 0 0 0 0 0  
86.708 2.13629 0.0263029 -7.90939 0 4 0 0 -7.45415  -7.94938 0 3.69644 0 0 -7.51691  -0.0335992 0 0.0438595 0 0 -0.0393089  0.0735882 0 0.2597 0 0 0.102072  0 0 0 0 0 0  
87.1792 2.14853 0.0253658 -8.02236 0 4 0 0 -7.45732  -8.06122 0 3.71588 0 0 -7.52479  -0.0340481 0 0.0409971 0 0 -0.0348289  0.0729002 0 0.243123 0 0 0.1023  0 0 0 0 0 0  
87.6504 2.16022 0.024343 -8.17337 0 4 0 0 -7.50239  -8.20829 0 3.73257 0 0 -7.56377  -0.0254411 0 0.040194 0 0 -0.0269502  0.0603672 0 0.227233 0 0 0.0883263  0 0 0 0 0 0  
88.1217 2.17132 0.0233087 -8.33341 0 4 0 0 -7.49791  -8.37289 0 3.73885 0 0 -7.56076  -0.0238771 0 0.0396539 0 0 -0.0173603  0.0633624 0 0.221499 0 0 0.0802135  0 0 0 0 0 0  
88.5929 2.18218 0.0227756 -8.45003 0 4 0 0 -7.43155  -8.47621 0 3.74694 0 0 -7.4934  -0.0234214 0 0.0403747 0 0 -0.0143944  0.0496029 0 0.212685 0 0 0.0762541  0 0 0 0 0 0  
89.0642 2.19274 0.0220688 -8.51376 0 4 0 0 -7.34727  -8.5512 0 3.75452 0 0 -7.41337  -0.0272831 0 0.0362581 0 0 -0.0152999  0.0647204 0 0.209225 0 0 0.0814076  0 0 0 0 0 0  
89.5354 2.20306 0.0220649 -8.5489 0 4 0 0 -7.31745  -8.60631 0 3.75004 0 0 -7.39306  -0.0263271 0 0.0370525 0 0 -0.014615  0.0837393 0 0.212912 0 0 0.0902194  0 0 0 0 0 0  
90.0066 2.21336 0.0220466 -8.49883 0 4 0 0 -7.41273  -8.55785 0 3.75748 0 0 -7.49493  -0.0289005 0 0.0329631 0 0 -0.0182169  0.0879155 0 0.209562 0 0 0.100424  0 0 0 0 0 0  
90.4779 2.22373 0.022029 -8.3845 0 4 0 0 -7.56973  -8.4387 0 3.75426 0 0 -7.64981  -0.0272316 0 0.0339445 0 0 -0.01851  0.081435 0 0.211793 0 0 0.0985928  0 0 0 0 0 0  
90.9491 2.23467 0.0237666 -8.24195 0 4 0 0 -7.61685  -8.30035 0 3.73383 0 0 -7.70778  -0.0325655 0 0.0389031 0 0 -0.0207836  0.0909715 0 0.227265 0 0 0.11171  0 0 0 0 0 0  
91.4203 2.246 0.0242657 -8.12246 0 4 0 0 -7.7236  -8.18258 0 3.73248 0 0 -7.80459  -0.0306528 0 0.040127 0 0 -0.0271411  0.090779 0 0.227389 0 0 0.108123  0 0 0 0 0 0  
91.8916 2.25725 0.023703 -8.106 0 4 0 0 -7.83982  -8.15949 0 3.74656 0 0 -7.92882  -0.0327855 0 0.0375779 0 0 -0.0182847  0.0862777 0 0.215858 0 0 0.107287  0 0 0 0 0 0  
92.3628 2.26857 0.0237084 -8.21642 0 4 0 0 -7.94713  -8.28115 0 3.74182 0 0 -8.04859  -0.0267565 0 0.0356295 0 0 -0.0120921  0.0914962 0 0.222552 0 0 0.113558  0 0 0 0 0 0  
92.8341 2.27952 0.0225834 -8.32612 0 4 0 0 -8.00011  -8.38416 0 3.7489 0 0 -8.07998  -0.019492 0 0.0345542 0 0 -0.0178899  0.0775323 0 0.21655 0 0 0.0977599  0 0 0 0 0 0  
93.3053 2.29021 0.0224398 -8.21722 0 4 0 0 -8.07001  -8.28318 0 3.74756 0 0 -8.1526  -0.0226402 0 0.0326162 0 0 -0.0231637  0.0886037 0 0.219828 0 0 0.105753  0 0 0 0 0 0  
93.7765 2.30089 0.0227066 -8.23478 0 4 0 0 -8.1244  -8.28988 0 3.74533 0 0 -8.19527  -0.0227493 0 0.0336769 0 0 -0.0175672  0.0778454 0 0.220998 0 0 0.0884392  0 0 0 0 0 0  
94.2478 2.31156 0.0225531 -8.20926 0 4 0 0 -8.40996  -8.2572 0 3.7431 0 0 -8.4843  -0.0231608 0 0.0373928 0 0 -0.0121531  0.0710977 0 0.219511 0 0 0.0864922  0 0 0 0 0 0  
94.719 2.32163 0.0206913 -8.32762 0 4 0 0 -8.48963  -8.36627 0 3.7638 0 0 -8.55004  -0.0186175 0 0.0383911 0 0 -0.0141442  0.057266 0 0.197805 0 0 0.0745534  0 0 0 0 0 0  
95.1903 2.33142 0.0200804 -8.42019 0 4 0 0 -8.47411  -8.43924 0 3.77331 0 0 -8.52116  -0.0212886 0 0.0386088 0 0 -0.0121682  0.0403467 0 0.188077 0 0 0.0592222  0 0 0 0 0 0  
95.6615 2.34074 0.0191636 -8.57671 0 4 0 0 -8.52256  -8.59345 0 3.79764 0 0 -8.5659  -0.0247993 0 0.0383702 0 0 -0.0156742  0.041541 0 0.163987 0 0 0.0590224  0 0 0 0 0 0  
96.1327 2.34963 0.0181324 -8.89712 0 4 0 0 -8.44726  -8.91661 0 3.81516 0 0 -8.49326  -0.0178341 0 0.0325624 0 0 -0.00664454  0.0373184 0 0.152278 0 0 0.0526459  0 0 0 0 0 0  
96.604 2.35788 0.0172467 -9.16284 0 4 0 0 -8.5779  -9.17516 0 3.83016 0 0 -8.62057  -0.0153249 0 0.028372 0 0 -0.00232419  0.02765 0 0.14147 0 0 0.0449886  0 0 0 0 0 0  
97.0752 2.36605 0.0169423 -9.23599 0 4 0 0 -8.63899  -9.25514 0 3.84114 0 0 -8.68551  -0.0129395 0 0.0269995 0 0 -0.00485831  0.0320826 0 0.131862 0 0 0.0513704  0 0 0 0 0 0  
97.5465 2.37407 0.0172912 -9.23656 0 4 0 0 -8.63607  -9.25502 0 3.82892 0 0 -8.68637  -0.0138072 0 0.029384 0 0 -0.00860395  0.0322696 0 0.141699 0 0 0.058898  0 0 0 0 0 0  
98.0177 2.38238 0.0179614 -9.09525 0 4 0 0 -8.49428  -9.11606 0 3.81806 0 0 -8.54289  -0.0168359 0 0.0315794 0 0 -0.0136656  0.0376441 0 0.150361 0 0 0.0622764  0 0 0 0 0 0  
98.4889 2.391 0.0186381 -8.99631 0 4 0 0 -8.49179  -9.01557 0 3.80134 0 0 -8.53356  -0.0151291 0 0.033813 0 0 -0.0168693  0.0343885 0 0.164845 0 0 0.0586386  0 0 0 0 0 0  
98.9602 2.40002 0.0192682 -8.9294 0 4 0 0 -8.52592  -8.95095 0 3.79025 0 0 -8.57653  -0.0137426 0 0.0330502 0 0 -0.0182952  0.0352925 0 0.176699 0 0 0.0689104  0 0 0 0 0 0  
99.4314 2.40923 0.0201335 -8.84491 0 4 0 0 -8.51124  -8.86599 0 3.77826 0 0 -8.5655  -0.0140395 0 0.0357786 0 0 -0.0215941  0.0351174 0 0.185965 0 0 0.0758569  0 0 0 0 0 0  
99.9026 2.41882 0.0208001 -8.73978 0 4 0 0 -8.46691  -8.7699 0 3.76741 0 0 -8.51989  -0.016831 0 0.038888 0 0 -0.0244298  0.0469469 0 0.193703 0 0 0.0774098  0 0 0 0 0 0  
100.374 2.42879 0.0214586 -8.60563 0 4 0 0 -8.51255  -8.66284 0 3.7536 0 0 -8.57658  -0.0205631 0 0.040149 0 0 -0.0256822  0.0777798 0 0.206253 0 0 0.089708  0 0 0 0 0 0  
100.845 2.439 0.0220616 -8.50775 0 4 0 0 -8.5317  -8.57333 0 3.74491 0 0 -8.60366  -0.0173092 0 0.0409118 0 0 -0.0230656  0.0828863 0 0.214182 0 0 0.0950265  0 0 0 0 0 0  
101.316 2.44979 0.023897 -8.37317 0 4 0 0 -8.54956  -8.44408 0 3.72826 0 0 -8.62678  -0.0235763 0 0.0425693 0 0 -0.0277055  0.0944866 0 0.229173 0 0 0.104927  0 0 0 0 0 0  
101.788 2.46113 0.0244612 -8.17712 0 4 0 0 -8.43035  -8.2473 0 3.71509 0 0 -8.50903  -0.0280779 0 0.0433938 0 0 -0.027313  0.0982494 0 0.241519 0 0 0.105993  0 0 0 0 0 0  
102.259 2.47252 0.0239683 -7.92804 0 4 0 0 -8.21198  -8.00157 0 3.70914 0 0 -8.29204  -0.0289219 0 0.042166 0 0 -0.0207091  0.102457 0 0.248698 0 0 0.100764  0 0 0 0 0 0  
102.73 2.48437 0.0257369 -7.58164 0 4 0 0 -7.8472  -7.65885 0 3.68088 0 0 -7.93809  -0.0395777 0 0.045948 0 0 -0.0246646  0.116794 0 0.273171 0 0 0.115559  0 0 0 0 0 0  
103.201 2.49643 0.0254114 -7.27979 0 4 0 0 -7.62215  -7.3706 0 3.68058 0 0 -7.72782  -0.0467332 0 0.0394373 0 0 -0.0344966  0.137549 0 0.279978 0 0 0.140167  0 0 0 0 0 0  
103.673 2.50857 0.0253122 -7.14298 0 4 0 0 -7.63704  -7.23287 0 3.68454 0 0 -7.74382  -0.0456857 0 0.0428289 0 0 -0.0305133  0.135584 0 0.27263 0 0 0.137291  0 0 0 0 0 0  
104.144 2.52045 0.0253914 -7.13243 0 4 0 0 -7.64672  -7.22427 0 3.691 0 0 -7.76256  -0.0369471 0 0.0386437 0 0 -0.0361222  0.128779 0 0.270353 0 0 0.151965  0 0 0 0 0 0  
104.615 2.53244 0.0256586 -7.17104 0 4 0 0 -7.67339  -7.27267 0 3.69335 0 0 -7.80856  -0.0338943 0 0.0363601 0 0 -0.0393891  0.135519 0 0.270292 0 0 0.174556  0 0 0 0 0 0  
105.086 2.54497 0.0273377 -7.241 0 4 0 0 -7.69423  -7.33843 0 3.67551 0 0 -7.81873  -0.0338173 0 0.0406307 0 0 -0.0409756  0.131252 0 0.283858 0 0 0.165475  0 0 0 0 0 0  
105.558 2.55748 0.0261272 -7.32255 0 4 0 0 -7.83634  -7.41062 0 3.69728 0 0 -7.95101  -0.0251633 0 0.0405528 0 0 -0.0329633  0.113238 0 0.262171 0 0 0.147629  0 0 0 0 0 0  
106.029 2.56935 0.0247469 -7.44263 0 4 0 0 -8.0299  -7.51772 0 3.71276 0 0 -8.12269  -0.0228053 0 0.0387114 0 0 -0.0316845  0.0978904 0 0.248528 0 0 0.124469  0 0 0 0 0 0  
106.5 2.58076 0.0232965 -7.39755 0 4 0 0 -8.21803  -7.4634 0 3.7343 0 0 -8.30034  -0.0218997 0 0.035826 0 0 -0.0214941  0.0877497 0 0.229872 0 0 0.103811  0 0 0 0 0 0  
106.971 2.59174 0.0231695 -7.49496 0 4 0 0 -8.21542  -7.56207 0 3.73917 0 0 -8.28879  -0.0216562 0 0.0342227 0 0 -0.0175567  0.088766 0 0.226604 0 0 0.0909294  0 0 0 0 0 0  
107.442 2.60274 0.0231961 -7.51547 0 4 0 0 -8.38707  -7.59588 0 3.74057 0 0 -8.46011  -0.0196238 0 0.0354592 0 0 -0.017212  0.100028 0 0.223966 0 0 0.090249  0 0 0 0 0 0  
107.914 2.61365 0.0230364 -7.52819 0 4 0 0 -8.66517  -7.60562 0 3.74357 0 0 -8.74898  -0.0186716 0 0.0354923 0 0 -0.0171564  0.0960992 0 0.220937 0 0 0.100962  0 0 0 0 0 0  
108.385 2.62424 0.0217723 -7.62068 0 4 0 0 -8.8811  -7.69 0 3.76581 0 0 -8.95574  -0.018983 0 0.0340338 0 0 -0.0154917  0.0883056 0 0.200154 0 0 0.0901332  0 0 0 0 0 0  
108.856 2.6347 0.0223873 -7.84415 0 4 0 0 -8.90307  -7.91641 0 3.76482 0 0 -8.98118  -0.0164053 0 0.0353834 0 0 -0.0141267  0.0886631 0 0.199795 0 0 0.0922388  0 0 0 0 0 0  
109.327 2.64502 0.0217671 -7.98322 0 4 0 0 -8.9367  -8.05157 0 3.77442 0 0 -9.01487  -0.0150582 0 0.0343377 0 0 -0.0126432  0.0834111 0 0.191247 0 0 0.0908143  0 0 0 0 0 0  
109.799 2.6552 0.021711 -8.18293 0 4 0 0 -8.9456  -8.24674 0 3.76731 0 0 -9.01861  -0.0224822 0 0.0339727 0 0 -0.0147643  0.0862909 0 0.198718 0 0 0.0877764  0 0 0 0 0 0  
110.27 2.66551 0.0220551 -8.25501 0 4 0 0 -8.8434  -8.31261 0 3.76083 0 0 -8.91167  -0.0143545 0 0.0357866 0 0 -0.00716089  0.0719537 0 0.203382 0 0 0.0754296  0 0 0 0 0 0  
110.741 2.67561 0.0210179 -8.28025 0 4 0 0 -8.77982  -8.33174 0 3.76442 0 0 -8.84971  -0.0152288 0 0.0346357 0 0 -0.00125662  0.066713 0 0.200942 0 0 0.0711467  0 0 0 0 0 0  
111.212 2.6855 0.0206912 -8.37719 0 4 0 0 -8.7868  -8.43514 0 3.76387 0 0 -8.86797  -0.0139056 0 0.0346384 0 0 -0.00040959  0.071856 0 0.201493 0 0 0.0815806  0 0 0 0 0 0  
111.684 2.69508 0.0200664 -8.50432 0 4 0 0 -9.02322  -8.55743 0 3.76897 0 0 -9.09967  -0.0139009 0 0.0341775 0 0 -0.00351563  0.0670132 0 0.196849 0 0 0.0799647  0 0 0 0 0 0  
112.155 2.70438 0.0198271 -8.51465 0 4 0 0 -9.08068  -8.57159 0 3.77329 0 0 -9.15643  -0.0101935 0 0.0328754 0 0 -0.0013774  0.0671362 0 0.19383 0 0 0.0771259  0 0 0 0 0 0  
112.626 2.71371 0.0202747 -8.57463 0 4 0 0 -9.17693  -8.62857 0 3.76974 0 0 -9.26028  -0.00910815 0 0.0329605 0 0 -0.00031777  0.0630508 0 0.197295 0 0 0.0836662  0 0 0 0 0 0  
113.097 2.72327 0.0200915 -8.58868 0 4 0 0 -9.02837  -8.63765 0 3.76698 0 0 -9.10317  -0.0113843 0 0.0342721 0 0 0.000613443  0.0603569 0 0.19875 0 0 0.07419  0 0 0 0 0 0  
113.569 2.73261 0.0196671 -8.6542 0 4 0 0 -8.83801  -8.70511 0 3.77537 0 0 -8.90498  -0.0161919 0 0.034934 0 0 -0.00135152  0.0671025 0 0.189692 0 0 0.0683228  0 0 0 0 0 0  
114.04 2.74179 0.0195564 -8.50013 0 4 0 0 -8.6513  -8.55948 0 3.77289 0 0 -8.7224  -0.015987 0 0.0329353 0 0 -0.00671762  0.0753335 0 0.194175 0 0 0.0778202  0 0 0 0 0 0  
114.511 2.75095 0.0195835 -8.51785 0 4 0 0 -8.56181  -8.57114 0 3.76782 0 0 -8.63231  -0.0186945 0 0.0356468 0 0 -0.00848704  0.0719861 0 0.196531 0 0 0.0789795  0 0 0 0 0 0  
114.982 2.76048 0.0208549 -8.52152 0 4 0 0 -8.29303  -8.58668 0 3.73325 0 0 -8.37885  -0.0249546 0 0.0360668 0 0 -0.0105729  0.0901145 0 0.230685 0 0 0.0963998  0 0 0 0 0 0  
115.454 2.77047 0.0211979 -8.50201 0 4 0 0 -8.1241  -8.56028 0 3.73055 0 0 -8.20041  -0.0207908 0 0.0427712 0 0 -0.01  0.0790616 0 0.226676 0 0 0.0863084  0 0 0 0 0 0  
115.925 2.78037 0.0210336 -8.27686 0 4 0 0 -7.80072  -8.35054 0 3.71608 0 0 -7.90436  -0.0255997 0 0.0439646 0 0 -0.00866791  0.0992792 0 0.239955 0 0 0.112306  0 0 0 0 0 0  
116.396 2.79039 0.0210598 -8.08102 0 4 0 0 -7.60321  -8.17213 0 3.72508 0 0 -7.72226  -0.021494 0 0.0436176 0 0 -0.00374876  0.112598 0 0.231302 0 0 0.12279  0 0 0 0 0 0  
116.867 2.80064 0.0220033 -7.91279 0 4 0 0 -7.56298  -8.0126 0 3.70784 0 0 -7.67981  -0.0249476 0 0.0410044 0 0 -0.012974  0.124757 0 0.25116 0 0 0.129805  0 0 0 0 0 0  
117.338 2.81099 0.0219077 -7.91298 0 4 0 0 -7.67517  -7.99534 0 3.71918 0 0 -7.78067  -0.0233055 0 0.0412775 0 0 -0.00962489  0.105669 0 0.239541 0 0 0.115127  0 0 0 0 0 0  
117.81 2.82132 0.0215592 -7.76808 0 4 0 0 -7.72185  -7.85092 0 3.71444 0 0 -7.82782  -0.0232724 0 0.0383408 0 0 -0.0129903  0.106104 0 0.247224 0 0 0.118962  0 0 0 0 0 0  
118.281 2.83118 0.0201187 -7.49821 0 4 0 0 -7.65937  -7.57893 0 3.72625 0 0 -7.77577  -0.0157043 0 0.0362031 0 0 -0.00878965  0.096431 0 0.237544 0 0 0.125183  0 0 0 0 0 0  
118.752 2.8406 0.0201694 -7.28284 0 4 0 0 -7.64407  -7.35451 0 3.72207 0 0 -7.75167  -0.0187597 0 0.0371443 0 0 -0.0121227  0.0904349 0 0.240787 0 0 0.119718  0 0 0 0 0 0  
119.223 2.85015 0.0201329 -7.21579 0 4 0 0 -7.72594  -7.27131 0 3.73196 0 0 -7.81812  -0.0168528 0 0.0374125 0 0 -0.0157949  0.0723702 0 0.230628 0 0 0.107979  0 0 0 0 0 0  
119.695 2.85998 0.0212424 -7.31564 0 4 0 0 -7.74954  -7.37924 0 3.72836 0 0 -7.84374  -0.0247305 0 0.0382836 0 0 -0.0196093  0.0883315 0 0.233354 0 0 0.113806  0 0 0 0 0 0  
120.166 2.87004 0.0214631 -7.53253 0 4 0 0 -7.71916  -7.59761 0 3.73668 0 0 -7.81891  -0.0205971 0 0.0371622 0 0 -0.0132364  0.0856747 0 0.226163 0 0 0.112992  0 0 0 0 0 0  
120.637 2.87981 0.0201008 -7.82198 0 4 0 0 -7.69318  -7.87865 0 3.76039 0 0 -7.78843  -0.0211952 0 0.0364143 0 0 -0.0131461  0.0778644 0 0.2032 0 0 0.108392  0 0 0 0 0 0  
121.108 2.88904 0.0196177 -8.02609 0 4 0 0 -7.65435  -8.07796 0 3.77268 0 0 -7.73938  -0.0189005 0 0.0351002 0 0 -0.0152819  0.0707679 0 0.192219 0 0 0.100307  0 0 0 0 0 0  
121.58 2.89809 0.0184939 -8.11286 0 4 0 0 -7.51462  -8.16986 0 3.7893 0 0 -7.59537  -0.0168345 0 0.0314421 0 0 -0.0146561  0.0738332 0 0.179262 0 0 0.0954049  0 0 0 0 0 0  
122.051 2.90693 0.0192419 -8.0783 0 4 0 0 -7.20883  -8.15304 0 3.76936 0 0 -7.30521  -0.0131124 0 0.0307174 0 0 -0.0177086  0.0878538 0 0.19992 0 0 0.11409  0 0 0 0 0 0  
122.522 2.91589 0.0191207 -8.07539 0 4 0 0 -7.00154  -8.13855 0 3.77564 0 0 -7.0892  -0.00887598 0 0.0332602 0 0 -0.00665124  0.0720342 0 0.191103 0 0 0.0943119  0 0 0 0 0 0  
122.993 2.92525 0.0206232 -8.23627 0 4 0 0 -6.95096  -8.28528 0 3.76795 0 0 -7.03357  -0.0165379 0 0.0347387 0 0 -0.00806634  0.0655485 0 0.197312 0 0 0.0906727  0 0 0 0 0 0  
123.465 2.93495 0.0208337 -8.28857 0 4 0 0 -6.79827  -8.32899 0 3.76552 0 0 -6.87901  -0.0226566 0 0.0362165 0 0 -0.0102254  0.0630799 0 0.198265 0 0 0.0909641  0 0 0 0 0 0  
123.936 2.94491 0.0217296 -8.40909 0 4 0 0 -6.62448  -8.45774 0 3.75363 0 0 -6.71092  -0.0281316 0 0.0368804 0 0 -0.0101779  0.0767771 0 0.209488 0 0 0.0966198  0 0 0 0 0 0  
124.407 2.95524 0.0223705 -8.47049 0 4 0 0 -6.48948  -8.53407 0 3.74327 0 0 -6.602  -0.0278045 0 0.0370832 0 0 -0.00971068  0.0913819 0 0.219648 0 0 0.122231  0 0 0 0 0 0  
124.878 2.96589 0.0225161 -8.36577 0 4 0 0 -6.61559  -8.44169 0 3.73236 0 0 -6.72524  -0.0268822 0 0.0402293 0 0 -0.0148046  0.102807 0 0.22741 0 0 0.124457  0 0 0 0 0 0  
125.35 2.97646 0.0225988 -8.26222 0 4 0 0 -6.70246  -8.33756 0 3.73095 0 0 -6.8156  -0.0361965 0 0.0383177 0 0 -0.0178537  0.111536 0 0.230734 0 0 0.130989  0 0 0 0 0 0  
125.821 2.98711 0.0223418 -8.04275 0 4 0 0 -6.59269  -8.11616 0 3.72969 0 0 -6.70986  -0.0351526 0 0.0358806 0 0 -0.016835  0.108566 0 0.234428 0 0 0.134004  0 0 0 0 0 0  
126.292 2.99795 0.0237753 -7.85456 0 4 0 0 -6.54089  -7.93093 0 3.71682 0 0 -6.66923  -0.0288264 0 0.0385282 0 0 -0.0118238  0.105193 0 0.244655 0 0 0.140161  0 0 0 0 0 0  
126.763 3.00907 0.0235158 -7.67615 0 4 0 0 -6.56451  -7.7494 0 3.70694 0 0 -6.67739  -0.031146 0 0.0400668 0 0 -0.0235034  0.104389 0 0.252992 0 0 0.136382  0 0 0 0 0 0  
127.235 3.02033 0.0239185 -7.45524 0 4 0 0 -6.55641  -7.5388 0 3.69267 0 0 -6.67968  -0.0289487 0 0.0418605 0 0 -0.0230464  0.112502 0 0.265469 0 0 0.146315  0 0 0 0 0 0  
127.706 3.03197 0.0248838 -7.20906 0 4 0 0 -6.55575  -7.31634 0 3.66948 0 0 -6.68032  -0.0347702 0 0.0427609 0 0 -0.0191859  0.142046 0 0.287757 0 0 0.143751  0 0 0 0 0 0  
128.177 3.04361 0.0253925 -7.00914 0 4 0 0 -6.57549  -7.11088 0 3.66627 0 0 -6.7061  -0.0334068 0 0.0474439 0 0 -0.0218627  0.135146 0 0.286281 0 0 0.152474  0 0 0 0 0 0  
128.648 3.05574 0.0262094 -6.85382 0 4 0 0 -6.54622  -6.96285 0 3.65722 0 0 -6.69146  -0.0388592 0 0.0434031 0 0 -0.021717  0.147895 0 0.299373 0 0 0.166959  0 0 0 0 0 0  
129.119 3.06807 0.0260299 -6.69081 0 4 0 0 -6.34318  -6.81614 0 3.64164 0 0 -6.50733  -0.0408978 0 0.0461634 0 0 -0.0232478  0.166233 0 0.312192 0 0 0.187398  0 0 0 0 0 0  
129.591 3.08054 0.027029 -6.61514 0 4 0 0 -6.30656  -6.75355 0 3.61564 0 0 -6.48349  -0.0373307 0 0.0505989 0 0 -0.0285354  0.175734 0 0.333765 0 0 0.205463  0 0 0 0 0 0  
130.062 3.093 0.026182 -6.55407 0 4 0 0 -6.32548  -6.6957 0 3.61813 0 0 -6.51364  -0.0424248 0 0.0445424 0 0 -0.0336938  0.184051 0 0.33733 0 0 0.221855  0 0 0 0 0 0  
130.533 3.10523 0.0259045 -6.44995 0 4 0 0 -6.30345  -6.58643 0 3.63229 0 0 -6.48486  -0.0426811 0 0.0441137 0 0 -0.0353617  0.17916 0 0.323599 0 0 0.216767  0 0 0 0 0 0  
131.004 3.11709 0.0249471 -6.51408 0 4 0 0 -6.44557  -6.63931 0 3.65028 0 0 -6.61786  -0.0276692 0 0.0420363 0 0 -0.0324019  0.152901 0 0.307685 0 0 0.204685  0 0 0 0 0 0  
131.476 3.12883 0.0246045 -6.63032 0 4 0 0 -6.61971  -6.73647 0 3.67173 0 0 -6.75998  -0.0253958 0 0.0409342 0 0 -0.0279261  0.131545 0 0.287336 0 0 0.168195  0 0 0 0 0 0  
131.947 3.14004 0.0236433 -6.60891 0 4 0 0 -6.73934  -6.7068 0 3.70315 0 0 -6.86023  -0.022612 0 0.0394985 0 0 -0.0210225  0.120493 0 0.257347 0 0 0.141914  0 0 0 0 0 0  
132.418 3.15081 0.0222726 -6.64658 0 4 0 0 -6.84506  -6.72678 0 3.72776 0 0 -6.95577  -0.0233413 0 0.0382324 0 0 -0.0129841  0.103551 0 0.234011 0 0 0.12369  0 0 0 0 0 0  
132.889 3.16116 0.0224467 -6.57663 0 4 0 0 -6.80042  -6.66203 0 3.71547 0 0 -6.92783  -0.0299956 0 0.0381733 0 0 -0.0130069  0.115396 0 0.246361 0 0 0.140419  0 0 0 0 0 0  
133.361 3.17177 0.0228429 -6.56343 0 4 0 0 -6.74655  -6.65541 0 3.70284 0 0 -6.87254  -0.0333351 0 0.0371101 0 0 -0.0215287  0.125314 0 0.260045 0 0 0.14752  0 0 0 0 0 0  
133.832 3.18291 0.0241382 -6.56687 0 4 0 0 -6.71982  -6.64759 0 3.68 0 0 -6.84707  -0.0365612 0 0.0397315 0 0 -0.0190282  0.117281 0 0.280265 0 0 0.146276  0 0 0 0 0 0  
134.303 3.19438 0.0246676 -6.63304 0 4 0 0 -6.68841  -6.72322 0 3.67804 0 0 -6.81093  -0.0359175 0 0.0406646 0 0 -0.0225908  0.126096 0 0.281293 0 0 0.145101  0 0 0 0 0 0  
134.774 3.20582 0.0237697 -6.7568 0 4 0 0 -6.70478  -6.84267 0 3.66635 0 0 -6.83007  -0.0364892 0 0.0446504 0 0 -0.0252009  0.12236 0 0.289005 0 0 0.150488  0 0 0 0 0 0  
135.246 3.21697 0.0235922 -6.86971 0 4 0 0 -6.79599  -6.96954 0 3.67796 0 0 -6.92735  -0.0306065 0 0.0415959 0 0 -0.023133  0.130438 0 0.280447 0 0 0.154489  0 0 0 0 0 0  
135.717 3.22802 0.0231535 -7.03332 0 4 0 0 -6.93556  -7.12608 0 3.69238 0 0 -7.0544  -0.0270607 0 0.0402206 0 0 -0.0229208  0.119819 0 0.267401 0 0 0.141761  0 0 0 0 0 0  
136.188 3.23885 0.0230625 -7.15375 0 4 0 0 -7.0772  -7.24502 0 3.69587 0 0 -7.18089  -0.0334379 0 0.0405255 0 0 -0.0323738  0.124708 0 0.263607 0 0 0.136062  0 0 0 0 0 0  
136.659 3.24965 0.0226779 -7.28059 0 4 0 0 -7.14107  -7.36168 0 3.70742 0 0 -7.24431  -0.0364261 0 0.0373041 0 0 -0.0306985  0.117514 0 0.255274 0 0 0.13394  0 0 0 0 0 0  
137.131 3.26019 0.0228807 -7.34149 0 4 0 0 -7.10573  -7.41625 0 3.70108 0 0 -7.20985  -0.04018 0 0.0400832 0 0 -0.0342412  0.114944 0 0.258834 0 0 0.138365  0 0 0 0 0 0  
137.602 3.27096 0.0227713 -7.31504 0 4 0 0 -7.186  -7.38285 0 3.69934 0 0 -7.27066  -0.0388133 0 0.0439689 0 0 -0.0410483  0.106622 0 0.256695 0 0 0.125709  0 0 0 0 0 0  
138.073 3.28156 0.0225415 -7.2383 0 4 0 0 -7.16621  -7.30406 0 3.7039 0 0 -7.2514  -0.0419639 0 0.0407314 0 0 -0.0357115  0.107729 0 0.255371 0 0 0.1209  0 0 0 0 0 0  
138.544 3.29152 0.0204214 -7.3159 0 4 0 0 -7.27603  -7.37566 0 3.7402 0 0 -7.35575  -0.0292824 0 0.0363845 0 0 -0.0282333  0.0890419 0 0.223413 0 0 0.107961  0 0 0 0 0 0  
139.015 3.30074 0.0187973 -7.33692 0 4 0 0 -7.32572  -7.39494 0 3.76212 0 0 -7.40943  -0.0197446 0 0.0317096 0 0 -0.0203591  0.0777655 0 0.206173 0 0 0.104064  0 0 0 0 0 0  
139.487 3.30922 0.0173697 -7.31144 0 4 0 0 -7.2707  -7.37368 0 3.77884 0 0 -7.35144  -0.0211738 0 0.0290163 0 0 -0.0227534  0.0834133 0 0.192143 0 0 0.103496  0 0 0 0 0 0  
139.958 3.31749 0.0173903 -7.27557 0 4 0 0 -7.16865  -7.33305 0 3.78484 0 0 -7.24598  -0.0174028 0 0.0275003 0 0 -0.0216395  0.0748784 0 0.18766 0 0 0.098974  0 0 0 0 0 0  
140.429 3.3255 0.0169577 -7.25905 0 4 0 0 -7.19386  -7.3127 0 3.79771 0 0 -7.26181  -0.020148 0 0.0268416 0 0 -0.0209113  0.0737978 0 0.175452 0 0 0.0888632  0 0 0 0 0 0  
140.9 3.33343 0.0168094 -7.2863 0 4 0 0 -7.11157  -7.33906 0 3.79431 0 0 -7.17126  -0.017944 0 0.0268616 0 0 -0.0193248  0.0707068 0 0.178828 0 0 0.0790127  0 0 0 0 0 0  
141.372 3.34119 0.0163893 -7.32638 0 4 0 0 -6.96737  -7.37801 0 3.79206 0 0 -7.02516  -0.0176107 0 0.0270043 0 0 -0.0218116  0.0692392 0 0.180935 0 0 0.0795999  0 0 0 0 0 0  
141.843 3.34923 0.0174197 -7.25756 0 4 0 0 -6.96159  -7.30933 0 3.78635 0 0 -7.0194  -0.0178726 0 0.0281712 0 0 -0.0203341  0.0696497 0 0.185483 0 0 0.0781469  0 0 0 0 0 0  
142.314 3.35759 0.0177782 -7.24746 0 4 0 0 -6.96812  -7.30943 0 3.77526 0 0 -7.02656  -0.0216953 0 0.030049 0 0 -0.0243102  0.083666 0 0.194695 0 0 0.0827558  0 0 0 0 0 0  
142.785 3.36606 0.0180997 -7.4411 0 4 0 0 -7.09832  -7.50288 0 3.77821 0 0 -7.15669  -0.0186314 0 0.0299009 0 0 -0.0235699  0.0804084 0 0.191894 0 0 0.0819383  0 0 0 0 0 0  
143.257 3.37439 0.0172571 -7.64859 0 4 0 0 -7.26424  -7.70833 0 3.79246 0 0 -7.31632  -0.0163438 0 0.028169 0 0 -0.0196626  0.076084 0 0.179375 0 0 0.071741  0 0 0 0 0 0  
143.728 3.38269 0.0177014 -7.8238 0 4 0 0 -7.40796  -7.88459 0 3.78942 0 0 -7.45484  -0.0177077 0 0.0278487 0 0 -0.0223426  0.0784964 0 0.182729 0 0 0.0692293  0 0 0 0 0 0  
144.199 3.391 0.0179322 -7.7936 0 4 0 0 -7.38762  -7.84571 0 3.79114 0 0 -7.43331  -0.0222121 0 0.0296605 0 0 -0.0207745  0.0743137 0 0.179201 0 0 0.0664693  0 0 0 0 0 0  
144.67 3.39945 0.0180306 -7.88678 0 4 0 0 -7.28632  -7.93207 0 3.79333 0 0 -7.32999  -0.0234147 0 0.0303798 0 0 -0.0180057  0.0687124 0 0.176294 0 0 0.0616695  0 0 0 0 0 0  
145.142 3.40807 0.0183356 -7.98803 0 4 0 0 -7.1796  -8.03353 0 3.79126 0 0 -7.2212  -0.0190526 0 0.0330341 0 0 -0.0174237  0.0645451 0 0.175706 0 0 0.0590287  0 0 0 0 0 0  
145.613 3.41656 0.0180588 -8.00474 0 4 0 0 -7.15957  -8.05666 0 3.78925 0 0 -7.20007  -0.0151708 0 0.0332517 0 0 -0.0169266  0.06709 0 0.177495 0 0 0.0574269  0 0 0 0 0 0  
146.084 3.425 0.0180404 -7.91889 0 4 0 0 -7.08387  -7.97503 0 3.79271 0 0 -7.13806  -0.0163447 0 0.0323871 0 0 -0.0217453  0.0724839 0 0.174899 0 0 0.0759361  0 0 0 0 0 0  
146.555 3.43355 0.0185738 -7.73904 0 4 0 0 -6.91786  -7.79738 0 3.78473 0 0 -6.98192  -0.0126401 0 0.0339881 0 0 -0.0168853  0.0709777 0 0.181277 0 0 0.0809367  0 0 0 0 0 0  
147.027 3.44237 0.0189095 -7.65612 0 4 0 0 -6.66233  -7.71947 0 3.77844 0 0 -6.7401  -0.0124014 0 0.0355224 0 0 -0.01135  0.0757569 0 0.186035 0 0 0.0891153  0 0 0 0 0 0  
147.498 3.45119 0.0186668 -7.58846 0 4 0 0 -6.51425  -7.65608 0 3.77613 0 0 -6.59953  -0.0145846 0 0.0341626 0 0 -0.0138799  0.0822035 0 0.189704 0 0 0.099159  0 0 0 0 0 0  
147.969 3.45995 0.0188467 -7.51654 0 4 0 0 -6.39242  -7.60126 0 3.76151 0 0 -6.4972  -0.0153376 0 0.0333324 0 0 -0.0162361  0.100058 0 0.205157 0 0 0.121013  0 0 0 0 0 0  
148.44 3.46907 0.0201426 -7.47315 0 4 0 0 -6.3714  -7.5693 0 3.75468 0 0 -6.4697  -0.0164407 0 0.0340214 0 0 -0.0209875  0.11259 0 0.211294 0 0 0.11929  0 0 0 0 0 0  
148.911 3.47855 0.0201265 -7.36624 0 4 0 0 -6.25209  -7.46515 0 3.75121 0 0 -6.35242  -0.0190063 0 0.0299485 0 0 -0.0252811  0.117916 0 0.218844 0 0 0.125617  0 0 0 0 0 0  
149.383 3.48853 0.0219637 -7.2388 0 4 0 0 -6.13949  -7.32933 0 3.72464 0 0 -6.22582  -0.0242735 0 0.0343115 0 0 -0.0320902  0.114804 0 0.24105 0 0 0.118418  0 0 0 0 0 0  
149.854 3.49925 0.0230447 -7.1638 0 4 0 0 -6.1732  -7.25059 0 3.71526 0 0 -6.26279  -0.031371 0 0.0362208 0 0 -0.0336174  0.11816 0 0.24852 0 0 0.123208  0 0 0 0 0 0  
150.325 3.51032 0.023865 -7.22447 0 4 0 0 -6.37632  -7.30561 0 3.71392 0 0 -6.46664  -0.0300111 0 0.0385255 0 0 -0.0410633  0.111151 0 0.247556 0 0 0.13138  0 0 0 0 0 0  
150.796 3.52164 0.0240418 -7.21215 0 4 0 0 -6.5499  -7.29187 0 3.71607 0 0 -6.64154  -0.0271973 0 0.0363193 0 0 -0.0327696  0.106919 0 0.247608 0 0 0.124415  0 0 0 0 0 0  
151.268 3.53318 0.0247636 -7.16411 0 4 0 0 -6.67487  -7.24913 0 3.7044 0 0 -6.77263  -0.0358144 0 0.0364853 0 0 -0.0330059  0.120834 0 0.259116 0 0 0.130766  0 0 0 0 0 0  
151.739 3.54519 0.0268842 -7.14658 0 4 0 0 -6.82035  -7.23722 0 3.68296 0 0 -6.91957  -0.0377627 0 0.0387062 0 0 -0.0336119  0.128407 0 0.278336 0 0 0.13283  0 0 0 0 0 0  
152.21 3.55794 0.0273187 -7.21593 0 4 0 0 -6.83419  -7.29926 0 3.67468 0 0 -6.94615  -0.0367531 0 0.0411164 0 0 -0.0350767  0.120082 0 0.284202 0 0 0.147039  0 0 0 0 0 0  
152.681 3.57084 0.0277238 -7.39664 0 4 0 0 -6.90262  -7.46951 0 3.67087 0 0 -7.00556  -0.0379877 0 0.0439331 0 0 -0.02968  0.110861 0 0.285192 0 0 0.132616  0 0 0 0 0 0  
153.153 3.58333 0.025894 -7.53981 0 4 0 0 -6.97775  -7.60673 0 3.6868 0 0 -7.07839  -0.0377571 0 0.038767 0 0 -0.0302906  0.104671 0 0.274438 0 0 0.130939  0 0 0 0 0 0  
153.624 3.59513 0.0238723 -7.68385 0 4 0 0 -7.03947  -7.74016 0 3.71408 0 0 -7.11989  -0.0326984 0 0.0356402 0 0 -0.0232765  0.0890093 0 0.250275 0 0 0.103695  0 0 0 0 0 0  
154.095 3.60586 0.0215631 -7.80646 0 4 0 0 -7.15322  -7.85006 0 3.73958 0 0 -7.22099  -0.0274373 0 0.0343913 0 0 -0.0268569  0.0710418 0 0.226029 0 0 0.0946262  0 0 0 0 0 0  
154.566 3.61586 0.0210496 -7.93049 0 4 0 0 -7.31281  -7.97098 0 3.75096 0 0 -7.38307  -0.0272872 0 0.0333073 0 0 -0.0245716  0.0677863 0 0.215737 0 0 0.0948278  0 0 0 0 0 0  
155.038 3.6254 0.0197354 -7.93159 0 4 0 0 -7.45083  -7.96486 0 3.76264 0 0 -7.512  -0.0251281 0 0.0311858 0 0 -0.0273516  0.0584057 0 0.206178 0 0 0.0885244  0 0 0 0 0 0  
155.509 3.63466 0.0195001 -7.9492 0 4 0 0 -7.61602  -7.98857 0 3.77405 0 0 -7.68044  -0.0235294 0 0.0313968 0 0 -0.0287489  0.0629011 0 0.19455 0 0 0.0931749  0 0 0 0 0 0  
155.98 3.64381 0.0189176 -8.00758 0 4 0 0 -7.75406  -8.05286 0 3.78165 0 0 -7.81889  -0.0239781 0 0.0307086 0 0 -0.0271632  0.0692645 0 0.187641 0 0 0.0919972  0 0 0 0 0 0  
156.451 3.6527 0.0193286 -8.05621 0 4 0 0 -7.75101  -8.09582 0 3.77793 0 0 -7.80869  -0.0254936 0 0.0343717 0 0 -0.0253621  0.0651024 0 0.187703 0 0 0.0830415  0 0 0 0 0 0  
156.923 3.66188 0.0204261 -8.10198 0 4 0 0 -7.72137  -8.14319 0 3.76525 0 0 -7.77914  -0.0289602 0 0.0372175 0 0 -0.0284817  0.0701747 0 0.197533 0 0 0.0862471  0 0 0 0 0 0  
157.394 3.67118 0.0197443 -8.04664 0 4 0 0 -7.71093  -8.10116 0 3.77071 0 0 -7.78221  -0.0238859 0 0.0326038 0 0 -0.0261148  0.0784041 0 0.196682 0 0 0.0973895  0 0 0 0 0 0  
157.865 3.6804 0.0194726 -7.84263 0 4 0 0 -7.67355  -7.90331 0 3.7696 0 0 -7.74913  -0.0181275 0 0.0342335 0 0 -0.024708  0.0788093 0 0.196168 0 0 0.100287  0 0 0 0 0 0  
158.336 3.68977 0.0200548 -7.72014 0 4 0 0 -7.64763  -7.79401 0 3.76108 0 0 -7.72952  -0.0176495 0 0.0350256 0 0 -0.0274249  0.09152 0 0.203891 0 0 0.109313  0 0 0 0 0 0  
158.808 3.69936 0.0204711 -7.5631 0 4 0 0 -7.56108  -7.64228 0 3.75493 0 0 -7.65456  -0.0206959 0 0.0350148 0 0 -0.0284819  0.0998752 0 0.210055 0 0 0.12196  0 0 0 0 0 0  
159.279 3.70905 0.0205828 -7.53201 0 4 0 0 -7.37845  -7.60457 0 3.74604 0 0 -7.48114  -0.0192532 0 0.0372316 0 0 -0.0256976  0.0918105 0 0.216724 0 0 0.128387  0 0 0 0 0 0  
159.75 3.71859 0.0206617 -7.61437 0 4 0 0 -7.4125  -7.68066 0 3.74892 0 0 -7.51783  -0.02133 0 0.0347112 0 0 -0.0240258  0.0876254 0 0.216369 0 0 0.129352  0 0 0 0 0 0  
160.221 3.72857 0.0218701 -7.64169 0 4 0 0 -7.42352  -7.70977 0 3.74634 0 0 -7.52911  -0.0224667 0 0.0353675 0 0 -0.0270673  0.0905515 0 0.218295 0 0 0.132662  0 0 0 0 0 0  
160.692 3.739 0.0221108 -7.71013 0 4 0 0 -7.42708  -7.78549 0 3.73999 0 0 -7.53334  -0.0223511 0 0.0364117 0 0 -0.0272694  0.0977086 0 0.223598 0 0 0.133534  0 0 0 0 0 0  
161.164 3.74958 0.0228893 -7.67507 0 4 0 0 -7.3841  -7.77089 0 3.73131 0 0 -7.49878  -0.0184413 0 0.0393175 0 0 -0.0256773  0.114269 0 0.22937 0 0 0.140356  0 0 0 0 0 0  
161.635 3.75988 0.0214987 -7.54353 0 4 0 0 -7.39074  -7.62397 0 3.74751 0 0 -7.49018  -0.0141583 0 0.0396201 0 0 -0.0218779  0.094605 0 0.21287 0 0 0.121319  0 0 0 0 0 0  
162.106 3.76988 0.0210664 -7.55783 0 4 0 0 -7.43012  -7.63489 0 3.75635 0 0 -7.5234  -0.0116165 0 0.0385276 0 0 -0.0219011  0.0886726 0 0.205124 0 0 0.115183  0 0 0 0 0 0  
162.577 3.77957 0.0203084 -7.6547 0 4 0 0 -7.5453  -7.72457 0 3.76051 0 0 -7.62947  -0.0120786 0 0.0392349 0 0 -0.0238233  0.0819414 0 0.200257 0 0 0.10799  0 0 0 0 0 0  
163.049 3.78918 0.0199088 -7.72446 0 4 0 0 -7.69087  -7.78343 0 3.76305 0 0 -7.77647  -0.0173213 0 0.0398645 0 0 -0.0230998  0.0762903 0 0.197081 0 0 0.108701  0 0 0 0 0 0  
163.52 3.79842 0.0192642 -7.80349 0 4 0 0 -7.90752  -7.85931 0 3.77726 0 0 -7.99435  -0.0177202 0 0.0369162 0 0 -0.0219416  0.0735448 0 0.185825 0 0 0.10877  0 0 0 0 0 0  
163.991 3.80735 0.018342 -7.99545 0 4 0 0 -8.08987  -8.04437 0 3.78803 0 0 -8.17408  -0.0245994 0 0.0346659 0 0 -0.0207343  0.0735235 0 0.177308 0 0 0.104945  0 0 0 0 0 0  
164.462 3.81581 0.0176117 -8.05977 0 4 0 0 -8.19604  -8.11351 0 3.78873 0 0 -8.27322  -0.0232271 0 0.0310416 0 0 -0.0214677  0.0769652 0 0.180231 0 0 0.0986421  0 0 0 0 0 0  
164.934 3.82389 0.016685 -8.21495 0 4 0 0 -8.26912  -8.25434 0 3.79897 0 0 -8.33622  -0.0221718 0 0.0302055 0 0 -0.0149118  0.0615662 0 0.17082 0 0 0.0820108  0 0 0 0 0 0  
165.405 3.83171 0.0163252 -8.28922 0 4 0 0 -8.37632  -8.32111 0 3.8106 0 0 -8.43197  -0.0199118 0 0.0297571 0 0 -0.0156422  0.0517965 0 0.159647 0 0 0.0712949  0 0 0 0 0 0  
165.876 3.8394 0.0163745 -8.48422 0 4 0 0 -8.1939  -8.50906 0 3.80779 0 0 -8.24445  -0.0222605 0 0.0318036 0 0 -0.0147621  0.047098 0 0.160407 0 0 0.0653092  0 0 0 0 0 0  
166.347 3.84725 0.0167983 -8.55267 0 4 0 0 -7.94534  -8.58763 0 3.80246 0 0 -8.01028  -0.0232386 0 0.0337061 0 0 -0.014284  0.0582022 0 0.163835 0 0 0.0792305  0 0 0 0 0 0  
166.819 3.85517 0.0166801 -8.54871 0 4 0 0 -7.87105  -8.589 0 3.81189 0 0 -7.93168  -0.0174625 0 0.0323925 0 0 -0.013936  0.0577483 0 0.155715 0 0 0.074561  0 0 0 0 0 0  
167.29 3.86307 0.0167752 -8.52234 0 4 0 0 -7.90275  -8.57354 0 3.81506 0 0 -7.97456  -0.0142282 0 0.0285998 0 0 -0.0103318  0.0654241 0 0.156337 0 0 0.0821337  0 0 0 0 0 0  
167.761 3.87083 0.0164178 -8.44939 0 4 0 0 -7.95242  -8.50409 0 3.81416 0 0 -8.02053  -0.0158295 0 0.029177 0 0 -0.00994926  0.0705257 0 0.156663 0 0 0.0780591  0 0 0 0 0 0  
168.232 3.87869 0.0162802 -8.34972 0 4 0 0 -7.94768  -8.40542 0 3.81776 0 0 -8.01956  -0.0175765 0 0.0262482 0 0 -0.0106847  0.0732728 0 0.15599 0 0 0.0825675  0 0 0 0 0 0  
168.704 3.88637 0.0160723 -8.27438 0 4 0 0 -7.77441  -8.32377 0 3.81472 0 0 -7.83834  -0.0174432 0 0.0254558 0 0 -0.0105472  0.0668308 0 0.159827 0 0 0.0744715  0 0 0 0 0 0  
169.175 3.89402 0.0162122 -8.13774 0 4 0 0 -7.68338  -8.19879 0 3.81308 0 0 -7.74741  -0.0149059 0 0.0236908 0 0 -0.0115215  0.0759602 0 0.163232 0 0 0.0755457  0 0 0 0 0 0  
169.646 3.90176 0.0165279 -8.12329 0 4 0 0 -7.74483  -8.18136 0 3.80531 0 0 -7.81253  -0.0190806 0 0.0244566 0 0 -0.0137781  0.077142 0 0.17023 0 0 0.0814804  0 0 0 0 0 0  
170.117 3.90967 0.0168195 -8.11838 0 4 0 0 -7.8709  -8.17673 0 3.80288 0 0 -7.94117  -0.0158384 0 0.0237481 0 0 -0.0125089  0.0741884 0 0.173376 0 0 0.0827838  0 0 0 0 0 0  
170.588 3.91773 0.0172537 -8.09115 0 4 0 0 -8.03632  -8.1462 0 3.80308 0 0 -8.11456  -0.0169218 0 0.0255132 0 0 -0.0109924  0.0719794 0 0.171409 0 0 0.0892281  0 0 0 0 0 0  
171.06 3.92623 0.0189249 -7.93987 0 4 0 0 -8.13778  -7.99799 0 3.78721 0 0 -8.23416  -0.021203 0 0.0291121 0 0 -0.0141637  0.0793194 0 0.183678 0 0 0.110545  0 0 0 0 0 0  
171.531 3.93512 0.0186655 -7.76744 0 4 0 0 -8.1675  -7.81398 0 3.78811 0 0 -8.25261  -0.020392 0 0.0330288 0 0 -0.00736331  0.066933 0 0.178861 0 0 0.0924784  0 0 0 0 0 0  
172.002 3.94397 0.0191024 -7.56375 0 4 0 0 -7.96844  -7.60307 0 3.77505 0 0 -8.05642  -0.0220613 0 0.0347892 0 0 -0.00774184  0.0613838 0 0.190163 0 0 0.0957271  0 0 0 0 0 0  
172.473 3.95308 0.0196947 -7.5536 0 4 0 0 -7.92248  -7.60096 0 3.77263 0 0 -8.02122  -0.0233845 0 0.0353718 0 0 -0.0057265  0.0707484 0 0.192 0 0 0.104466  0 0 0 0 0 0  
172.945 3.9625 0.0210057 -7.46858 0 4 0 0 -7.84013  -7.53529 0 3.75592 0 0 -7.96058  -0.024187 0 0.0374186 0 0 -0.00782114  0.0908891 0 0.206664 0 0 0.128264  0 0 0 0 0 0  
173.416 3.97228 0.0208618 -7.40897 0 4 0 0 -7.72092  -7.47176 0 3.75344 0 0 -7.8371  -0.0240735 0 0.0373271 0 0 -0.0067111  0.0868706 0 0.209236 0 0 0.122893  0 0 0 0 0 0  
173.887 3.98216 0.0209097 -7.3777 0 4 0 0 -7.29151  -7.44391 0 3.73874 0 0 -7.41287  -0.0213068 0 0.0375671 0 0 -0.00382947  0.0875153 0 0.223694 0 0 0.125195  0 0 0 0 0 0  
174.358 3.99244 0.0219332 -7.44628 0 4 0 0 -7.05629  -7.51713 0 3.7255 0 0 -7.17722  -0.0268681 0 0.0398205 0 0 -0.00782327  0.0977187 0 0.234676 0 0 0.128755  0 0 0 0 0 0  
174.83 4.00284 0.0220469 -7.53582 0 4 0 0 -6.83038  -7.61529 0 3.71449 0 0 -6.95727  -0.0282444 0 0.0355728 0 0 -0.0106117  0.10772 0 0.249934 0 0 0.137503  0 0 0 0 0 0  
175.301 4.01305 0.0213538 -7.51216 0 4 0 0 -6.79286  -7.60094 0 3.71578 0 0 -6.91219  -0.0227234 0 0.0380001 0 0 -0.0177065  0.11151 0 0.246218 0 0 0.137034  0 0 0 0 0 0  
175.772 4.02292 0.0201237 -7.64762 0 4 0 0 -6.8179  -7.71283 0 3.72939 0 0 -6.90974  -0.0188684 0 0.0391617 0 0 -0.013039  0.0840817 0 0.231445 0 0 0.104887  0 0 0 0 0 0  
176.243 4.03218 0.0190584 -7.74357 0 4 0 0 -6.90438  -7.80328 0 3.74998 0 0 -6.99708  -0.0142201 0 0.0381203 0 0 -0.0135863  0.0739295 0 0.2119 0 0 0.10628  0 0 0 0 0 0  
176.715 4.04117 0.0185411 -7.90756 0 4 0 0 -7.12173  -7.95463 0 3.76171 0 0 -7.20769  -0.0121653 0 0.0390374 0 0 -0.0125612  0.0592419 0 0.199253 0 0 0.0985141  0 0 0 0 0 0  
177.186 4.04972 0.0177883 -8.06078 0 4 0 0 -7.36672  -8.10589 0 3.77716 0 0 -7.44787  -0.0185405 0 0.0344107 0 0 -0.019455  0.0636561 0 0.188425 0 0 0.100606  0 0 0 0 0 0  
177.657 4.05798 0.0171394 -8.15339 0 4 0 0 -7.52545  -8.20649 0 3.79101 0 0 -7.61771  -0.013284 0 0.0313995 0 0 -0.0148658  0.0663768 0 0.177594 0 0 0.107126  0 0 0 0 0 0  
178.128 4.06615 0.0177615 -8.06049 0 4 0 0 -7.5953  -8.11485 0 3.78763 0 0 -7.68275  -0.0128245 0 0.0324658 0 0 -0.0141313  0.0671833 0 0.179906 0 0 0.101588  0 0 0 0 0 0  
178.6 4.0746 0.0178793 -7.98308 0 4 0 0 -7.57627  -8.03352 0 3.79026 0 0 -7.65548  -0.016247 0 0.0325722 0 0 -0.0170206  0.0666897 0 0.177167 0 0 0.0962309  0 0 0 0 0 0  
179.071 4.08309 0.0183688 -7.93848 0 4 0 0 -7.54396  -7.98673 0 3.78482 0 0 -7.61531  -0.0173057 0 0.0324807 0 0 -0.0186018  0.0655643 0 0.182702 0 0 0.0899481  0 0 0 0 0 0  
179.542 4.09171 0.0182509 -7.84251 0 4 0 0 -7.42978  -7.89561 0 3.78259 0 0 -7.5008  -0.0135593 0 0.0330839 0 0 -0.0157698  0.0666647 0 0.184329 0 0 0.0867977  0 0 0 0 0 0  
180.013 4.10045 0.0188993 -7.72311 0 4 0 0 -7.29126  -7.78369 0 3.76875 0 0 -7.36279  -0.016044 0 0.032376 0 0 -0.0215365  0.0766168 0 0.198874 0 0 0.0930647  0 0 0 0 0 0  
180.484 4.10953 0.0192756 -7.60211 0 4 0 0 -7.18074  -7.65695 0 3.76437 0 0 -7.24579  -0.016624 0 0.0356873 0 0 -0.0219603  0.0714656 0 0.199944 0 0 0.0870139  0 0 0 0 0 0  
180.956 4.11886 0.0200298 -7.46683 0 4 0 0 -7.09155  -7.5166 0 3.75884 0 0 -7.15978  -0.0183213 0 0.0382151 0 0 -0.0212046  0.068089 0 0.202941 0 0 0.0894354  0 0 0 0 0 0  
181.427 4.12855 0.0205849 -7.33289 0 4 0 0 -6.99944  -7.39444 0 3.74729 0 0 -7.08066  -0.0186214 0 0.0405335 0 0 -0.018232  0.0801778 0 0.212181 0 0 0.0994606  0 0 0 0 0 0  
181.898 4.13842 0.0209392 -7.2899 0 4 0 0 -6.95785  -7.36439 0 3.73794 0 0 -7.05094  -0.0221762 0 0.0392976 0 0 -0.0209563  0.0966664 0 0.222767 0 0 0.114053  0 0 0 0 0 0  
182.369 4.14835 0.0216052 -7.25574 0 4 0 0 -6.84227  -7.33811 0 3.72361 0 0 -6.93549  -0.0258516 0 0.0369143 0 0 -0.0231373  0.10822 0 0.239471 0 0 0.116358  0 0 0 0 0 0  
182.841 4.15851 0.0213789 -7.3352 0 4 0 0 -6.66384  -7.4101 0 3.72347 0 0 -6.74925  -0.0330025 0 0.0383284 0 0 -0.0301501  0.107899 0 0.238202 0 0 0.115554  0 0 0 0 0 0  
183.312 4.16854 0.020484 -7.40749 0 4 0 0 -6.76769  -7.46678 0 3.73584 0 0 -6.84213  -0.026487 0 0.0400052 0 0 -0.0273597  0.0857775 0 0.224156 0 0 0.1018  0 0 0 0 0 0  
183.783 4.17793 0.0194352 -7.14485 0 4 0 0 -6.65967  -7.21225 0 3.74125 0 0 -6.73901  -0.0217599 0 0.0373327 0 0 -0.0185749  0.0891633 0 0.221413 0 0 0.0979145  0 0 0 0 0 0  
184.254 4.18697 0.0192007 -6.96201 0 4 0 0 -6.68337  -7.03959 0 3.73203 0 0 -6.77033  -0.0243614 0 0.0364946 0 0 -0.0200377  0.10195 0 0.231472 0 0 0.106995  0 0 0 0 0 0  
184.726 4.19583 0.0190496 -6.87471 0 4 0 0 -6.79367  -6.93804 0 3.73035 0 0 -6.86923  -0.0356983 0 0.0352172 0 0 -0.0275052  0.0990332 0 0.234431 0 0 0.103063  0 0 0 0 0 0  
185.197 4.20495 0.019543 -6.72561 0 4 0 0 -6.87603  -6.79316 0 3.72336 0 0 -6.93784  -0.0325472 0 0.0360512 0 0 -0.0272444  0.10009 0 0.240587 0 0 0.0890589  0 0 0 0 0 0  
185.668 4.21441 0.0200523 -6.62084 0 4 0 0 -6.81959  -6.69455 0 3.7327 0 0 -6.90268  -0.0353399 0 0.0354309 0 0 -0.0286209  0.109043 0 0.231872 0 0 0.111709  0 0 0 0 0 0  
186.139 4.22385 0.0198477 -6.54279 0 4 0 0 -6.72546  -6.61478 0 3.72258 0 0 -6.81797  -0.0357682 0 0.0340716 0 0 -0.0272524  0.107758 0 0.24335 0 0 0.119758  0 0 0 0 0 0  
186.611 4.23339 0.0204877 -6.60943 0 4 0 0 -6.72465  -6.68267 0 3.71935 0 0 -6.81817  -0.0335954 0 0.033911 0 0 -0.0297922  0.10683 0 0.246737 0 0 0.123311  0 0 0 0 0 0  
187.082 4.24267 0.018883 -6.80537 0 4 0 0 -6.86624  -6.87533 0 3.74292 0 0 -6.9528  -0.0294748 0 0.0319683 0 0 -0.0290572  0.0994418 0 0.225108 0 0 0.115617  0 0 0 0 0 0  
187.553 4.2514 0.0182567 -6.96687 0 4 0 0 -6.98275  -7.03281 0 3.75075 0 0 -7.05549  -0.021179 0 0.0298678 0 0 -0.0228368  0.0871115 0 0.219384 0 0 0.0955759  0 0 0 0 0 0  
188.024 4.26014 0.018749 -7.25968 0 4 0 0 -7.12289  -7.32288 0 3.7554 0 0 -7.19441  -0.0209973 0 0.0313588 0 0 -0.0230445  0.0841972 0 0.213238 0 0 0.0945649  0 0 0 0 0 0  
188.496 4.2691 0.0191797 -7.48298 0 4 0 0 -7.22636  -7.53244 0 3.75591 0 0 -7.2887  -0.0207746 0 0.0341183 0 0 -0.0222292  0.070238 0 0.209976 0 0 0.0845644  0 0 0 0 0 0  
188.967 4.27837 0.0200801 -7.64877 0 4 0 0 -7.23764  -7.69895 0 3.74767 0 0 -7.30313  -0.0228941 0 0.032201 0 0 -0.022407  0.0730765 0 0.220128 0 0 0.0878921  0 0 0 0 0 0  
189.438 4.28792 0.0205515 -7.70228 0 4 0 0 -7.16861  -7.74456 0 3.74609 0 0 -7.2338  -0.0254287 0 0.034277 0 0 -0.0196192  0.0677145 0 0.219628 0 0 0.0848074  0 0 0 0 0 0  
189.909 4.2978 0.0209365 -7.53134 0 4 0 0 -6.98073  -7.58587 0 3.74664 0 0 -7.06534  -0.0224076 0 0.0331648 0 0 -0.0208936  0.076939 0 0.220195 0 0 0.105503  0 0 0 0 0 0  
190.381 4.30745 0.0205176 -7.1838 0 4 0 0 -6.84194  -7.23493 0 3.75283 0 0 -6.92514  -0.0197193 0 0.0357937 0 0 -0.0188649  0.0708526 0 0.211371 0 0 0.102062  0 0 0 0 0 0  
190.852 4.31717 0.0207661 -7.03781 0 4 0 0 -6.65281  -7.0925 0 3.74751 0 0 -6.74271  -0.0247557 0 0.0356466 0 0 -0.0180802  0.0794477 0 0.216843 0 0 0.107983  0 0 0 0 0 0  
191.323 4.32685 0.0203027 -6.86878 0 4 0 0 -6.53369  -6.92706 0 3.75169 0 0 -6.63535  -0.0259196 0 0.0347442 0 0 -0.0162576  0.0842082 0 0.213567 0 0 0.11792  0 0 0 0 0 0  
191.794 4.3365 0.021292 -6.89525 0 4 0 0 -6.47463  -6.95141 0 3.73843 0 0 -6.57039  -0.0267146 0 0.0386309 0 0 -0.0225227  0.0828764 0 0.222936 0 0 0.118281  0 0 0 0 0 0  
192.265 4.3467 0.0221989 -6.93459 0 4 0 0 -6.54022  -6.9905 0 3.72796 0 0 -6.629  -0.0261692 0 0.0407304 0 0 -0.0208502  0.0820872 0 0.231308 0 0 0.109637  0 0 0 0 0 0  
192.737 4.35735 0.0227348 -7.00364 0 4 0 0 -6.70051  -7.07479 0 3.7283 0 0 -6.79947  -0.0236501 0 0.0397335 0 0 -0.0197299  0.0948035 0 0.231971 0 0 0.118693  0 0 0 0 0 0  
193.208 4.36809 0.0231624 -7.07337 0 4 0 0 -6.7657  -7.14241 0 3.72277 0 0 -6.85541  -0.0283685 0 0.0432045 0 0 -0.0188501  0.0974026 0 0.234026 0 0 0.108564  0 0 0 0 0 0  
193.679 4.37915 0.0234047 -7.1313 0 4 0 0 -6.8164  -7.21803 0 3.7264 0 0 -6.91586  -0.0244886 0 0.0404694 0 0 -0.0204075  0.111218 0 0.23313 0 0 0.119866  0 0 0 0 0 0  
194.15 4.3902 0.0235644 -7.18953 0 4 0 0 -6.91281  -7.2763 0 3.71437 0 0 -7.01752  -0.0294904 0 0.0424551 0 0 -0.0262814  0.116255 0 0.243175 0 0 0.130993  0 0 0 0 0 0  
194.622 4.40133 0.0237246 -7.26128 0 4 0 0 -6.86079  -7.34462 0 3.70456 0 0 -6.97253  -0.0324284 0 0.0434248 0 0 -0.0342936  0.115768 0 0.252017 0 0 0.146039  0 0 0 0 0 0  
195.093 4.41244 0.0235946 -7.31661 0 4 0 0 -6.69978  -7.40295 0 3.70519 0 0 -6.81721  -0.0325257 0 0.042275 0 0 -0.0316007  0.118867 0 0.252539 0 0 0.149035  0 0 0 0 0 0  
195.564 4.42362 0.0238231 -7.23896 0 4 0 0 -6.63271  -7.32735 0 3.70755 0 0 -6.74761  -0.0347252 0 0.0392203 0 0 -0.0372114  0.12312 0 0.253229 0 0 0.152116  0 0 0 0 0 0  
196.035 4.43484 0.0243347 -7.20788 0 4 0 0 -6.54882  -7.29829 0 3.70083 0 0 -6.66796  -0.0304367 0 0.0362099 0 0 -0.0391881  0.120849 0 0.262956 0 0 0.158326  0 0 0 0 0 0  
196.507 4.44619 0.0243402 -6.92297 0 4 0 0 -6.31674  -7.01717 0 3.693 0 0 -6.42759  -0.0246064 0 0.0355105 0 0 -0.0363076  0.118802 0 0.271493 0 0 0.147162  0 0 0 0 0 0  
196.978 4.4578 0.0246212 -6.80793 0 4 0 0 -6.48596  -6.87598 0 3.69169 0 0 -6.57327  -0.0262148 0 0.0404529 0 0 -0.0366321  0.0942657 0 0.267858 0 0 0.123943  0 0 0 0 0 0  
197.449 4.46926 0.0245766 -6.75718 0 4 0 0 -6.58659  -6.81769 0 3.69291 0 0 -6.6778  -0.0197763 0 0.0368585 0 0 -0.0254304  0.0802868 0 0.270228 0 0 0.116648  0 0 0 0 0 0  
197.92 4.48079 0.0246178 -6.77498 0 4 0 0 -6.73971  -6.80826 0 3.69612 0 0 -6.82446  -0.0244472 0 0.0361441 0 0 -0.0309125  0.0577246 0 0.267731 0 0 0.115666  0 0 0 0 0 0  
198.392 4.49235 0.0241188 -6.80936 0 4 0 0 -6.9841  -6.83535 0 3.70792 0 0 -7.05155  -0.0273579 0 0.0367317 0 0 -0.0370346  0.0533445 0 0.255346 0 0 0.104482  0 0 0 0 0 0  
198.863 4.50365 0.0236598 -6.85978 0 4 0 0 -7.13872  -6.91163 0 3.72264 0 0 -7.22448  -0.0315854 0 0.034058 0 0 -0.0322242  0.0834382 0 0.243305 0 0 0.117982  0 0 0 0 0 0  
199.334 4.51463 0.0226573 -6.9735 0 4 0 0 -7.28612  -7.02458 0 3.72936 0 0 -7.36652  -0.0300514 0 0.0356241 0 0 -0.0267855  0.0811284 0 0.23502 0 0 0.107188  0 0 0 0 0 0  
199.805 4.52515 0.0222299 -7.04864 0 4 0 0 -7.29572  -7.10949 0 3.73083 0 0 -7.38584  -0.0292568 0 0.0344059 0 0 -0.0256434  0.0901001 0 0.234762 0 0 0.115756  0 0 0 0 0 0  
200.277 4.53551 0.0219379 -7.13689 0 4 0 0 -7.264  -7.19906 0 3.73251 0 0 -7.36489  -0.0328205 0 0.0360342 0 0 -0.0279206  0.0949831 0 0.23146 0 0 0.128816  0 0 0 0 0 0  
200.748 4.54603 0.0224363 -7.29218 0 4 0 0 -7.20734  -7.36199 0 3.72796 0 0 -7.3167  -0.0277919 0 0.0346156 0 0 -0.0304249  0.0976025 0 0.237426 0 0 0.139786  0 0 0 0 0 0  
201.219 4.55668 0.0228447 -7.53246 0 4 0 0 -7.3076  -7.60194 0 3.73211 0 0 -7.40838  -0.0294312 0 0.0370649 0 0 -0.0296976  0.0989144 0 0.230822 0 0 0.130475  0 0 0 0 0 0  
201.69 4.5673 0.022472 -7.54922 0 4 0 0 -7.38868  -7.62155 0 3.74661 0 0 -7.49246  -0.0268032 0 0.0327592 0 0 -0.0208973  0.0991266 0 0.22063 0 0 0.124683  0 0 0 0 0 0  
202.161 4.57742 0.0212432 -7.47173 0 4 0 0 -7.32718  -7.54116 0 3.7633 0 0 -7.42483  -0.0222543 0 0.0313306 0 0 -0.0239915  0.0916812 0 0.205374 0 0 0.121634  0 0 0 0 0 0  
202.633 4.58766 0.0223489 -7.33066 0 4 0 0 -7.10843  -7.41343 0 3.74729 0 0 -7.22741  -0.020309 0 0.033953 0 0 -0.0181211  0.103087 0 0.218761 0 0 0.1371  0 0 0 0 0 0  
203.104 4.59806 0.0219577 -7.17956 0 4 0 0 -7.04527  -7.26141 0 3.74635 0 0 -7.16068  -0.019118 0 0.0341084 0 0 -0.0184297  0.100968 0 0.219543 0 0 0.133841  0 0 0 0 0 0  
203.575 4.60849 0.022412 -7.22538 0 4 0 0 -6.99251  -7.31878 0 3.73713 0 0 -7.11187  -0.0280489 0 0.0321569 0 0 -0.0268474  0.121451 0 0.230711 0 0 0.146209  0 0 0 0 0 0  
204.046 4.61899 0.0221095 -7.24376 0 4 0 0 -6.9644  -7.33504 0 3.74226 0 0 -7.0844  -0.0269253 0 0.0311098 0 0 -0.0231551  0.118202 0 0.226635 0 0 0.143153  0 0 0 0 0 0  
204.518 4.62996 0.0238973 -7.28519 0 4 0 0 -6.85674  -7.36754 0 3.70771 0 0 -7.00036  -0.031007 0 0.0386086 0 0 -0.0270522  0.113359 0 0.253685 0 0 0.170668  0 0 0 0 0 0  
204.989 4.64132 0.0245365 -7.37625 0 4 0 0 -6.77038  -7.46807 0 3.69488 0 0 -6.93324  -0.030915 0 0.0394531 0 0 -0.02731  0.122741 0 0.265671 0 0 0.190162  0 0 0 0 0 0  
205.46 4.65291 0.0240152 -7.29536 0 4 0 0 -6.64887  -7.39117 0 3.70199 0 0 -6.80581  -0.0310364 0 0.0358119 0 0 -0.0216729  0.126844 0 0.262196 0 0 0.17861  0 0 0 0 0 0  
205.931 4.66409 0.0238604 -7.34801 0 4 0 0 -6.61402  -7.46396 0 3.70097 0 0 -6.76182  -0.0320846 0 0.0358381 0 0 -0.0223556  0.148035 0 0.263192 0 0 0.170157  0 0 0 0 0 0  
206.403 4.67554 0.0244652 -7.47662 0 4 0 0 -6.53069  -7.58426 0 3.6901 0 0 -6.67425  -0.0412933 0 0.0340439 0 0 -0.0278917  0.148933 0 0.275857 0 0 0.171451  0 0 0 0 0 0  
206.874 4.68762 0.0257075 -7.52676 0 4 0 0 -6.47876  -7.60966 0 3.66962 0 0 -6.60966  -0.0395405 0 0.0394858 0 0 -0.0263866  0.12244 0 0.290897 0 0 0.15728  0 0 0 0 0 0  
207.345 4.69984 0.0266053 -7.57479 0 4 0 0 -6.39057  -7.66324 0 3.66381 0 0 -6.529  -0.0370611 0 0.0415553 0 0 -0.028264  0.125515 0 0.294638 0 0 0.166693  0 0 0 0 0 0  
207.816 4.7119 0.0248377 -7.59793 0 4 0 0 -6.51489  -7.69873 0 3.67247 0 0 -6.67797  -0.0372847 0 0.0368168 0 0 -0.0291814  0.138091 0 0.290716 0 0 0.192264  0 0 0 0 0 0  
208.288 4.72364 0.0247854 -7.72491 0 4 0 0 -6.56981  -7.83686 0 3.66966 0 0 -6.74658  -0.0372505 0 0.0340979 0 0 -0.0323542  0.149204 0 0.296247 0 0 0.209117  0 0 0 0 0 0  
208.759 4.73554 0.025165 -7.85547 0 4 0 0 -6.65922  -7.94927 0 3.67058 0 0 -6.80498  -0.0427635 0 0.0373374 0 0 -0.0446843  0.136563 0 0.292079 0 0 0.190446  0 0 0 0 0 0  
209.23 4.74757 0.0254044 -7.8329 0 4 0 0 -6.67091  -7.92609 0 3.67327 0 0 -6.80673  -0.0453885 0 0.0380948 0 0 -0.0420052  0.138577 0 0.288634 0 0 0.177823  0 0 0 0 0 0  
209.701 4.75925 0.0239712 -7.79638 0 4 0 0 -6.72612  -7.87929 0 3.69135 0 0 -6.84784  -0.0429117 0 0.0375218 0 0 -0.0347081  0.125829 0 0.271129 0 0 0.156429  0 0 0 0 0 0  
210.173 4.77044 0.0231482 -7.8235 0 4 0 0 -6.82546  -7.91464 0 3.69279 0 0 -6.94822  -0.0342689 0 0.0379791 0 0 -0.0329679  0.125405 0 0.269227 0 0 0.155733  0 0 0 0 0 0  
210.644 4.781 0.0215358 -7.82447 0 4 0 0 -6.86039  -7.9037 0 3.72795 0 0 -6.98328  -0.0297069 0 0.0361529 0 0 -0.0238149  0.108942 0 0.235901 0 0 0.1467  0 0 0 0 0 0  
211.115 4.79069 0.0200234 -7.74838 0 4 0 0 -6.86438  -7.81157 0 3.75059 0 0 -6.96284  -0.0312191 0 0.0342861 0 0 -0.0227464  0.0944135 0 0.215121 0 0 0.121207  0 0 0 0 0 0  
211.586 4.80028 0.0202087 -7.62344 0 4 0 0 -6.70482  -7.68384 0 3.75007 0 0 -6.79658  -0.0278399 0 0.0300772 0 0 -0.0190595  0.0882421 0 0.219849 0 0 0.11082  0 0 0 0 0 0  
212.058 4.80982 0.0199724 -7.45045 0 4 0 0 -6.58028  -7.51051 0 3.76439 0 0 -6.6635  -0.0267573 0 0.0283485 0 0 -0.0232073  0.0868127 0 0.207265 0 0 0.106428  0 0 0 0 0 0  
212.529 4.81925 0.0203449 -7.00901 0 4 0 0 -6.53066  -7.0849 0 3.75101 0 0 -6.63831  -0.0306034 0 0.0285211 0 0 -0.0261107  0.106492 0 0.220472 0 0 0.133764  0 0 0 0 0 0  
213 4.82909 0.0213963 -6.83418 0 4 0 0 -6.39663  -6.91031 0 3.75034 0 0 -6.51764  -0.0286131 0 0.0277533 0 0 -0.0216735  0.104743 0 0.22191 0 0 0.142687  0 0 0 0 0 0  
213.471 4.83954 0.0228755 -6.74553 0 4 0 0 -6.20004  -6.8217 0 3.71906 0 0 -6.34274  -0.0304151 0 0.0314783 0 0 -0.0209867  0.106586 0 0.249457 0 0 0.163683  0 0 0 0 0 0  
213.942 4.85061 0.0241516 -6.78951 0 4 0 0 -6.10101  -6.89712 0 3.70871 0 0 -6.26408  -0.0316781 0 0.0305403 0 0 -0.0209694  0.139284 0 0.260753 0 0 0.184046  0 0 0 0 0 0  
214.414 4.86219 0.0247158 -6.88385 0 4 0 0 -6.19172  -6.97949 0 3.70147 0 0 -6.34039  -0.0212843 0 0.0317432 0 0 -0.0170851  0.116932 0 0.266791 0 0 0.165757  0 0 0 0 0 0  
214.885 4.87407 0.0256088 -6.96551 0 4 0 0 -6.13654  -7.0741 0 3.68879 0 0 -6.29548  -0.0241535 0 0.0366664 0 0 -0.00732447  0.132743 0 0.274541 0 0 0.166264  0 0 0 0 0 0  
215.356 4.88622 0.0260577 -6.92744 0 4 0 0 -6.0915  -7.0353 0 3.68429 0 0 -6.24701  -0.0242915 0 0.0388522 0 0 -0.0120717  0.132145 0 0.276854 0 0 0.167578  0 0 0 0 0 0  
215.827 4.89843 0.0256024 -6.82872 0 4 0 0 -6.01316  -6.92893 0 3.68472 0 0 -6.16247  -0.0275017 0 0.0418018 0 0 -0.0175712  0.127708 0 0.273483 0 0 0.16688  0 0 0 0 0 0  
216.299 4.91001 0.0240153 -6.82415 0 4 0 0 -6.00679  -6.91718 0 3.68107 0 0 -6.14607  -0.0308878 0 0.0408058 0 0 -0.0165825  0.123915 0 0.278122 0 0 0.155861  0 0 0 0 0 0  
216.77 4.9213 0.0235044 -6.81323 0 4 0 0 -6.1002  -6.9108 0 3.67997 0 0 -6.24664  -0.0278587 0 0.034892 0 0 -0.0152465  0.125435 0 0.28514 0 0 0.161683  0 0 0 0 0 0  
217.241 4.93249 0.0237999 -6.79236 0 4 0 0 -6.20743  -6.9023 0 3.67605 0 0 -6.35201  -0.0391325 0 0.0359891 0 0 -0.0251464  0.149076 0 0.287957 0 0 0.169724  0 0 0 0 0 0  
217.712 4.94369 0.0237956 -6.88898 0 4 0 0 -6.42921  -6.98406 0 3.68794 0 0 -6.55804  -0.0333876 0 0.0376224 0 0 -0.0199233  0.12847 0 0.27444 0 0 0.148757  0 0 0 0 0 0  
218.184 4.95508 0.0244437 -6.95947 0 4 0 0 -6.5566  -7.05467 0 3.674 0 0 -6.68905  -0.0415304 0 0.0360956 0 0 -0.0271594  0.13674 0 0.2899 0 0 0.159609  0 0 0 0 0 0  
218.655 4.96653 0.0239572 -7.07823 0 4 0 0 -6.61979  -7.16962 0 3.67218 0 0 -6.7365  -0.0409734 0 0.0399023 0 0 -0.0300091  0.132356 0 0.287922 0 0 0.146716  0 0 0 0 0 0  
219.126 4.97777 0.0234241 -7.20345 0 4 0 0 -6.65824  -7.29482 0 3.68747 0 0 -6.76659  -0.0414253 0 0.0397644 0 0 -0.0310244  0.132793 0 0.272767 0 0 0.139381  0 0 0 0 0 0  
219.597 4.98909 0.0242684 -7.21769 0 4 0 0 -6.52893  -7.30517 0 3.66127 0 0 -6.6453  -0.0362314 0 0.040343 0 0 -0.0220392  0.123707 0 0.298386 0 0 0.138408  0 0 0 0 0 0  
220.069 5.00031 0.0235177 -7.0738 0 4 0 0 -6.46508  -7.15442 0 3.6705 0 0 -6.57551  -0.0374649 0 0.0385044 0 0 -0.0292928  0.118086 0 0.290998 0 0 0.139718  0 0 0 0 0 0  
