# LF_DEM version v3.0-126-gb72fb1a
# np 1000
# VF 0.76
# Lx 73.993
# Ly 0
# Lz 73.993
# flow_type shear
# data in cl units.
#1: time
#2: cumulated strain
#3: shear rate
#4-9: total stress tensor (xx, xy, xz, yz, yy, zz)
#10-15: contact stress tensor (xx, xy, xz, yz, yy, zz)
#16-21: dashpot stress tensor (xx, xy, xz, yz, yy, zz)
#22-27: hydro stress tensor (xx, xy, xz, yz, yy, zz)
#28-33: repulsion stress tensor (xx, xy, xz, yz, yy, zz)

0.00942478 0.0004688 0.0497412 -2.28234 0 2 0 0 -2.10431  -2.44488 0 1.30239 0 0 -2.40235  -0.128942 0 0.0480472 0 0 -0.134839  0.29148 0 0.649559 0 0 0.432875  0 0 0 0 0 0  
0.942478 0.039441 0.0390297 -2.30168 0 2 0 0 -2.11467  -2.43348 0 1.45124 0 0 -2.34947  -0.0803601 0 0.0397963 0 0 -0.108861  0.212161 0 0.508964 0 0 0.343663  0 0 0 0 0 0  
1.88496 0.0746074 0.0357684 -2.44888 0 2 0 0 -2.38455  -2.57305 0 1.51086 0 0 -2.60466  -0.0806853 0 0.0338888 0 0 -0.111236  0.204853 0 0.455251 0 0 0.33134  0 0 0 0 0 0  
2.82743 0.107689 0.0347926 -2.52246 0 2 0 0 -2.53372  -2.64009 0 1.53791 0 0 -2.72977  -0.0796432 0 0.0374683 0 0 -0.0918687  0.197277 0 0.424624 0 0 0.287916  0 0 0 0 0 0  
3.76991 0.140026 0.0338383 -2.50166 0 2 0 0 -2.59235  -2.62379 0 1.55584 0 0 -2.79814  -0.0790124 0 0.0348117 0 0 -0.0894342  0.201141 0 0.409345 0 0 0.295225  0 0 0 0 0 0  
4.71239 0.172338 0.0339011 -2.47433 0 2 0 0 -2.64498  -2.61721 0 1.55804 0 0 -2.87112  -0.0710574 0 0.0275136 0 0 -0.0961745  0.213938 0 0.414447 0 0 0.322309  0 0 0 0 0 0  
5.65487 0.203892 0.0332064 -2.4808 0 2 0 0 -2.70764  -2.61758 0 1.57406 0 0 -2.91928  -0.067281 0 0.0308682 0 0 -0.0855899  0.204055 0 0.395071 0 0 0.297232  0 0 0 0 0 0  
6.59734 0.234941 0.0325648 -2.50944 0 2 0 0 -2.73166  -2.63642 0 1.58695 0 0 -2.93216  -0.0694256 0 0.0329154 0 0 -0.075595  0.196406 0 0.380133 0 0 0.276096  0 0 0 0 0 0  
7.53982 0.265291 0.031655 -2.63254 0 2 0 0 -2.74796  -2.75012 0 1.58572 0 0 -2.94376  -0.0827466 0 0.0336355 0 0 -0.0825389  0.200332 0 0.380645 0 0 0.278341  0 0 0 0 0 0  
8.4823 0.29478 0.0313182 -2.58996 0 2 0 0 -2.77644  -2.72252 0 1.59386 0 0 -2.96065  -0.068576 0 0.0372686 0 0 -0.0749295  0.201132 0 0.368871 0 0 0.259141  0 0 0 0 0 0  
9.42478 0.324935 0.0325994 -2.65673 0 2 0 0 -2.8114  -2.79541 0 1.57265 0 0 -2.98988  -0.0680861 0 0.0385278 0 0 -0.0643484  0.206765 0 0.38882 0 0 0.242825  0 0 0 0 0 0  
10.3673 0.355631 0.0322387 -2.76011 0 2 0 0 -2.80408  -2.87125 0 1.56451 0 0 -2.98491  -0.0570933 0 0.048486 0 0 -0.0568885  0.168235 0 0.387006 0 0 0.23772  0 0 0 0 0 0  
11.3097 0.38595 0.0319635 -2.85265 0 2 0 0 -2.84443  -2.97793 0 1.58942 0 0 -3.03015  -0.0487869 0 0.0425174 0 0 -0.0525496  0.17407 0 0.368066 0 0 0.238267  0 0 0 0 0 0  
12.2522 0.414723 0.0295324 -3.00033 0 2 0 0 -2.99628  -3.11446 0 1.61695 0 0 -3.15358  -0.0562322 0 0.0407709 0 0 -0.0463076  0.170359 0 0.342278 0 0 0.203602  0 0 0 0 0 0  
13.1947 0.441919 0.0281533 -3.11711 0 2 0 0 -3.03659  -3.20911 0 1.64778 0 0 -3.18025  -0.0450867 0 0.0404307 0 0 -0.0370228  0.137084 0 0.311794 0 0 0.180682  0 0 0 0 0 0  
14.1372 0.468007 0.0271354 -3.20477 0 2 0 0 -3.04071  -3.2846 0 1.63901 0 0 -3.16473  -0.0476939 0 0.0424559 0 0 -0.0480773  0.127518 0 0.318531 0 0 0.172106  0 0 0 0 0 0  
15.0796 0.493095 0.026144 -3.22298 0 2 0 0 -2.99895  -3.30916 0 1.66299 0 0 -3.13363  -0.048134 0 0.041555 0 0 -0.0468431  0.13432 0 0.295456 0 0 0.181519  0 0 0 0 0 0  
16.0221 0.517233 0.0252557 -3.11944 0 2 0 0 -2.98228  -3.20006 0 1.67588 0 0 -3.11742  -0.0451604 0 0.0357111 0 0 -0.0467865  0.125788 0 0.288406 0 0 0.181927  0 0 0 0 0 0  
16.9646 0.540911 0.0254683 -2.99145 0 2 0 0 -2.92208  -3.09107 0 1.66993 0 0 -3.07643  -0.0449534 0 0.0355709 0 0 -0.0420386  0.144572 0 0.294503 0 0 0.196388  0 0 0 0 0 0  
17.9071 0.565865 0.0273474 -2.99578 0 2 0 0 -2.889  -3.10983 0 1.64578 0 0 -3.07448  -0.0552584 0 0.0329267 0 0 -0.047242  0.169302 0 0.32129 0 0 0.232725  0 0 0 0 0 0  
18.8496 0.591918 0.0281734 -3.08209 0 2 0 0 -2.82669  -3.18624 0 1.64818 0 0 -2.99333  -0.0502295 0 0.0379307 0 0 -0.0387565  0.154382 0 0.313891 0 0 0.205398  0 0 0 0 0 0  
19.792 0.618056 0.0271391 -3.10334 0 2 0 0 -2.77679  -3.19408 0 1.65056 0 0 -2.91739  -0.0513044 0 0.0405521 0 0 -0.037167  0.142048 0 0.308885 0 0 0.177766  0 0 0 0 0 0  
20.7345 0.642914 0.0260112 -3.06513 0 2 0 0 -2.64986  -3.15836 0 1.64736 0 0 -2.8125  -0.0465385 0 0.0366679 0 0 -0.0473695  0.139772 0 0.315976 0 0 0.210004  0 0 0 0 0 0  
21.677 0.666752 0.024869 -3.07106 0 2 0 0 -2.66855  -3.15652 0 1.66059 0 0 -2.82204  -0.035275 0 0.0359021 0 0 -0.0454364  0.120731 0 0.303509 0 0 0.198926  0 0 0 0 0 0  
22.6195 0.690984 0.0264612 -3.0437 0 2 0 0 -2.67592  -3.12019 0 1.64766 0 0 -2.8318  -0.0426828 0 0.0352748 0 0 -0.0459946  0.119171 0 0.317062 0 0 0.201882  0 0 0 0 0 0  
23.5619 0.716588 0.0281928 -3.01897 0 2 0 0 -2.59776  -3.10818 0 1.61442 0 0 -2.76421  -0.0613535 0 0.0332937 0 0 -0.0614524  0.15056 0 0.352288 0 0 0.227903  0 0 0 0 0 0  
24.5044 0.743597 0.0292647 -2.94013 0 2 0 0 -2.51614  -3.07796 0 1.57886 0 0 -2.71924  -0.0723732 0 0.0290159 0 0 -0.0767261  0.210203 0 0.392127 0 0 0.279823  0 0 0 0 0 0  
25.4469 0.771347 0.0295406 -2.8081 0 2 0 0 -2.48967  -2.95085 0 1.57651 0 0 -2.70299  -0.0775205 0 0.0303522 0 0 -0.0775553  0.220275 0 0.393133 0 0 0.290872  0 0 0 0 0 0  
26.3894 0.799216 0.0295392 -2.88723 0 2 0 0 -2.54304  -3.01418 0 1.58049 0 0 -2.7432  -0.0799166 0 0.0353017 0 0 -0.0798806  0.206859 0 0.384213 0 0 0.280042  0 0 0 0 0 0  
27.3319 0.825901 0.0269696 -3.0126 0 2 0 0 -2.74837  -3.12237 0 1.63109 0 0 -2.90787  -0.0659465 0 0.0363467 0 0 -0.066465  0.175716 0 0.332566 0 0 0.225964  0 0 0 0 0 0  
28.2743 0.850596 0.025632 -3.05932 0 2 0 0 -2.8853  -3.16921 0 1.66584 0 0 -3.02634  -0.0499117 0 0.0340089 0 0 -0.056566  0.159801 0 0.300151 0 0 0.197604  0 0 0 0 0 0  
29.2168 0.875212 0.0254212 -2.9628 0 2 0 0 -2.95071  -3.10278 0 1.66213 0 0 -3.10054  -0.0455183 0 0.0341824 0 0 -0.0502767  0.185493 0 0.303686 0 0 0.200111  0 0 0 0 0 0  
30.1593 0.899247 0.0251279 -2.79821 0 2 0 0 -2.9506  -2.9497 0 1.67707 0 0 -3.11379  -0.0368767 0 0.0303862 0 0 -0.0442134  0.188361 0 0.292541 0 0 0.207403  0 0 0 0 0 0  
31.1018 0.923044 0.0256415 -2.76067 0 2 0 0 -2.96232  -2.89673 0 1.67522 0 0 -3.10524  -0.0281558 0 0.0338744 0 0 -0.0314355  0.16422 0 0.290903 0 0 0.174353  0 0 0 0 0 0  
32.0442 0.947765 0.0266158 -2.73079 0 2 0 0 -2.98991  -2.85217 0 1.6716 0 0 -3.12398  -0.0280043 0 0.040828 0 0 -0.0341094  0.149388 0 0.28757 0 0 0.168184  0 0 0 0 0 0  
32.9867 0.973218 0.0276067 -2.68603 0 2 0 0 -3.0328  -2.81489 0 1.66592 0 0 -3.16497  -0.0345304 0 0.0393245 0 0 -0.0424236  0.163386 0 0.294753 0 0 0.174596  0 0 0 0 0 0  
33.9292 0.999747 0.0289243 -2.62861 0 2 0 0 -3.00909  -2.76149 0 1.63784 0 0 -3.15816  -0.0407648 0 0.040722 0 0 -0.0432046  0.173648 0 0.321434 0 0 0.192271  0 0 0 0 0 0  
34.8717 1.02759 0.0297599 -2.54968 0 2 0 0 -2.8877  -2.69383 0 1.60401 0 0 -3.07915  -0.0477292 0 0.0476607 0 0 -0.0576152  0.191884 0 0.348329 0 0 0.249065  0 0 0 0 0 0  
35.8142 1.05583 0.0300853 -2.4977 0 2 0 0 -2.73286  -2.6542 0 1.57042 0 0 -2.94707  -0.0548744 0 0.0439225 0 0 -0.0734858  0.211368 0 0.385655 0 0 0.287699  0 0 0 0 0 0  
36.7566 1.08408 0.0293797 -2.49582 0 2 0 0 -2.60874  -2.6608 0 1.57128 0 0 -2.82462  -0.0505236 0 0.042563 0 0 -0.0663676  0.2155 0 0.386153 0 0 0.282253  0 0 0 0 0 0  
37.6991 1.11131 0.0285531 -2.55115 0 2 0 0 -2.65108  -2.70576 0 1.5858 0 0 -2.86711  -0.0546283 0 0.0410448 0 0 -0.0588398  0.209234 0 0.37316 0 0 0.274878  0 0 0 0 0 0  
38.6416 1.13854 0.0293788 -2.6572 0 2 0 0 -2.71274  -2.8001 0 1.58474 0 0 -2.93328  -0.0592229 0 0.0393053 0 0 -0.0473217  0.202126 0 0.375958 0 0 0.26786  0 0 0 0 0 0  
39.5841 1.16581 0.0284738 -2.78788 0 2 0 0 -2.82368  -2.90014 0 1.60398 0 0 -2.99973  -0.0643412 0 0.0444477 0 0 -0.0468593  0.1766 0 0.351568 0 0 0.222912  0 0 0 0 0 0  
40.5265 1.19157 0.0258556 -2.92539 0 2 0 0 -2.92465  -3.02892 0 1.65821 0 0 -3.06954  -0.0443026 0 0.0432669 0 0 -0.0362139  0.147838 0 0.298522 0 0 0.18111  0 0 0 0 0 0  
41.469 1.21514 0.0244356 -2.96501 0 2 0 0 -2.89659  -3.07079 0 1.68411 0 0 -3.04447  -0.0414343 0 0.0365304 0 0 -0.0388099  0.147221 0 0.279362 0 0 0.18669  0 0 0 0 0 0  
42.4115 1.23825 0.024236 -3.04002 0 2 0 0 -2.94881  -3.12993 0 1.69173 0 0 -3.08077  -0.0408822 0 0.0372637 0 0 -0.0384919  0.130797 0 0.271008 0 0 0.170449  0 0 0 0 0 0  
43.354 1.26082 0.0233834 -3.06986 0 2 0 0 -3.02614  -3.16279 0 1.70125 0 0 -3.14605  -0.0403415 0 0.0333744 0 0 -0.0330904  0.133265 0 0.265373 0 0 0.153006  0 0 0 0 0 0  
44.2965 1.28222 0.0220446 -3.04878 0 2 0 0 -3.05407  -3.14338 0 1.71861 0 0 -3.17548  -0.0395273 0 0.0303119 0 0 -0.0249321  0.134124 0 0.251081 0 0 0.146342  0 0 0 0 0 0  
45.2389 1.30304 0.0221957 -3.09767 0 2 0 0 -3.11558  -3.17967 0 1.71744 0 0 -3.24436  -0.034476 0 0.0303949 0 0 -0.0242145  0.116469 0 0.252165 0 0 0.152992  0 0 0 0 0 0  
46.1814 1.32442 0.0236574 -3.10812 0 2 0 0 -3.23538  -3.17944 0 1.6967 0 0 -3.35864  -0.0391961 0 0.0345083 0 0 -0.0310548  0.110515 0 0.268789 0 0 0.154316  0 0 0 0 0 0  
47.1239 1.34646 0.0235052 -3.06935 0 2 0 0 -3.25428  -3.13907 0 1.718 0 0 -3.39386  -0.0438642 0 0.0297263 0 0 -0.0292591  0.113584 0 0.252269 0 0 0.168845  0 0 0 0 0 0  
48.0664 1.36973 0.0254347 -3.07275 0 2 0 0 -3.24294  -3.153 0 1.6991 0 0 -3.39302  -0.0421261 0 0.0318672 0 0 -0.0224951  0.122377 0 0.269032 0 0 0.172571  0 0 0 0 0 0  
49.0088 1.39434 0.0267825 -3.08378 0 2 0 0 -3.11  -3.15979 0 1.68344 0 0 -3.28125  -0.050733 0 0.03637 0 0 -0.0300489  0.126737 0 0.280193 0 0 0.201301  0 0 0 0 0 0  
49.9513 1.41915 0.0256805 -3.11071 0 2 0 0 -2.94132  -3.18527 0 1.67784 0 0 -3.11907  -0.050497 0 0.0379123 0 0 -0.0351231  0.125065 0 0.284252 0 0 0.212869  0 0 0 0 0 0  
50.8938 1.44279 0.024478 -3.08222 0 2 0 0 -2.97175  -3.14233 0 1.6974 0 0 -3.1294  -0.0465994 0 0.0345661 0 0 -0.0308842  0.106707 0 0.268033 0 0 0.188536  0 0 0 0 0 0  
51.8363 1.46525 0.0234805 -3.0345 0 2 0 0 -2.95061  -3.10227 0 1.70146 0 0 -3.10574  -0.0437262 0 0.0338904 0 0 -0.0259017  0.111497 0 0.264653 0 0 0.181034  0 0 0 0 0 0  
52.7788 1.48751 0.0237333 -3.0703 0 2 0 0 -2.94851  -3.13563 0 1.68624 0 0 -3.10201  -0.0484158 0 0.0320983 0 0 -0.033441  0.113743 0 0.281659 0 0 0.186944  0 0 0 0 0 0  
53.7212 1.51011 0.0244854 -3.17549 0 2 0 0 -2.99296  -3.24525 0 1.67086 0 0 -3.15057  -0.0447726 0 0.030876 0 0 -0.0433907  0.114531 0 0.298262 0 0 0.201001  0 0 0 0 0 0  
54.6637 1.53365 0.025528 -3.28421 0 2 0 0 -3.04747  -3.36629 0 1.6629 0 0 -3.21616  -0.0385534 0 0.0340944 0 0 -0.0407581  0.120635 0 0.303002 0 0 0.209445  0 0 0 0 0 0  
55.6062 1.55768 0.0255818 -3.40388 0 2 0 0 -3.06284  -3.47955 0 1.67014 0 0 -3.22272  -0.0410934 0 0.034656 0 0 -0.0352583  0.116762 0 0.295203 0 0 0.195139  0 0 0 0 0 0  
56.5487 1.58247 0.0266261 -3.34015 0 2 0 0 -2.96862  -3.41537 0 1.65381 0 0 -3.13019  -0.0444635 0 0.0352641 0 0 -0.0409696  0.119679 0 0.310926 0 0 0.202541  0 0 0 0 0 0  
57.4911 1.607 0.0258094 -3.17036 0 2 0 0 -2.85101  -3.26663 0 1.62924 0 0 -3.03022  -0.0481293 0 0.0330161 0 0 -0.0416339  0.144397 0 0.33774 0 0 0.220848  0 0 0 0 0 0  
58.4336 1.63134 0.0256516 -3.07018 0 2 0 0 -2.77066  -3.18293 0 1.61241 0 0 -2.97305  -0.0500754 0 0.0348418 0 0 -0.0438655  0.162825 0 0.352752 0 0 0.246263  0 0 0 0 0 0  
59.3761 1.65577 0.0259522 -2.99814 0 2 0 0 -2.78811  -3.09592 0 1.60689 0 0 -2.98151  -0.0470451 0 0.0407408 0 0 -0.0354482  0.144827 0 0.352365 0 0 0.22885  0 0 0 0 0 0  
60.3186 1.67967 0.0253358 -2.97308 0 2 0 0 -2.7961  -3.07933 0 1.62779 0 0 -2.98456  -0.0525179 0 0.0374629 0 0 -0.0342473  0.158768 0 0.33475 0 0 0.2227  0 0 0 0 0 0  
61.2611 1.70336 0.0254634 -2.95489 0 2 0 0 -2.78977  -3.05141 0 1.63836 0 0 -2.97362  -0.0501034 0 0.0353031 0 0 -0.040598  0.146626 0 0.326341 0 0 0.224453  0 0 0 0 0 0  
62.2035 1.72781 0.0264668 -2.95549 0 2 0 0 -2.76548  -3.03892 0 1.63563 0 0 -2.93649  -0.0480557 0 0.0366355 0 0 -0.0401966  0.131478 0 0.327738 0 0 0.211208  0 0 0 0 0 0  
63.146 1.75339 0.0276495 -2.95309 0 2 0 0 -2.79627  -3.05813 0 1.60971 0 0 -3.01538  -0.0606523 0 0.0339249 0 0 -0.0492131  0.165689 0 0.356364 0 0 0.268325  0 0 0 0 0 0  
64.0885 1.77954 0.0278373 -2.84304 0 2 0 0 -2.73763  -2.96061 0 1.58943 0 0 -2.96161  -0.0579562 0 0.0382744 0 0 -0.0515551  0.175525 0 0.372292 0 0 0.275539  0 0 0 0 0 0  
65.031 1.80582 0.0278141 -2.74715 0 2 0 0 -2.64858  -2.87392 0 1.58313 0 0 -2.85383  -0.0545853 0 0.0422638 0 0 -0.0504733  0.181361 0 0.374603 0 0 0.255723  0 0 0 0 0 0  
65.9734 1.83194 0.0268906 -2.63829 0 2 0 0 -2.4999  -2.78967 0 1.59231 0 0 -2.70783  -0.0535424 0 0.0432034 0 0 -0.044564  0.204929 0 0.364491 0 0 0.252495  0 0 0 0 0 0  
66.9159 1.85609 0.0243508 -2.56315 0 2 0 0 -2.48051  -2.71629 0 1.61692 0 0 -2.71063  -0.0521748 0 0.0355537 0 0 -0.0422301  0.205309 0 0.347531 0 0 0.272354  0 0 0 0 0 0  
67.8584 1.87845 0.0237913 -2.65288 0 2 0 0 -2.61153  -2.78356 0 1.63061 0 0 -2.81366  -0.0445726 0 0.0328372 0 0 -0.0379675  0.175246 0 0.336549 0 0 0.240096  0 0 0 0 0 0  
68.8009 1.90093 0.0243051 -2.69444 0 2 0 0 -2.67204  -2.82312 0 1.64209 0 0 -2.86971  -0.0455133 0 0.030047 0 0 -0.041617  0.174195 0 0.327861 0 0 0.239288  0 0 0 0 0 0  
69.7434 1.92393 0.0244316 -2.67187 0 2 0 0 -2.69608  -2.80602 0 1.65155 0 0 -2.88002  -0.0384359 0 0.0288351 0 0 -0.0418244  0.172579 0 0.319611 0 0 0.225764  0 0 0 0 0 0  
70.6858 1.94701 0.0248807 -2.69956 0 2 0 0 -2.74557  -2.84802 0 1.64674 0 0 -2.93781  -0.0525759 0 0.027041 0 0 -0.0472614  0.201035 0 0.32622 0 0 0.239501  0 0 0 0 0 0  
71.6283 1.97071 0.025375 -2.75213 0 2 0 0 -2.78919  -2.88326 0 1.64156 0 0 -2.96927  -0.0559635 0 0.0294634 0 0 -0.0519163  0.187087 0 0.328972 0 0 0.231995  0 0 0 0 0 0  
72.5708 1.99492 0.0256765 -2.77799 0 2 0 0 -2.85185  -2.91112 0 1.64694 0 0 -3.02557  -0.0547696 0 0.0289313 0 0 -0.055011  0.187898 0 0.324132 0 0 0.228733  0 0 0 0 0 0  
73.5133 2.0184 0.0244189 -2.88169 0 2 0 0 -2.92406  -3.0209 0 1.66856 0 0 -3.07942  -0.0584072 0 0.024106 0 0 -0.0512139  0.197617 0 0.307335 0 0 0.206569  0 0 0 0 0 0  
74.4557 2.0412 0.0242502 -2.99944 0 2 0 0 -2.98309  -3.13396 0 1.68835 0 0 -3.13198  -0.0491194 0 0.0237601 0 0 -0.0435402  0.183639 0 0.287888 0 0 0.192424  0 0 0 0 0 0  
75.3982 2.06425 0.0249744 -3.0835 0 2 0 0 -3.07498  -3.19585 0 1.68629 0 0 -3.20514  -0.039226 0 0.0362145 0 0 -0.040962  0.151579 0 0.277491 0 0 0.171129  0 0 0 0 0 0  
76.3407 2.08795 0.0245195 -3.12707 0 2 0 0 -3.16633  -3.22972 0 1.69146 0 0 -3.29042  -0.0390356 0 0.0350854 0 0 -0.0380038  0.141681 0 0.273451 0 0 0.162099  0 0 0 0 0 0  
77.2832 2.11088 0.0241349 -3.1232 0 2 0 0 -3.15967  -3.22217 0 1.70662 0 0 -3.28901  -0.0332096 0 0.0298729 0 0 -0.0384854  0.13218 0 0.263502 0 0 0.167832  0 0 0 0 0 0  
78.2257 2.13362 0.0244351 -3.08635 0 2 0 0 -3.15462  -3.20208 0 1.69375 0 0 -3.30382  -0.0318099 0 0.0266837 0 0 -0.0369032  0.147544 0 0.279566 0 0 0.186101  0 0 0 0 0 0  
79.1681 2.15699 0.0255035 -3.03149 0 2 0 0 -3.11769  -3.14667 0 1.69073 0 0 -3.26731  -0.0336272 0 0.0302162 0 0 -0.0318804  0.148814 0 0.279053 0 0 0.181496  0 0 0 0 0 0  
80.1106 2.18172 0.026981 -2.95616 0 2 0 0 -2.99469  -3.07256 0 1.67303 0 0 -3.16206  -0.0357003 0 0.0351522 0 0 -0.0325027  0.152097 0 0.291816 0 0 0.199874  0 0 0 0 0 0  
81.0531 2.20683 0.0264666 -2.95146 0 2 0 0 -2.86049  -3.06961 0 1.66422 0 0 -3.03535  -0.0416324 0 0.0318892 0 0 -0.0313965  0.159775 0 0.303894 0 0 0.206254  0 0 0 0 0 0  
81.9956 2.23133 0.0254937 -2.99009 0 2 0 0 -2.90703  -3.10439 0 1.67229 0 0 -3.05515  -0.0410505 0 0.0326746 0 0 -0.0331464  0.155347 0 0.295033 0 0 0.181267  0 0 0 0 0 0  
82.938 2.25525 0.0252485 -3.00147 0 2 0 0 -3.00578  -3.11503 0 1.67503 0 0 -3.13775  -0.0486504 0 0.0335295 0 0 -0.0384421  0.162219 0 0.291445 0 0 0.170412  0 0 0 0 0 0  
83.8805 2.27927 0.0259296 -3.05508 0 2 0 0 -3.11169  -3.16707 0 1.66612 0 0 -3.22968  -0.0421541 0 0.0379056 0 0 -0.0416492  0.154147 0 0.295976 0 0 0.159647  0 0 0 0 0 0  
84.823 2.30419 0.0271323 -3.07899 0 2 0 0 -3.05103  -3.19884 0 1.65517 0 0 -3.16578  -0.0431305 0 0.0405075 0 0 -0.0402286  0.162978 0 0.304327 0 0 0.154987  0 0 0 0 0 0  
85.7655 2.32971 0.0275873 -3.07488 0 2 0 0 -3.02423  -3.18618 0 1.63794 0 0 -3.15527  -0.0520212 0 0.0394137 0 0 -0.0499601  0.163317 0 0.322642 0 0 0.180998  0 0 0 0 0 0  
86.708 2.35612 0.0279403 -2.95311 0 2 0 0 -3.02445  -3.07334 0 1.62406 0 0 -3.18012  -0.0515835 0 0.0408583 0 0 -0.0560241  0.171811 0 0.335082 0 0 0.211702  0 0 0 0 0 0  
87.6504 2.38252 0.0281076 -2.923 0 2 0 0 -3.03143  -3.05556 0 1.63243 0 0 -3.1996  -0.0484784 0 0.0410414 0 0 -0.0515332  0.181038 0 0.326529 0 0 0.219703  0 0 0 0 0 0  
88.5929 2.40962 0.028982 -2.94565 0 2 0 0 -3.08057  -3.08553 0 1.61939 0 0 -3.25218  -0.0506991 0 0.0388323 0 0 -0.0483069  0.190572 0 0.341778 0 0 0.219918  0 0 0 0 0 0  
89.5354 2.43647 0.0281127 -2.89615 0 2 0 0 -3.07624  -3.03516 0 1.63904 0 0 -3.24938  -0.0485969 0 0.0389392 0 0 -0.0468443  0.187601 0 0.322016 0 0 0.219982  0 0 0 0 0 0  
90.4779 2.4628 0.0282837 -2.89313 0 2 0 0 -2.95249  -3.0429 0 1.64628 0 0 -3.1501  -0.0347938 0 0.0368986 0 0 -0.0384547  0.184554 0 0.31682 0 0 0.236063  0 0 0 0 0 0  
91.4203 2.48983 0.0288185 -2.8697 0 2 0 0 -2.76525  -3.0142 0 1.63158 0 0 -2.95143  -0.0501638 0 0.0375291 0 0 -0.0413586  0.194664 0 0.330895 0 0 0.227545  0 0 0 0 0 0  
92.3628 2.51733 0.0284495 -2.87922 0 2 0 0 -2.57728  -3.01333 0 1.62294 0 0 -2.75164  -0.0530001 0 0.0402086 0 0 -0.0456507  0.187104 0 0.336856 0 0 0.220007  0 0 0 0 0 0  
93.3053 2.5437 0.0274271 -2.88519 0 2 0 0 -2.50651  -3.01608 0 1.6324 0 0 -2.68057  -0.0527978 0 0.0316701 0 0 -0.0503764  0.183688 0 0.335934 0 0 0.224433  0 0 0 0 0 0  
94.2478 2.56909 0.0268221 -2.87335 0 2 0 0 -2.62021  -2.99251 0 1.6357 0 0 -2.78703  -0.0541006 0 0.0305359 0 0 -0.0527696  0.173268 0 0.333759 0 0 0.219588  0 0 0 0 0 0  
95.1903 2.59447 0.0275583 -2.90428 0 2 0 0 -2.74978  -3.01399 0 1.6192 0 0 -2.91497  -0.0621347 0 0.0274751 0 0 -0.0666171  0.171841 0 0.353323 0 0 0.231809  0 0 0 0 0 0  
96.1327 2.62083 0.0284367 -2.86886 0 2 0 0 -2.81191  -2.96584 0 1.61185 0 0 -2.96563  -0.0657284 0 0.0354373 0 0 -0.0683692  0.162703 0 0.352713 0 0 0.222089  0 0 0 0 0 0  
97.0752 2.64768 0.0284335 -2.81074 0 2 0 0 -2.7409  -2.90728 0 1.60744 0 0 -2.89282  -0.0637347 0 0.0320121 0 0 -0.0623552  0.160273 0 0.360552 0 0 0.214283  0 0 0 0 0 0  
98.0177 2.67491 0.0286671 -2.70584 0 2 0 0 -2.65555  -2.80644 0 1.5974 0 0 -2.80029  -0.0665615 0 0.0374985 0 0 -0.0636392  0.167161 0 0.365102 0 0 0.208383  0 0 0 0 0 0  
98.9602 2.7018 0.0290384 -2.67538 0 2 0 0 -2.68063  -2.77449 0 1.59591 0 0 -2.83668  -0.0736089 0 0.0354143 0 0 -0.0621831  0.172711 0 0.368676 0 0 0.218238  0 0 0 0 0 0  
99.9026 2.72885 0.0290061 -2.71842 0 2 0 0 -2.68244  -2.80765 0 1.61742 0 0 -2.82827  -0.0641965 0 0.0341171 0 0 -0.052491  0.153425 0 0.348464 0 0 0.198315  0 0 0 0 0 0  
100.845 2.75606 0.0281593 -2.87219 0 2 0 0 -2.7911  -2.96313 0 1.62898 0 0 -2.92801  -0.0542386 0 0.0363929 0 0 -0.0543193  0.145176 0 0.33463 0 0 0.191225  0 0 0 0 0 0  
101.788 2.78273 0.0280031 -2.9462 0 2 0 0 -2.86689  -3.04206 0 1.63929 0 0 -3.00933  -0.0548563 0 0.0382577 0 0 -0.0441472  0.150721 0 0.322453 0 0 0.186586  0 0 0 0 0 0  
102.73 2.80954 0.0289828 -2.99481 0 2 0 0 -2.79436  -3.09193 0 1.60748 0 0 -2.95142  -0.0603706 0 0.0405689 0 0 -0.0578376  0.157489 0 0.351953 0 0 0.214892  0 0 0 0 0 0  
103.673 2.83696 0.0295885 -3.01333 0 2 0 0 -2.78028  -3.11442 0 1.58549 0 0 -2.97045  -0.06858 0 0.0371605 0 0 -0.061864  0.169669 0 0.37735 0 0 0.252038  0 0 0 0 0 0  
104.615 2.86451 0.0293514 -3.0393 0 2 0 0 -2.72259  -3.117 0 1.60137 0 0 -2.89792  -0.0665379 0 0.0369745 0 0 -0.0639501  0.144236 0 0.361655 0 0 0.23928  0 0 0 0 0 0  
105.558 2.89092 0.0269369 -3.09728 0 2 0 0 -2.75825  -3.15845 0 1.63855 0 0 -2.89334  -0.0522923 0 0.034658 0 0 -0.0526591  0.113468 0 0.326795 0 0 0.187751  0 0 0 0 0 0  
106.5 2.91585 0.0258628 -3.09286 0 2 0 0 -2.80873  -3.15392 0 1.65961 0 0 -2.9325  -0.0474444 0 0.0390485 0 0 -0.0413549  0.108509 0 0.301342 0 0 0.16513  0 0 0 0 0 0  
107.442 2.93997 0.0253104 -3.10672 0 2 0 0 -2.8122  -3.18848 0 1.67812 0 0 -2.94458  -0.0404167 0 0.03862 0 0 -0.0362469  0.122177 0 0.283256 0 0 0.168626  0 0 0 0 0 0  
108.385 2.96357 0.0246881 -3.17597 0 2 0 0 -2.81353  -3.25964 0 1.68659 0 0 -2.94335  -0.0435408 0 0.0390805 0 0 -0.0361939  0.127215 0 0.274331 0 0 0.166015  0 0 0 0 0 0  
109.327 2.98658 0.0240439 -3.20447 0 2 0 0 -2.86266  -3.3063 0 1.69673 0 0 -3.01097  -0.0335425 0 0.0354719 0 0 -0.040277  0.135369 0 0.2678 0 0 0.188592  0 0 0 0 0 0  
110.27 3.00833 0.0227334 -3.20437 0 2 0 0 -3.00996  -3.29195 0 1.7135 0 0 -3.14226  -0.0369996 0 0.0335135 0 0 -0.0419332  0.124581 0 0.252989 0 0 0.174237  0 0 0 0 0 0  
111.212 3.02985 0.0233838 -3.18397 0 2 0 0 -3.08686  -3.25652 0 1.71273 0 0 -3.20334  -0.0305851 0 0.0362618 0 0 -0.0308631  0.103131 0 0.25101 0 0 0.147343  0 0 0 0 0 0  
112.155 3.05254 0.0248061 -3.2251 0 2 0 0 -3.08079  -3.29452 0 1.67517 0 0 -3.19841  -0.040271 0 0.0393199 0 0 -0.0405639  0.109687 0 0.285507 0 0 0.158176  0 0 0 0 0 0  
113.097 3.07645 0.0255845 -3.27438 0 2 0 0 -2.98343  -3.37377 0 1.67247 0 0 -3.12614  -0.0388482 0 0.0356795 0 0 -0.0470603  0.138239 0 0.29185 0 0 0.189771  0 0 0 0 0 0  
114.04 3.10076 0.0262859 -3.34025 0 2 0 0 -2.95596  -3.4255 0 1.65702 0 0 -3.09542  -0.0362724 0 0.0395193 0 0 -0.0407735  0.121516 0 0.303457 0 0 0.180239  0 0 0 0 0 0  
114.982 3.12558 0.0265028 -3.26137 0 2 0 0 -2.95393  -3.3647 0 1.64912 0 0 -3.09239  -0.0354368 0 0.0425894 0 0 -0.0472726  0.138773 0 0.308289 0 0 0.185731  0 0 0 0 0 0  
115.925 3.15002 0.0261139 -3.13637 0 2 0 0 -3.00205  -3.23803 0 1.65612 0 0 -3.14078  -0.0386412 0 0.0431568 0 0 -0.0429477  0.140303 0 0.300725 0 0 0.181675  0 0 0 0 0 0  
116.867 3.17482 0.0259678 -3.03284 0 2 0 0 -3.0186  -3.14818 0 1.66804 0 0 -3.16389  -0.036698 0 0.0382847 0 0 -0.0487083  0.152033 0 0.293672 0 0 0.193993  0 0 0 0 0 0  
117.81 3.19945 0.0263494 -2.90162 0 2 0 0 -2.9859  -3.01905 0 1.66471 0 0 -3.13601  -0.0434644 0 0.0315186 0 0 -0.0493315  0.1609 0 0.303768 0 0 0.199443  0 0 0 0 0 0  
118.752 3.22438 0.0261603 -2.80808 0 2 0 0 -2.89731  -2.89963 0 1.64461 0 0 -3.05943  -0.0520078 0 0.0354523 0 0 -0.0558144  0.143554 0 0.319941 0 0 0.217941  0 0 0 0 0 0  
119.695 3.2487 0.0252294 -2.76223 0 2 0 0 -2.77935  -2.89081 0 1.6434 0 0 -2.95778  -0.0473656 0 0.0307211 0 0 -0.0601274  0.175944 0 0.325882 0 0 0.238557  0 0 0 0 0 0  
120.637 3.2721 0.0243723 -2.78387 0 2 0 0 -2.72471  -2.92361 0 1.64151 0 0 -2.92626  -0.0507203 0 0.0273283 0 0 -0.0603495  0.190463 0 0.331163 0 0 0.261903  0 0 0 0 0 0  
121.58 3.29492 0.0244675 -2.76191 0 2 0 0 -2.74826  -2.89765 0 1.65713 0 0 -2.94235  -0.047468 0 0.0248577 0 0 -0.0588345  0.183216 0 0.318009 0 0 0.252931  0 0 0 0 0 0  
122.522 3.31861 0.0257381 -2.74333 0 2 0 0 -2.82392  -2.88889 0 1.63384 0 0 -3.03575  -0.0567053 0 0.0283664 0 0 -0.0688702  0.202264 0 0.337793 0 0 0.280699  0 0 0 0 0 0  
123.465 3.34336 0.0267475 -2.75717 0 2 0 0 -2.92137  -2.90803 0 1.6251 0 0 -3.12119  -0.0596886 0 0.0304222 0 0 -0.064001  0.210549 0 0.344479 0 0 0.26382  0 0 0 0 0 0  
124.407 3.36874 0.0267856 -2.75437 0 2 0 0 -3.00716  -2.90495 0 1.62541 0 0 -3.2021  -0.055514 0 0.0358031 0 0 -0.052201  0.206099 0 0.338786 0 0 0.247136  0 0 0 0 0 0  
125.35 3.39506 0.0284749 -2.82274 0 2 0 0 -3.00579  -2.97302 0 1.61316 0 0 -3.22642  -0.057074 0 0.0319299 0 0 -0.0438727  0.20735 0 0.354912 0 0 0.264502  0 0 0 0 0 0  
126.292 3.42181 0.0281052 -2.83612 0 2 0 0 -2.95158  -2.98302 0 1.60061 0 0 -3.18984  -0.0563195 0 0.0355749 0 0 -0.046682  0.203223 0 0.363818 0 0 0.284944  0 0 0 0 0 0  
127.235 3.44759 0.0271264 -2.93397 0 2 0 0 -2.86902  -3.07574 0 1.61134 0 0 -3.10799  -0.0496119 0 0.0408301 0 0 -0.0366407  0.19139 0 0.347834 0 0 0.275611  0 0 0 0 0 0  
128.177 3.47311 0.026697 -3.02675 0 2 0 0 -2.9092  -3.15345 0 1.63354 0 0 -3.11373  -0.0462631 0 0.0416377 0 0 -0.0335767  0.172955 0 0.324822 0 0 0.238099  0 0 0 0 0 0  
129.119 3.49803 0.0264422 -3.00862 0 2 0 0 -2.9107  -3.13244 0 1.64234 0 0 -3.10461  -0.0451765 0 0.0380499 0 0 -0.0426106  0.168996 0 0.319608 0 0 0.236521  0 0 0 0 0 0  
130.062 3.52237 0.0255616 -3.06234 0 2 0 0 -2.83606  -3.16865 0 1.64396 0 0 -2.99726  -0.0434669 0 0.0443926 0 0 -0.0443364  0.149781 0 0.311652 0 0 0.205538  0 0 0 0 0 0  
131.004 3.54562 0.0236173 -3.05976 0 2 0 0 -2.89246  -3.16222 0 1.67397 0 0 -3.03613  -0.0474182 0 0.0397711 0 0 -0.0539365  0.149877 0 0.28626 0 0 0.1976  0 0 0 0 0 0  
131.947 3.56707 0.0218911 -3.05707 0 2 0 0 -2.92808  -3.16152 0 1.69393 0 0 -3.07535  -0.0368261 0 0.0357185 0 0 -0.0404484  0.141278 0 0.270351 0 0 0.18772  0 0 0 0 0 0  
132.889 3.58725 0.0210892 -3.10955 0 2 0 0 -3.02573  -3.22873 0 1.70939 0 0 -3.17675  -0.0365761 0 0.0290794 0 0 -0.0401249  0.155753 0 0.261527 0 0 0.191146  0 0 0 0 0 0  
133.832 3.60689 0.0207579 -3.15868 0 2 0 0 -3.07615  -3.26224 0 1.72327 0 0 -3.20652  -0.0324137 0 0.0307083 0 0 -0.0357106  0.135974 0 0.24602 0 0 0.166082  0 0 0 0 0 0  
134.774 3.62691 0.0219136 -3.21173 0 2 0 0 -3.11792  -3.31453 0 1.72525 0 0 -3.25872  -0.0274235 0 0.0282088 0 0 -0.0318648  0.13022 0 0.246542 0 0 0.172667  0 0 0 0 0 0  
135.717 3.64792 0.0225395 -3.15918 0 2 0 0 -3.05469  -3.25108 0 1.72255 0 0 -3.18171  -0.0309641 0 0.0300833 0 0 -0.0295625  0.122859 0 0.247369 0 0 0.15658  0 0 0 0 0 0  
136.659 3.66953 0.0233249 -3.07081 0 2 0 0 -2.98383  -3.15396 0 1.70502 0 0 -3.11415  -0.0433105 0 0.0313888 0 0 -0.0388752  0.126461 0 0.263591 0 0 0.169192  0 0 0 0 0 0  
137.602 3.69232 0.0250067 -3.00583 0 2 0 0 -2.86729  -3.10784 0 1.68136 0 0 -2.99428  -0.0360519 0 0.0377759 0 0 -0.0387045  0.138052 0 0.280862 0 0 0.165696  0 0 0 0 0 0  
138.544 3.71633 0.0257452 -2.86642 0 2 0 0 -2.77074  -2.99993 0 1.65436 0 0 -2.93046  -0.0356621 0 0.0357852 0 0 -0.0378362  0.169178 0 0.309855 0 0 0.197555  0 0 0 0 0 0  
139.487 3.74029 0.0245087 -2.8396 0 2 0 0 -2.78311  -2.97765 0 1.66798 0 0 -2.95933  -0.0365693 0 0.0300209 0 0 -0.0440589  0.174618 0 0.301998 0 0 0.220272  0 0 0 0 0 0  
140.429 3.7633 0.0247052 -2.85323 0 2 0 0 -2.87676  -2.98708 0 1.65318 0 0 -3.04431  -0.0487278 0 0.0338096 0 0 -0.0537798  0.182577 0 0.313009 0 0 0.22133  0 0 0 0 0 0  
141.372 3.78674 0.024747 -2.79897 0 2 0 0 -2.96368  -2.92096 0 1.65858 0 0 -3.11527  -0.0509285 0 0.0330291 0 0 -0.0425848  0.172912 0 0.308391 0 0 0.194175  0 0 0 0 0 0  
142.314 3.81015 0.0250114 -2.8758 0 2 0 0 -3.01046  -2.98763 0 1.65907 0 0 -3.14386  -0.057865 0 0.0388905 0 0 -0.0419729  0.169692 0 0.302035 0 0 0.175374  0 0 0 0 0 0  
143.257 3.83358 0.0245918 -2.97635 0 2 0 0 -3.04042  -3.08569 0 1.65872 0 0 -3.17104  -0.0580351 0 0.040014 0 0 -0.0423548  0.167377 0 0.301265 0 0 0.172974  0 0 0 0 0 0  
144.199 3.85678 0.0247841 -2.91029 0 2 0 0 -2.89276  -3.00794 0 1.66385 0 0 -3.02878  -0.0542357 0 0.0412159 0 0 -0.0349915  0.151891 0 0.294935 0 0 0.171011  0 0 0 0 0 0  
145.142 3.87959 0.0237663 -2.84732 0 2 0 0 -2.80142  -2.94459 0 1.68502 0 0 -2.93442  -0.0513576 0 0.0361449 0 0 -0.0356966  0.148628 0 0.278836 0 0 0.168697  0 0 0 0 0 0  
146.084 3.90152 0.0231499 -2.95027 0 2 0 0 -2.782  -3.0514 0 1.68364 0 0 -2.9079  -0.0591757 0 0.0350457 0 0 -0.0502105  0.160308 0 0.281318 0 0 0.176109  0 0 0 0 0 0  
147.027 3.92271 0.0217472 -3.11375 0 2 0 0 -2.77659  -3.21078 0 1.71273 0 0 -2.90582  -0.0414206 0 0.0322614 0 0 -0.039813  0.138457 0 0.255012 0 0 0.169048  0 0 0 0 0 0  
147.969 3.9428 0.0208288 -3.22478 0 2 0 0 -2.76071  -3.3095 0 1.73835 0 0 -2.87335  -0.0372363 0 0.0308672 0 0 -0.0349506  0.121955 0 0.230779 0 0 0.147588  0 0 0 0 0 0  
148.911 3.96196 0.0203428 -3.271 0 2 0 0 -2.69814  -3.34453 0 1.75639 0 0 -2.79977  -0.0287983 0 0.0268102 0 0 -0.0214936  0.10233 0 0.2168 0 0 0.123122  0 0 0 0 0 0  
149.854 3.98135 0.0206296 -3.30116 0 2 0 0 -2.6739  -3.38113 0 1.73431 0 0 -2.79943  -0.0372477 0 0.029272 0 0 -0.0342435  0.117218 0 0.236415 0 0 0.159774  0 0 0 0 0 0  
150.796 4.00115 0.0217203 -3.30594 0 2 0 0 -2.59309  -3.39962 0 1.72085 0 0 -2.74406  -0.0388423 0 0.0295942 0 0 -0.0310531  0.132521 0 0.249557 0 0 0.182027  0 0 0 0 0 0  
151.739 4.02199 0.0227592 -3.30619 0 2 0 0 -2.41561  -3.40572 0 1.69516 0 0 -2.57983  -0.0417073 0 0.0304558 0 0 -0.0446624  0.141243 0 0.274384 0 0 0.208881  0 0 0 0 0 0  
152.681 4.04403 0.0235297 -3.16925 0 2 0 0 -2.31841  -3.28053 0 1.66637 0 0 -2.50937  -0.0468135 0 0.0333836 0 0 -0.0514705  0.158097 0 0.300242 0 0 0.242427  0 0 0 0 0 0  
153.624 4.06583 0.0227961 -3.02535 0 2 0 0 -2.36839  -3.14751 0 1.66777 0 0 -2.5657  -0.0420938 0 0.0316811 0 0 -0.048874  0.164254 0 0.300551 0 0 0.246183  0 0 0 0 0 0  
154.566 4.08713 0.0226565 -2.90807 0 2 0 0 -2.49823  -3.03892 0 1.67265 0 0 -2.68283  -0.0428056 0 0.0296032 0 0 -0.0480405  0.173661 0 0.297747 0 0 0.232641  0 0 0 0 0 0  
155.509 4.10811 0.0218942 -2.90996 0 2 0 0 -2.60486  -3.01778 0 1.6795 0 0 -2.76858  -0.0507189 0 0.0290391 0 0 -0.0503483  0.158537 0 0.291466 0 0 0.214067  0 0 0 0 0 0  
156.451 4.12926 0.02316 -2.99468 0 2 0 0 -2.75985  -3.09144 0 1.69121 0 0 -2.90844  -0.0378965 0 0.033419 0 0 -0.0360192  0.134655 0 0.275371 0 0 0.184608  0 0 0 0 0 0  
157.394 4.15135 0.0235844 -3.09939 0 2 0 0 -2.90197  -3.20675 0 1.69374 0 0 -3.05224  -0.0318849 0 0.0318691 0 0 -0.0259115  0.139252 0 0.274393 0 0 0.176182  0 0 0 0 0 0  
158.336 4.17414 0.0248492 -3.12687 0 2 0 0 -2.91558  -3.23591 0 1.6757 0 0 -3.082  -0.032019 0 0.0340247 0 0 -0.0257527  0.141061 0 0.290275 0 0 0.192165  0 0 0 0 0 0  
159.279 4.1974 0.0249622 -3.09154 0 2 0 0 -2.92747  -3.1794 0 1.67048 0 0 -3.08948  -0.03518 0 0.0407096 0 0 -0.0282807  0.123045 0 0.288815 0 0 0.190295  0 0 0 0 0 0  
160.221 4.22163 0.0260168 -3.11322 0 2 0 0 -2.93868  -3.20596 0 1.6627 0 0 -3.1068  -0.0465405 0 0.0382515 0 0 -0.0368946  0.139282 0 0.299045 0 0 0.205013  0 0 0 0 0 0  
161.164 4.24717 0.028087 -3.11334 0 2 0 0 -2.97551  -3.24851 0 1.62606 0 0 -3.16746  -0.0543105 0 0.0378974 0 0 -0.0448213  0.189476 0 0.336047 0 0 0.236765  0 0 0 0 0 0  
162.106 4.27423 0.0293821 -3.056 0 2 0 0 -2.92287  -3.20584 0 1.61317 0 0 -3.11001  -0.0538711 0 0.0381892 0 0 -0.039494  0.203704 0 0.348644 0 0 0.226633  0 0 0 0 0 0  
163.049 4.30224 0.0290929 -3.0266 0 2 0 0 -2.8596  -3.16935 0 1.60227 0 0 -3.04179  -0.0658836 0 0.0459925 0 0 -0.0434315  0.208634 0 0.351742 0 0 0.225618  0 0 0 0 0 0  
163.991 4.32891 0.0275918 -3.08449 0 2 0 0 -2.84817  -3.21384 0 1.6241 0 0 -3.03416  -0.0573862 0 0.0409043 0 0 -0.0423191  0.186738 0 0.335 0 0 0.228308  0 0 0 0 0 0  
164.934 4.35505 0.0274563 -3.08562 0 2 0 0 -2.72783  -3.2178 0 1.63571 0 0 -2.92039  -0.0529153 0 0.0354051 0 0 -0.0426303  0.185098 0 0.328882 0 0 0.235191  0 0 0 0 0 0  
165.876 4.38089 0.0269236 -3.04795 0 2 0 0 -2.72165  -3.17718 0 1.63999 0 0 -2.91635  -0.0595149 0 0.0371224 0 0 -0.0525128  0.188739 0 0.32289 0 0 0.247212  0 0 0 0 0 0  
166.819 4.40564 0.0255218 -3.07537 0 2 0 0 -2.77079  -3.18775 0 1.65856 0 0 -2.94577  -0.0606512 0 0.0311821 0 0 -0.0481022  0.173032 0 0.31026 0 0 0.223077  0 0 0 0 0 0  
167.761 4.42836 0.0232561 -3.24236 0 2 0 0 -2.97074  -3.32001 0 1.68998 0 0 -3.10604  -0.0560692 0 0.033932 0 0 -0.0452305  0.133717 0 0.276092 0 0 0.180528  0 0 0 0 0 0  
168.704 4.45041 0.0233745 -3.44461 0 2 0 0 -3.05059  -3.52761 0 1.6921 0 0 -3.18302  -0.0639483 0 0.0319359 0 0 -0.0517085  0.146949 0 0.27596 0 0 0.184136  0 0 0 0 0 0  
169.646 4.47175 0.0218544 -3.58003 0 2 0 0 -3.14756  -3.66646 0 1.718 0 0 -3.28516  -0.0501839 0 0.0299214 0 0 -0.0340742  0.136612 0 0.25208 0 0 0.171669  0 0 0 0 0 0  
170.588 4.49143 0.0199467 -3.74848 0 2 0 0 -3.1862  -3.82934 0 1.73829 0 0 -3.30891  -0.041461 0 0.0288738 0 0 -0.0325229  0.122316 0 0.232834 0 0 0.155238  0 0 0 0 0 0  
171.531 4.51008 0.0199025 -3.81288 0 2 0 0 -3.18713  -3.90813 0 1.73528 0 0 -3.31299  -0.0340766 0 0.0282551 0 0 -0.028642  0.129319 0 0.236467 0 0 0.154499  0 0 0 0 0 0  
172.473 4.52865 0.0197605 -3.79133 0 2 0 0 -3.1643  -3.88348 0 1.73839 0 0 -3.29709  -0.0308625 0 0.0282932 0 0 -0.0256703  0.123009 0 0.233318 0 0 0.158467  0 0 0 0 0 0  
173.416 4.54723 0.0199146 -3.76076 0 2 0 0 -3.13933  -3.83299 0 1.74402 0 0 -3.24958  -0.0294824 0 0.0341073 0 0 -0.021895  0.101712 0 0.221874 0 0 0.132142  0 0 0 0 0 0  
174.358 4.56581 0.0198352 -3.7581 0 2 0 0 -3.15914  -3.85257 0 1.75307 0 0 -3.27986  -0.0298861 0 0.0324098 0 0 -0.0202261  0.124357 0 0.214521 0 0 0.140949  0 0 0 0 0 0  
175.301 4.58429 0.0197188 -3.7508 0 2 0 0 -3.29371  -3.83862 0 1.75429 0 0 -3.41069  -0.0286975 0 0.0307962 0 0 -0.0237798  0.116511 0 0.214917 0 0 0.140763  0 0 0 0 0 0  
176.243 4.60352 0.0208651 -3.64736 0 2 0 0 -3.28847  -3.73975 0 1.74843 0 0 -3.4132  -0.026545 0 0.0336487 0 0 -0.0206655  0.118935 0 0.217922 0 0 0.145403  0 0 0 0 0 0  
177.186 4.62395 0.0221292 -3.50743 0 2 0 0 -3.3274  -3.61671 0 1.7245 0 0 -3.46121  -0.0313268 0 0.035684 0 0 -0.0216375  0.140603 0 0.23982 0 0 0.155453  0 0 0 0 0 0  
178.128 4.64549 0.0229681 -3.26559 0 2 0 0 -3.22288  -3.39263 0 1.69537 0 0 -3.37634  -0.0382539 0 0.0340423 0 0 -0.0281134  0.165302 0 0.270589 0 0 0.181574  0 0 0 0 0 0  
179.071 4.66771 0.0239723 -3.15225 0 2 0 0 -3.12112  -3.28758 0 1.67837 0 0 -3.30111  -0.0390789 0 0.0342688 0 0 -0.0269359  0.174405 0 0.287358 0 0 0.206924  0 0 0 0 0 0  
180.013 4.69032 0.0242545 -3.07783 0 2 0 0 -3.09659  -3.19233 0 1.66573 0 0 -3.2729  -0.0359286 0 0.0399991 0 0 -0.0301923  0.150429 0 0.294274 0 0 0.206506  0 0 0 0 0 0  
180.956 4.71368 0.0251648 -2.95905 0 2 0 0 -3.05664  -3.08174 0 1.65949 0 0 -3.24203  -0.0329058 0 0.0382894 0 0 -0.0296585  0.155598 0 0.302217 0 0 0.215053  0 0 0 0 0 0  
181.898 4.73762 0.0261706 -2.98049 0 2 0 0 -2.96718  -3.1155 0 1.63855 0 0 -3.16389  -0.04063 0 0.0352872 0 0 -0.0382053  0.175645 0 0.326158 0 0 0.234908  0 0 0 0 0 0  
182.841 4.76257 0.02707 -3.01062 0 2 0 0 -2.82139  -3.16185 0 1.61415 0 0 -3.0482  -0.0467779 0 0.0321996 0 0 -0.0508483  0.198014 0 0.353653 0 0 0.277654  0 0 0 0 0 0  
183.783 4.78839 0.0277186 -3.03627 0 2 0 0 -2.62558  -3.17931 0 1.6054 0 0 -2.8475  -0.0501644 0 0.0355707 0 0 -0.0451328  0.193203 0 0.359027 0 0 0.267045  0 0 0 0 0 0  
184.726 4.8163 0.0305196 -3.00166 0 2 0 0 -2.41587  -3.18854 0 1.56614 0 0 -2.66925  -0.0631443 0 0.0369759 0 0 -0.0641152  0.250034 0 0.396885 0 0 0.317495  0 0 0 0 0 0  
185.668 4.84471 0.0298128 -2.8396 0 2 0 0 -2.31316  -3.04226 0 1.55084 0 0 -2.56632  -0.0579976 0 0.0396079 0 0 -0.071184  0.260652 0 0.409555 0 0 0.324343  0 0 0 0 0 0  
186.611 4.87269 0.0295166 -2.7441 0 2 0 0 -2.25679  -2.9513 0 1.53715 0 0 -2.53508  -0.0594168 0 0.0370627 0 0 -0.0757897  0.266616 0 0.425786 0 0 0.35408  0 0 0 0 0 0  
187.553 4.89968 0.0275867 -2.76729 0 2 0 0 -2.38969  -2.93125 0 1.59646 0 0 -2.60766  -0.0521493 0 0.03645 0 0 -0.066476  0.216108 0 0.367091 0 0 0.284448  0 0 0 0 0 0  
188.496 4.92471 0.0254333 -2.79002 0 2 0 0 -2.51878  -2.91112 0 1.63255 0 0 -2.68716  -0.043578 0 0.0366838 0 0 -0.0633422  0.164677 0 0.330767 0 0 0.231715  0 0 0 0 0 0  
189.438 4.9481 0.0242332 -2.92645 0 2 0 0 -2.63691  -3.02483 0 1.65267 0 0 -2.77769  -0.038281 0 0.0389759 0 0 -0.0536554  0.136659 0 0.308353 0 0 0.194428  0 0 0 0 0 0  
190.381 4.97036 0.0233589 -3.10446 0 2 0 0 -2.81756  -3.18659 0 1.68346 0 0 -2.94524  -0.0372172 0 0.0374124 0 0 -0.050547  0.119349 0 0.279127 0 0 0.178232  0 0 0 0 0 0  
191.323 4.99164 0.0217883 -3.22745 0 2 0 0 -2.98803  -3.30855 0 1.7164 0 0 -3.10445  -0.02634 0 0.034174 0 0 -0.0385841  0.107439 0 0.249427 0 0 0.155004  0 0 0 0 0 0  
192.265 5.01154 0.0209514 -3.23093 0 2 0 0 -3.14391  -3.30182 0 1.74349 0 0 -3.24693  -0.0199536 0 0.0328252 0 0 -0.0247102  0.0908463 0 0.223689 0 0 0.127731  0 0 0 0 0 0  
