# LF_DEM version v3.0-126-gb72fb1a
# np 1000
# VF 0.76
# Lx 73.993
# Ly 0
# Lz 73.993
# flow_type shear
# data in cl units.
#1: time
#2: cumulated strain
#3: shear rate
#4-9: total stress tensor (xx, xy, xz, yz, yy, zz)
#10-15: contact stress tensor (xx, xy, xz, yz, yy, zz)
#16-21: dashpot stress tensor (xx, xy, xz, yz, yy, zz)
#22-27: hydro stress tensor (xx, xy, xz, yz, yy, zz)
#28-33: repulsion stress tensor (xx, xy, xz, yz, yy, zz)

0.00628319 0.0004688 0.0746118 -3.42351 0 3 0 0 -3.15647  -3.66732 0 1.95359 0 0 -3.60352  -0.193412 0 0.0720707 0 0 -0.202258  0.43722 0 0.974339 0 0 0.649313  0 0 0 0 0 0  
0.628319 0.0348763 0.0504254 -3.49045 0 3 0 0 -3.27831  -3.65642 0 2.29642 0 0 -3.58032  -0.105564 0 0.0498882 0 0 -0.155367  0.271534 0 0.653693 0 0 0.457378  0 0 0 0 0 0  
1.25664 0.0644281 0.0441703 -3.77639 0 3 0 0 -3.76198  -3.90622 0 2.40309 0 0 -3.98701  -0.0994373 0 0.0509121 0 0 -0.131665  0.229274 0 0.545994 0 0 0.35669  0 0 0 0 0 0  
1.88496 0.0907849 0.0403095 -3.90177 0 3 0 0 -4.14164  -4.01554 0 2.47391 0 0 -4.34305  -0.081916 0 0.0489695 0 0 -0.1031  0.195691 0 0.477118 0 0 0.304515  0 0 0 0 0 0  
2.51327 0.115682 0.039389 -3.87426 0 3 0 0 -4.27428  -3.98918 0 2.49696 0 0 -4.49915  -0.0728661 0 0.0444419 0 0 -0.0925371  0.187779 0 0.458602 0 0 0.317415  0 0 0 0 0 0  
3.14159 0.140375 0.0394876 -3.86886 0 3 0 0 -4.33777  -3.99674 0 2.49696 0 0 -4.57104  -0.086644 0 0.0456656 0 0 -0.0940163  0.214519 0 0.45737 0 0 0.327288  0 0 0 0 0 0  
3.76991 0.164852 0.0381273 -3.89462 0 3 0 0 -4.40784  -4.02979 0 2.51673 0 0 -4.63426  -0.0871892 0 0.0409907 0 0 -0.0979538  0.22236 0 0.442281 0 0 0.324374  0 0 0 0 0 0  
4.39823 0.188154 0.0360886 -3.92658 0 3 0 0 -4.49791  -4.03295 0 2.54813 0 0 -4.69638  -0.085857 0 0.041421 0 0 -0.0759431  0.192229 0 0.410449 0 0 0.27441  0 0 0 0 0 0  
5.02655 0.21067 0.0360471 -3.94986 0 3 0 0 -4.47642  -4.0498 0 2.54327 0 0 -4.68386  -0.0957993 0 0.0431051 0 0 -0.0799448  0.195738 0 0.41363 0 0 0.287381  0 0 0 0 0 0  
5.65487 0.233334 0.0352869 -4.0829 0 3 0 0 -4.44563  -4.15853 0 2.55894 0 0 -4.61425  -0.0963274 0 0.0449022 0 0 -0.0797365  0.17196 0 0.396161 0 0 0.248357  0 0 0 0 0 0  
6.28319 0.255321 0.0342179 -4.18404 0 3 0 0 -4.41379  -4.23606 0 2.56755 0 0 -4.55742  -0.0824513 0 0.0465729 0 0 -0.0655843  0.13447 0 0.385877 0 0 0.209211  0 0 0 0 0 0  
6.9115 0.276282 0.0326215 -4.25707 0 3 0 0 -4.3857  -4.33525 0 2.59074 0 0 -4.54423  -0.0740132 0 0.0416114 0 0 -0.0672903  0.152196 0 0.367644 0 0 0.225824  0 0 0 0 0 0  
7.53982 0.297006 0.032418 -4.30063 0 3 0 0 -4.38792  -4.4098 0 2.58517 0 0 -4.56987  -0.0580556 0 0.037351 0 0 -0.0685639  0.167235 0 0.377479 0 0 0.250516  0 0 0 0 0 0  
8.16814 0.317096 0.0315562 -4.38039 0 3 0 0 -4.38106  -4.4981 0 2.60042 0 0 -4.55492  -0.0563074 0 0.0353468 0 0 -0.0568757  0.174024 0 0.364232 0 0 0.230734  0 0 0 0 0 0  
8.79646 0.336507 0.0311474 -4.41286 0 3 0 0 -4.43977  -4.54651 0 2.59084 0 0 -4.63338  -0.0532707 0 0.0352818 0 0 -0.0665925  0.186927 0 0.373874 0 0 0.260205  0 0 0 0 0 0  
9.42478 0.356436 0.0319674 -4.53914 0 3 0 0 -4.61817  -4.6687 0 2.58696 0 0 -4.78839  -0.0545473 0 0.0399347 0 0 -0.0627979  0.184106 0 0.373106 0 0 0.233018  0 0 0 0 0 0  
10.0531 0.376167 0.0301794 -4.82403 0 3 0 0 -4.89127  -4.90954 0 2.62382 0 0 -5.01948  -0.0491792 0 0.044235 0 0 -0.0581536  0.134686 0 0.331942 0 0 0.186369  0 0 0 0 0 0  
10.6814 0.394877 0.0298229 -5.04036 0 3 0 0 -5.17973  -5.12391 0 2.63772 0 0 -5.30305  -0.0516988 0 0.0428453 0 0 -0.0596072  0.135246 0 0.319434 0 0 0.182927  0 0 0 0 0 0  
11.3097 0.413339 0.0297249 -5.15845 0 3 0 0 -5.15807  -5.23502 0 2.64265 0 0 -5.28659  -0.0484765 0 0.041799 0 0 -0.0431478  0.125045 0 0.315546 0 0 0.171667  0 0 0 0 0 0  
11.9381 0.43153 0.0277782 -5.19202 0 3 0 0 -5.20865  -5.28179 0 2.65378 0 0 -5.33685  -0.0450851 0 0.0455578 0 0 -0.0470981  0.134856 0 0.300667 0 0 0.175305  0 0 0 0 0 0  
12.5664 0.448487 0.0261182 -5.25478 0 3 0 0 -5.28566  -5.35494 0 2.68641 0 0 -5.42624  -0.0365653 0 0.0393777 0 0 -0.0433611  0.136727 0 0.274208 0 0 0.18394  0 0 0 0 0 0  
13.1947 0.465203 0.0263022 -5.29354 0 3 0 0 -5.32487  -5.38337 0 2.68819 0 0 -5.45437  -0.0382538 0 0.0425 0 0 -0.0417125  0.128088 0 0.26931 0 0 0.171213  0 0 0 0 0 0  
13.823 0.481881 0.0259907 -5.40641 0 3 0 0 -5.32996  -5.50442 0 2.68877 0 0 -5.46479  -0.02952 0 0.043921 0 0 -0.033249  0.127531 0 0.267306 0 0 0.168074  0 0 0 0 0 0  
14.4513 0.497879 0.0253555 -5.51952 0 3 0 0 -5.31662  -5.62466 0 2.70373 0 0 -5.45916  -0.0280401 0 0.0375108 0 0 -0.032564  0.133178 0 0.258758 0 0 0.175109  0 0 0 0 0 0  
15.0796 0.514087 0.0265535 -5.63109 0 3 0 0 -5.01415  -5.73007 0 2.7057 0 0 -5.1501  -0.0243104 0 0.0386455 0 0 -0.0323693  0.123291 0 0.255656 0 0 0.168319  0 0 0 0 0 0  
15.708 0.530737 0.026354 -5.52466 0 3 0 0 -4.64891  -5.62621 0 2.6974 0 0 -4.79343  -0.0244393 0 0.0401432 0 0 -0.024892  0.12599 0 0.262453 0 0 0.169412  0 0 0 0 0 0  
16.3363 0.547336 0.026447 -5.36437 0 3 0 0 -4.44388  -5.47437 0 2.67908 0 0 -4.60333  -0.0269883 0 0.0427014 0 0 -0.0228291  0.136989 0 0.278219 0 0 0.18228  0 0 0 0 0 0  
16.9646 0.564192 0.0266183 -5.30151 0 3 0 0 -4.36581  -5.41671 0 2.66725 0 0 -4.54343  -0.0225461 0 0.0435302 0 0 -0.0251845  0.137747 0 0.289219 0 0 0.202796  0 0 0 0 0 0  
17.5929 0.581 0.0264168 -5.33187 0 3 0 0 -4.34962  -5.44881 0 2.663 0 0 -4.51932  -0.0306419 0 0.0405946 0 0 -0.0280631  0.147579 0 0.296401 0 0 0.197761  0 0 0 0 0 0  
18.2212 0.597335 0.0255607 -5.43463 0 3 0 0 -4.42337  -5.5237 0 2.68484 0 0 -4.58144  -0.0294689 0 0.0400493 0 0 -0.0220837  0.118538 0 0.275113 0 0 0.180156  0 0 0 0 0 0  
18.8496 0.613312 0.0255942 -5.43519 0 3 0 0 -4.4419  -5.49198 0 2.68756 0 0 -4.57558  -0.032664 0 0.0419283 0 0 -0.0244627  0.0894485 0 0.270508 0 0 0.158144  0 0 0 0 0 0  
19.4779 0.629764 0.0262774 -5.39705 0 3 0 0 -4.35858  -5.44861 0 2.68323 0 0 -4.48501  -0.0367853 0 0.0433447 0 0 -0.0288072  0.0883503 0 0.273429 0 0 0.155234  0 0 0 0 0 0  
20.1062 0.646583 0.026335 -5.40556 0 3 0 0 -4.33867  -5.46617 0 2.66173 0 0 -4.48099  -0.0477034 0 0.0397152 0 0 -0.0419834  0.108313 0 0.298551 0 0 0.184303  0 0 0 0 0 0  
20.7345 0.663346 0.0263961 -5.43664 0 3 0 0 -4.49493  -5.51138 0 2.67501 0 0 -4.63097  -0.0408699 0 0.0359967 0 0 -0.037351  0.115605 0 0.288989 0 0 0.173392  0 0 0 0 0 0  
21.3628 0.679554 0.0256277 -5.56489 0 3 0 0 -4.77868  -5.62945 0 2.69308 0 0 -4.8877  -0.0344369 0 0.0368728 0 0 -0.0336516  0.0990026 0 0.270044 0 0 0.142677  0 0 0 0 0 0  
21.9911 0.695897 0.0256678 -5.62721 0 3 0 0 -5.06659  -5.69556 0 2.69602 0 0 -5.17287  -0.0326084 0 0.0368016 0 0 -0.0291727  0.100958 0 0.267175 0 0 0.135448  0 0 0 0 0 0  
22.6195 0.712013 0.0255134 -5.61024 0 3 0 0 -5.22498  -5.67647 0 2.69985 0 0 -5.33636  -0.0243414 0 0.0373536 0 0 -0.0204343  0.090569 0 0.262793 0 0 0.131818  0 0 0 0 0 0  
23.2478 0.72791 0.0250917 -5.64571 0 3 0 0 -5.3586  -5.71246 0 2.70258 0 0 -5.48169  -0.0261905 0 0.0341719 0 0 -0.0173381  0.0929395 0 0.263252 0 0 0.140421  0 0 0 0 0 0  
23.8761 0.743622 0.0250865 -5.70179 0 3 0 0 -5.41778  -5.76559 0 2.69934 0 0 -5.53292  -0.0275214 0 0.0356388 0 0 -0.0177098  0.0913191 0 0.265018 0 0 0.132852  0 0 0 0 0 0  
24.5044 0.759432 0.0251691 -5.71511 0 3 0 0 -5.51634  -5.76791 0 2.70279 0 0 -5.62377  -0.0281915 0 0.0410369 0 0 -0.0195281  0.0809916 0 0.256172 0 0 0.126954  0 0 0 0 0 0  
25.1327 0.776048 0.02678 -5.7437 0 3 0 0 -5.53692  -5.79269 0 2.69249 0 0 -5.63599  -0.0322437 0 0.0441528 0 0 -0.0266586  0.0812403 0 0.263355 0 0 0.125729  0 0 0 0 0 0  
25.7611 0.792582 0.0256843 -5.67703 0 3 0 0 -5.44249  -5.72273 0 2.6956 0 0 -5.52375  -0.0429273 0 0.0449097 0 0 -0.0369725  0.0886241 0 0.259493 0 0 0.118236  0 0 0 0 0 0  
26.3894 0.808834 0.0257071 -5.43301 0 3 0 0 -5.23587  -5.50313 0 2.69554 0 0 -5.3672  -0.0377427 0 0.0409886 0 0 -0.032139  0.107862 0 0.263472 0 0 0.163466  0 0 0 0 0 0  
27.0177 0.825183 0.025525 -5.16054 0 3 0 0 -5.03831  -5.24753 0 2.68775 0 0 -5.18185  -0.0367627 0 0.0437015 0 0 -0.0297278  0.123755 0 0.268547 0 0 0.17326  0 0 0 0 0 0  
27.646 0.841135 0.0252208 -4.93212 0 3 0 0 -4.798  -5.03165 0 2.67791 0 0 -4.94061  -0.0386291 0 0.043543 0 0 -0.0258125  0.138158 0 0.278549 0 0 0.168417  0 0 0 0 0 0  
28.2743 0.857568 0.0263165 -4.64017 0 3 0 0 -4.63113  -4.75713 0 2.65436 0 0 -4.77886  -0.0401248 0 0.0395918 0 0 -0.0355882  0.157086 0 0.306052 0 0 0.183318  0 0 0 0 0 0  
28.9027 0.874628 0.02845 -4.37453 0 3 0 0 -4.64301  -4.49478 0 2.61772 0 0 -4.78985  -0.0409793 0 0.0439925 0 0 -0.0347415  0.161231 0 0.338284 0 0 0.181587  0 0 0 0 0 0  
29.531 0.892471 0.0278343 -4.28005 0 3 0 0 -4.68602  -4.43806 0 2.59556 0 0 -4.84045  -0.0511983 0 0.0436202 0 0 -0.0412528  0.209202 0 0.360819 0 0 0.19568  0 0 0 0 0 0  
30.1593 0.910229 0.0283989 -4.26429 0 3 0 0 -4.85151  -4.40392 0 2.59928 0 0 -5.00775  -0.0556995 0 0.0458162 0 0 -0.0415882  0.195321 0 0.3549 0 0 0.197827  0 0 0 0 0 0  
30.7876 0.928085 0.0285686 -4.27933 0 3 0 0 -4.90668  -4.40726 0 2.59956 0 0 -5.06572  -0.046987 0 0.0503369 0 0 -0.0393799  0.174918 0 0.3501 0 0 0.198424  0 0 0 0 0 0  
31.4159 0.945751 0.0283117 -4.23406 0 3 0 0 -4.82938  -4.37558 0 2.59387 0 0 -5.01373  -0.0495801 0 0.0428039 0 0 -0.0514595  0.191098 0 0.363325 0 0 0.235806  0 0 0 0 0 0  
32.0442 0.962909 0.0268037 -4.31499 0 3 0 0 -4.93328  -4.43142 0 2.63433 0 0 -5.08004  -0.0400621 0 0.0438171 0 0 -0.0433085  0.156499 0 0.321852 0 0 0.190071  0 0 0 0 0 0  
32.6726 0.979251 0.0254463 -4.35278 0 3 0 0 -5.07793  -4.4552 0 2.65076 0 0 -5.20385  -0.0379866 0 0.0414067 0 0 -0.0409846  0.140408 0 0.307833 0 0 0.16691  0 0 0 0 0 0  
33.3009 0.994743 0.0237836 -4.47197 0 3 0 0 -5.17235  -4.56353 0 2.67462 0 0 -5.29961  -0.0373376 0 0.0405736 0 0 -0.0375821  0.128904 0 0.28481 0 0 0.164846  0 0 0 0 0 0  
33.9292 1.00918 0.0216814 -4.59044 0 3 0 0 -5.29952  -4.67316 0 2.7002 0 0 -5.42392  -0.0323092 0 0.0367876 0 0 -0.0293255  0.115034 0 0.263016 0 0 0.153719  0 0 0 0 0 0  
34.5575 1.0226 0.0214978 -4.69178 0 3 0 0 -5.36371  -4.77085 0 2.71464 0 0 -5.48194  -0.0306923 0 0.0361576 0 0 -0.0238248  0.109754 0 0.249207 0 0 0.142052  0 0 0 0 0 0  
35.1858 1.03556 0.0200196 -4.89677 0 3 0 0 -5.49977  -4.95869 0 2.73646 0 0 -5.60939  -0.0310769 0 0.0350053 0 0 -0.0229501  0.0930013 0 0.228534 0 0 0.132573  0 0 0 0 0 0  
35.8142 1.04808 0.0194573 -5.07018 0 3 0 0 -5.61185  -5.12721 0 2.75717 0 0 -5.7222  -0.0290069 0 0.0317131 0 0 -0.017798  0.0860346 0 0.211116 0 0 0.128149  0 0 0 0 0 0  
36.4425 1.06052 0.0199835 -5.10367 0 3 0 0 -5.63873  -5.16609 0 2.751 0 0 -5.74744  -0.0250934 0 0.03196 0 0 -0.0164297  0.0875156 0 0.217044 0 0 0.125139  0 0 0 0 0 0  
37.0708 1.07293 0.019756 -5.09827 0 3 0 0 -5.51761  -5.16093 0 2.74829 0 0 -5.61873  -0.0262389 0 0.0348523 0 0 -0.0180621  0.0888986 0 0.216857 0 0 0.119178  0 0 0 0 0 0  
37.6991 1.08559 0.0202853 -5.11875 0 3 0 0 -5.3917  -5.18116 0 2.75363 0 0 -5.48315  -0.0237855 0 0.0362316 0 0 -0.0167705  0.0861957 0 0.210139 0 0 0.108219  0 0 0 0 0 0  
38.3274 1.09853 0.0209606 -5.01977 0 3 0 0 -5.25211  -5.07834 0 2.75104 0 0 -5.3493  -0.0239977 0 0.0379208 0 0 -0.0160256  0.082575 0 0.211036 0 0 0.113216  0 0 0 0 0 0  
38.9557 1.11144 0.0210596 -4.89176 0 3 0 0 -5.16665  -4.94705 0 2.75244 0 0 -5.26187  -0.0220107 0 0.037924 0 0 -0.0149224  0.0773081 0 0.209641 0 0 0.110142  0 0 0 0 0 0  
39.5841 1.12498 0.0217908 -4.93849 0 3 0 0 -5.01183  -5.01583 0 2.74014 0 0 -5.13656  -0.0225881 0 0.0365918 0 0 -0.0175274  0.0999256 0 0.223271 0 0 0.14226  0 0 0 0 0 0  
40.2124 1.13869 0.0215843 -5.01704 0 3 0 0 -4.96547  -5.10169 0 2.7316 0 0 -5.07525  -0.0241475 0 0.0357651 0 0 -0.0223443  0.1088 0 0.232637 0 0 0.132123  0 0 0 0 0 0  
40.8407 1.15229 0.021562 -5.20927 0 3 0 0 -5.03389  -5.30735 0 2.72938 0 0 -5.1419  -0.0258925 0 0.0383533 0 0 -0.0229438  0.123976 0 0.232264 0 0 0.130954  0 0 0 0 0 0  
41.469 1.16549 0.0201766 -5.47202 0 3 0 0 -5.07873  -5.5629 0 2.74734 0 0 -5.18105  -0.0229166 0 0.0347559 0 0 -0.0228028  0.113796 0 0.217907 0 0 0.125119  0 0 0 0 0 0  
42.0973 1.17822 0.0198401 -5.58677 0 3 0 0 -5.0635  -5.67175 0 2.76218 0 0 -5.16483  -0.0171443 0 0.0340031 0 0 -0.0170619  0.102119 0 0.203814 0 0 0.11839  0 0 0 0 0 0  
42.7257 1.19088 0.020558 -5.57963 0 3 0 0 -5.06892  -5.67345 0 2.75385 0 0 -5.17236  -0.0205028 0 0.0347033 0 0 -0.0206985  0.11432 0 0.211443 0 0 0.124135  0 0 0 0 0 0  
43.354 1.20418 0.021602 -5.45638 0 3 0 0 -5.10453  -5.54839 0 2.74735 0 0 -5.22028  -0.0220433 0 0.0342162 0 0 -0.0214449  0.11406 0 0.218434 0 0 0.137197  0 0 0 0 0 0  
43.9823 1.21778 0.021504 -5.27778 0 3 0 0 -5.15169  -5.37271 0 2.74023 0 0 -5.26438  -0.0284653 0 0.0341395 0 0 -0.0284769  0.123388 0 0.225626 0 0 0.141169  0 0 0 0 0 0  
44.6106 1.23133 0.0209644 -5.03243 0 3 0 0 -5.20345  -5.13024 0 2.73272 0 0 -5.31718  -0.0303028 0 0.0352732 0 0 -0.0281093  0.128111 0 0.232011 0 0 0.141844  0 0 0 0 0 0  
45.2389 1.24455 0.0210323 -4.8383 0 3 0 0 -5.11122  -4.94881 0 2.72301 0 0 -5.23852  -0.0275281 0 0.0335484 0 0 -0.0298908  0.138042 0 0.243445 0 0 0.157187  0 0 0 0 0 0  
45.8673 1.25757 0.0200489 -4.69155 0 3 0 0 -5.0041  -4.79917 0 2.72886 0 0 -5.12746  -0.0320288 0 0.0331785 0 0 -0.0236556  0.139655 0 0.23796 0 0 0.147014  0 0 0 0 0 0  
46.4956 1.27033 0.0199645 -4.65508 0 3 0 0 -4.98853  -4.78125 0 2.71922 0 0 -5.12658  -0.0337812 0 0.032797 0 0 -0.025559  0.159951 0 0.24798 0 0 0.163609  0 0 0 0 0 0  
47.1239 1.28297 0.0206031 -4.6352 0 3 0 0 -4.93991  -4.75603 0 2.71699 0 0 -5.0787  -0.0294391 0 0.0337643 0 0 -0.0203744  0.150269 0 0.24925 0 0 0.159165  0 0 0 0 0 0  
47.7522 1.29615 0.0215579 -4.78734 0 3 0 0 -5.04341  -4.89743 0 2.71316 0 0 -5.17375  -0.032316 0 0.0350538 0 0 -0.0246833  0.142407 0 0.251786 0 0 0.155029  0 0 0 0 0 0  
48.3805 1.31005 0.0224055 -4.87309 0 3 0 0 -5.11718  -4.97919 0 2.71091 0 0 -5.23925  -0.0341383 0 0.0337583 0 0 -0.0292274  0.140243 0 0.255331 0 0 0.151297  0 0 0 0 0 0  
49.0088 1.32402 0.0218495 -4.98542 0 3 0 0 -5.16011  -5.08148 0 2.71464 0 0 -5.27789  -0.040367 0 0.0328292 0 0 -0.0379968  0.136426 0 0.252533 0 0 0.155778  0 0 0 0 0 0  
49.6372 1.33791 0.0224376 -5.04431 0 3 0 0 -5.25581  -5.1349 0 2.71689 0 0 -5.37345  -0.0399673 0 0.0336975 0 0 -0.0372214  0.130559 0 0.249412 0 0 0.154869  0 0 0 0 0 0  
50.2655 1.35211 0.02283 -5.05552 0 3 0 0 -5.38752  -5.15674 0 2.713 0 0 -5.51252  -0.0405797 0 0.0346563 0 0 -0.0335662  0.141796 0 0.25234 0 0 0.158567  0 0 0 0 0 0  
50.8938 1.36676 0.0234641 -5.04426 0 3 0 0 -5.50132  -5.12445 0 2.7129 0 0 -5.61601  -0.0406234 0 0.0362076 0 0 -0.0313255  0.120813 0 0.250896 0 0 0.146019  0 0 0 0 0 0  
51.5221 1.38192 0.0245665 -5.04268 0 3 0 0 -5.55209  -5.12885 0 2.71523 0 0 -5.66178  -0.0427982 0 0.0404941 0 0 -0.0335009  0.128974 0 0.24428 0 0 0.143199  0 0 0 0 0 0  
52.1504 1.39717 0.0237884 -4.96615 0 3 0 0 -5.50615  -5.05411 0 2.73021 0 0 -5.62658  -0.0356476 0 0.0364992 0 0 -0.0207939  0.123608 0 0.233289 0 0 0.141224  0 0 0 0 0 0  
52.7788 1.41219 0.0238185 -4.93544 0 3 0 0 -5.43009  -5.02848 0 2.71865 0 0 -5.57233  -0.0315453 0 0.0355156 0 0 -0.0238101  0.124586 0 0.245833 0 0 0.166051  0 0 0 0 0 0  
53.4071 1.42701 0.0236854 -4.85016 0 3 0 0 -5.45806  -4.93172 0 2.71342 0 0 -5.60317  -0.0304703 0 0.035649 0 0 -0.0263721  0.112036 0 0.250936 0 0 0.171482  0 0 0 0 0 0  
54.0354 1.44196 0.0243562 -4.87796 0 3 0 0 -5.50132  -4.93646 0 2.69294 0 0 -5.63968  -0.0331792 0 0.0368555 0 0 -0.0222884  0.0916797 0 0.270208 0 0 0.16065  0 0 0 0 0 0  
54.6637 1.45738 0.0240737 -4.87688 0 3 0 0 -5.43325  -4.93655 0 2.69885 0 0 -5.55865  -0.0277932 0 0.0360283 0 0 -0.0122021  0.0874572 0 0.265121 0 0 0.137601  0 0 0 0 0 0  
55.292 1.47237 0.0242769 -4.7542 0 3 0 0 -5.4012  -4.82847 0 2.67864 0 0 -5.55373  -0.0329511 0 0.0367197 0 0 -0.014645  0.107217 0 0.284638 0 0 0.167174  0 0 0 0 0 0  
55.9203 1.48755 0.0245176 -4.79841 0 3 0 0 -5.49361  -4.87312 0 2.67722 0 0 -5.62538  -0.0297433 0 0.0407211 0 0 -0.00943421  0.104457 0 0.282058 0 0 0.141198  0 0 0 0 0 0  
56.5487 1.50279 0.0239574 -4.90902 0 3 0 0 -5.64202  -4.97431 0 2.69177 0 0 -5.76252  -0.029437 0 0.0398064 0 0 -0.0135412  0.094721 0 0.268419 0 0 0.134045  0 0 0 0 0 0  
57.177 1.51755 0.0226075 -4.98808 0 3 0 0 -5.83951  -5.04663 0 2.72815 0 0 -5.95307  -0.0219836 0 0.0387644 0 0 -0.00652019  0.0805312 0 0.233085 0 0 0.120088  0 0 0 0 0 0  
57.8053 1.53153 0.0216198 -4.98244 0 3 0 0 -5.89618  -5.06179 0 2.73254 0 0 -6.01973  -0.0186282 0 0.0313358 0 0 -0.00950687  0.097971 0 0.236129 0 0 0.133053  0 0 0 0 0 0  
58.4336 1.54465 0.0200338 -5.01292 0 3 0 0 -5.93051  -5.09442 0 2.75427 0 0 -6.0429  -0.0196223 0 0.029863 0 0 -0.0102203  0.101127 0 0.215865 0 0 0.122619  0 0 0 0 0 0  
59.0619 1.55682 0.0191135 -5.01202 0 3 0 0 -5.85034  -5.09393 0 2.76406 0 0 -5.96315  -0.022945 0 0.0260298 0 0 -0.00875936  0.104856 0 0.209914 0 0 0.121574  0 0 0 0 0 0  
59.6903 1.56913 0.0198017 -5.03876 0 3 0 0 -5.78571  -5.11971 0 2.76164 0 0 -5.89991  -0.0233524 0 0.0273851 0 0 -0.0108596  0.104296 0 0.210973 0 0 0.12506  0 0 0 0 0 0  
60.3186 1.5818 0.0208301 -4.99577 0 3 0 0 -5.82358  -5.06822 0 2.74743 0 0 -5.93047  -0.0262232 0 0.0292037 0 0 -0.0109209  0.0986762 0 0.223364 0 0 0.117816  0 0 0 0 0 0  
60.9469 1.59514 0.0217849 -4.91718 0 3 0 0 -5.69252  -5.00334 0 2.73337 0 0 -5.80629  -0.019496 0 0.0337107 0 0 -0.0102388  0.105649 0 0.232923 0 0 0.12401  0 0 0 0 0 0  
61.5752 1.6092 0.0236862 -4.9426 0 3 0 0 -5.56197  -5.02209 0 2.71195 0 0 -5.67511  -0.0248543 0 0.0351704 0 0 -0.0134898  0.104338 0 0.252882 0 0 0.126631  0 0 0 0 0 0  
62.2035 1.62399 0.0231798 -5.01164 0 3 0 0 -5.38036  -5.08995 0 2.70168 0 0 -5.51044  -0.0276796 0 0.0370327 0 0 -0.0118675  0.105994 0 0.261289 0 0 0.141954  0 0 0 0 0 0  
62.8319 1.63823 0.0225559 -4.98642 0 3 0 0 -5.3207  -5.07883 0 2.68561 0 0 -5.48236  -0.0348473 0 0.0325162 0 0 -0.0212226  0.127258 0 0.281878 0 0 0.182886  0 0 0 0 0 0  
63.4602 1.65261 0.0233545 -5.00044 0 3 0 0 -5.29537  -5.08486 0 2.67376 0 0 -5.45141  -0.0389265 0 0.0327443 0 0 -0.0249135  0.123344 0 0.293499 0 0 0.180955  0 0 0 0 0 0  
64.0885 1.66704 0.0223154 -5.0911 0 3 0 0 -5.44897  -5.1672 0 2.69411 0 0 -5.59437  -0.0416583 0 0.0354137 0 0 -0.032319  0.117759 0 0.27048 0 0 0.177716  0 0 0 0 0 0  
64.7168 1.68064 0.0208405 -5.17049 0 3 0 0 -5.6041  -5.25482 0 2.72259 0 0 -5.74079  -0.035441 0 0.0326324 0 0 -0.0277246  0.119774 0 0.244781 0 0 0.164415  0 0 0 0 0 0  
65.3451 1.69318 0.0193241 -5.17176 0 3 0 0 -5.82422  -5.24741 0 2.74014 0 0 -5.94386  -0.0364665 0 0.0309301 0 0 -0.030888  0.112115 0 0.228934 0 0 0.150526  0 0 0 0 0 0  
65.9734 1.70522 0.0188409 -5.2491 0 3 0 0 -5.99035  -5.33256 0 2.762 0 0 -6.12008  -0.0318083 0 0.0265617 0 0 -0.0248592  0.115263 0 0.211435 0 0 0.154591  0 0 0 0 0 0  
66.6018 1.71676 0.0179044 -5.31896 0 3 0 0 -6.13546  -5.38885 0 2.7773 0 0 -6.2424  -0.0255693 0 0.0269907 0 0 -0.022892  0.0954629 0 0.195706 0 0 0.129833  0 0 0 0 0 0  
67.2301 1.72784 0.017571 -5.357 0 3 0 0 -6.16532  -5.42426 0 2.78555 0 0 -6.26919  -0.0192169 0 0.0263764 0 0 -0.0147027  0.0864822 0 0.188071 0 0 0.118567  0 0 0 0 0 0  
67.8584 1.73857 0.0166319 -5.44431 0 3 0 0 -6.12067  -5.50412 0 2.7933 0 0 -6.21243  -0.0175576 0 0.0265171 0 0 -0.0144572  0.077366 0 0.18018 0 0 0.10621  0 0 0 0 0 0  
68.4867 1.74925 0.0170214 -5.45083 0 3 0 0 -6.0526  -5.50529 0 2.78619 0 0 -6.1391  -0.0152414 0 0.0274909 0 0 -0.0166754  0.0697057 0 0.186316 0 0 0.103171  0 0 0 0 0 0  
69.115 1.76012 0.0178525 -5.50333 0 3 0 0 -6.03015  -5.56696 0 2.78905 0 0 -6.11922  -0.0167282 0 0.027749 0 0 -0.0103467  0.0803613 0 0.183197 0 0 0.0994134  0 0 0 0 0 0  
69.7434 1.7713 0.0182346 -5.58385 0 3 0 0 -5.98266  -5.65253 0 2.79321 0 0 -6.07537  -0.0151376 0 0.0259612 0 0 -0.00865687  0.0838246 0 0.180832 0 0 0.101367  0 0 0 0 0 0  
70.3717 1.78288 0.0188366 -5.60241 0 3 0 0 -5.94452  -5.67193 0 2.78595 0 0 -6.03507  -0.018449 0 0.026901 0 0 -0.0104653  0.0879724 0 0.187151 0 0 0.101012  0 0 0 0 0 0  
71 1.79506 0.0197462 -5.47417 0 3 0 0 -5.89662  -5.52922 0 2.77572 0 0 -5.98032  -0.0221144 0 0.0307639 0 0 -0.0171956  0.0771688 0 0.193518 0 0 0.100897  0 0 0 0 0 0  
71.6283 1.80777 0.0202718 -5.37465 0 3 0 0 -5.82111  -5.43442 0 2.75993 0 0 -5.92054  -0.0279512 0 0.0324976 0 0 -0.0217893  0.0877243 0 0.207574 0 0 0.121226  0 0 0 0 0 0  
72.2566 1.82051 0.0206584 -5.25355 0 3 0 0 -5.71967  -5.31296 0 2.75404 0 0 -5.81111  -0.0275106 0 0.0331705 0 0 -0.0185726  0.0869287 0 0.212791 0 0 0.11002  0 0 0 0 0 0  
72.8849 1.83368 0.020978 -5.12626 0 3 0 0 -5.6985  -5.19684 0 2.74092 0 0 -5.8098  -0.0250409 0 0.034542 0 0 -0.024341  0.0956187 0 0.224543 0 0 0.135636  0 0 0 0 0 0  
73.5133 1.84709 0.0222449 -5.00473 0 3 0 0 -5.61897  -5.08205 0 2.72642 0 0 -5.72986  -0.0268959 0 0.0337627 0 0 -0.0293545  0.104218 0 0.239817 0 0 0.140244  0 0 0 0 0 0  
74.1416 1.86148 0.023624 -4.98259 0 3 0 0 -5.58262  -5.10186 0 2.69105 0 0 -5.72426  -0.030935 0 0.0351512 0 0 -0.0312763  0.150199 0 0.273798 0 0 0.172916  0 0 0 0 0 0  
74.7699 1.87644 0.023833 -4.89302 0 3 0 0 -5.38614  -5.02936 0 2.66966 0 0 -5.54572  -0.0335685 0 0.0342447 0 0 -0.0364321  0.169905 0 0.296094 0 0 0.196007  0 0 0 0 0 0  
75.3982 1.89193 0.0253015 -4.78044 0 3 0 0 -5.23376  -4.94214 0 2.64258 0 0 -5.4048  -0.0347758 0 0.0377653 0 0 -0.0355899  0.196481 0 0.319651 0 0 0.206633  0 0 0 0 0 0  
76.0265 1.90783 0.0252495 -4.63294 0 3 0 0 -5.08113  -4.78111 0 2.64304 0 0 -5.26493  -0.0317315 0 0.0437144 0 0 -0.0278273  0.179893 0 0.313247 0 0 0.211618  0 0 0 0 0 0  
76.6549 1.92292 0.0232656 -4.50589 0 3 0 0 -5.02786  -4.63562 0 2.66997 0 0 -5.19418  -0.0269387 0 0.0353352 0 0 -0.033327  0.156672 0 0.294698 0 0 0.19965  0 0 0 0 0 0  
77.2832 1.9376 0.0232527 -4.34484 0 3 0 0 -4.9276  -4.4761 0 2.66888 0 0 -5.09867  -0.0236323 0 0.0336182 0 0 -0.0277823  0.154887 0 0.297498 0 0 0.19886  0 0 0 0 0 0  
77.9115 1.9522 0.0242612 -4.36578 0 3 0 0 -4.77676  -4.50288 0 2.65922 0 0 -4.95231  -0.0301576 0 0.0326806 0 0 -0.0283292  0.167252 0 0.308103 0 0 0.203876  0 0 0 0 0 0  
78.5398 1.96698 0.0236498 -4.43985 0 3 0 0 -4.77038  -4.57158 0 2.66351 0 0 -4.9448  -0.0378189 0 0.0326038 0 0 -0.0308876  0.169556 0 0.303888 0 0 0.205308  0 0 0 0 0 0  
79.1681 1.98203 0.0248577 -4.56133 0 3 0 0 -4.82238  -4.6967 0 2.65187 0 0 -4.9882  -0.0393187 0 0.0329858 0 0 -0.0316703  0.174679 0 0.315143 0 0 0.197489  0 0 0 0 0 0  
79.7965 1.99781 0.0254969 -4.57062 0 3 0 0 -4.91748  -4.69514 0 2.64837 0 0 -5.06319  -0.0406924 0 0.0364012 0 0 -0.0336512  0.165208 0 0.315226 0 0 0.179367  0 0 0 0 0 0  
80.4248 2.01373 0.0248939 -4.60452 0 3 0 0 -4.96209  -4.72306 0 2.65559 0 0 -5.10159  -0.0383175 0 0.0338498 0 0 -0.0343904  0.15686 0 0.310557 0 0 0.173883  0 0 0 0 0 0  
81.0531 2.02939 0.0249449 -4.66796 0 3 0 0 -5.09089  -4.7917 0 2.66928 0 0 -5.21898  -0.0288298 0 0.0335708 0 0 -0.0248302  0.152566 0 0.297154 0 0 0.152926  0 0 0 0 0 0  
81.6814 2.04513 0.0252672 -4.72544 0 3 0 0 -5.17449  -4.83604 0 2.66823 0 0 -5.295  -0.0280119 0 0.0373384 0 0 -0.0360004  0.138618 0 0.294436 0 0 0.156505  0 0 0 0 0 0  
82.3097 2.0613 0.0258938 -4.74258 0 3 0 0 -5.27871  -4.84843 0 2.65499 0 0 -5.3946  -0.0353258 0 0.0408956 0 0 -0.036214  0.141179 0 0.304116 0 0 0.152104  0 0 0 0 0 0  
82.938 2.07774 0.0259893 -4.69043 0 3 0 0 -5.18285  -4.80201 0 2.66046 0 0 -5.2994  -0.0369269 0 0.0390905 0 0 -0.0352724  0.148504 0 0.300452 0 0 0.151822  0 0 0 0 0 0  
83.5664 2.09422 0.0263241 -4.65936 0 3 0 0 -5.12772  -4.76736 0 2.6519 0 0 -5.24968  -0.044983 0 0.0394752 0 0 -0.0419646  0.152981 0 0.308625 0 0 0.163922  0 0 0 0 0 0  
84.1947 2.11097 0.0262037 -4.79862 0 3 0 0 -5.0604  -4.90159 0 2.66695 0 0 -5.18533  -0.0371762 0 0.0374552 0 0 -0.0368495  0.140139 0 0.295594 0 0 0.161776  0 0 0 0 0 0  
84.823 2.12692 0.0246249 -4.88601 0 3 0 0 -5.07483  -4.99267 0 2.69662 0 0 -5.18282  -0.0339949 0 0.0344142 0 0 -0.036415  0.140658 0 0.268965 0 0 0.1444  0 0 0 0 0 0  
85.4513 2.14205 0.0237276 -4.96974 0 3 0 0 -5.1782  -5.08101 0 2.71366 0 0 -5.28545  -0.0318868 0 0.0326128 0 0 -0.0339195  0.143155 0 0.253725 0 0 0.141164  0 0 0 0 0 0  
86.0796 2.15689 0.024268 -4.99522 0 3 0 0 -5.16796  -5.09632 0 2.70407 0 0 -5.28706  -0.0307203 0 0.0320098 0 0 -0.0348649  0.131821 0 0.26392 0 0 0.153961  0 0 0 0 0 0  
86.708 2.17223 0.0243484 -5.04181 0 3 0 0 -5.13643  -5.13553 0 2.70614 0 0 -5.24826  -0.0278622 0 0.0362257 0 0 -0.0255894  0.121581 0 0.257633 0 0 0.137425  0 0 0 0 0 0  
87.3363 2.18792 0.0257442 -5.00427 0 3 0 0 -5.05379  -5.1002 0 2.6914 0 0 -5.16814  -0.0302328 0 0.0383619 0 0 -0.0346051  0.126157 0 0.270233 0 0 0.148952  0 0 0 0 0 0  
87.9646 2.20452 0.0267294 -4.97301 0 3 0 0 -4.98727  -5.05547 0 2.66813 0 0 -5.09598  -0.0342276 0 0.0443057 0 0 -0.0330631  0.116693 0 0.287564 0 0 0.141776  0 0 0 0 0 0  
88.5929 2.22119 0.0263223 -4.87118 0 3 0 0 -5.01488  -4.95085 0 2.6768 0 0 -5.12695  -0.0335473 0 0.0409785 0 0 -0.0358575  0.113221 0 0.282217 0 0 0.147928  0 0 0 0 0 0  
89.2212 2.23764 0.025493 -4.85173 0 3 0 0 -5.16569  -4.93479 0 2.68543 0 0 -5.27843  -0.0249954 0 0.0400166 0 0 -0.0343913  0.108054 0 0.274549 0 0 0.147123  0 0 0 0 0 0  
89.8495 2.25361 0.0259389 -4.69239 0 3 0 0 -5.10263  -4.79381 0 2.67617 0 0 -5.22518  -0.0319877 0 0.037184 0 0 -0.0294223  0.133402 0 0.286649 0 0 0.151977  0 0 0 0 0 0  
90.4779 2.26971 0.026114 -4.60003 0 3 0 0 -5.04789  -4.70773 0 2.67434 0 0 -5.16915  -0.0376126 0 0.0347402 0 0 -0.0332885  0.145308 0 0.290922 0 0 0.154545  0 0 0 0 0 0  
91.1062 2.28664 0.028143 -4.63844 0 3 0 0 -5.00952  -4.75363 0 2.66579 0 0 -5.12571  -0.0358403 0 0.036051 0 0 -0.0269829  0.151039 0 0.298155 0 0 0.143175  0 0 0 0 0 0  
91.7345 2.30486 0.0304243 -4.56979 0 3 0 0 -4.80818  -4.69838 0 2.62484 0 0 -4.93641  -0.0394346 0 0.0427029 0 0 -0.0345611  0.168017 0 0.33246 0 0 0.162792  0 0 0 0 0 0  
92.3628 2.32463 0.0314738 -4.49999 0 3 0 0 -4.78332  -4.64791 0 2.58548 0 0 -4.93766  -0.0546609 0 0.0453137 0 0 -0.0548455  0.202586 0 0.369206 0 0 0.209181  0 0 0 0 0 0  
92.9911 2.34409 0.0304899 -4.55238 0 3 0 0 -4.88724  -4.68456 0 2.60268 0 0 -5.04177  -0.0370546 0 0.043885 0 0 -0.0460724  0.169229 0 0.353432 0 0 0.2006  0 0 0 0 0 0  
93.6195 2.36211 0.0268221 -4.62906 0 3 0 0 -5.07596  -4.71787 0 2.64292 0 0 -5.20309  -0.0422116 0 0.0456587 0 0 -0.045158  0.13102 0 0.311425 0 0 0.172291  0 0 0 0 0 0  
94.2478 2.37891 0.0256241 -4.72833 0 3 0 0 -5.15065  -4.80652 0 2.6917 0 0 -5.26937  -0.0343333 0 0.0381326 0 0 -0.0291415  0.112526 0 0.270167 0 0 0.147866  0 0 0 0 0 0  
94.8761 2.3948 0.0255324 -4.73146 0 3 0 0 -5.2606  -4.81171 0 2.69285 0 0 -5.38743  -0.0329234 0 0.0392176 0 0 -0.0191779  0.113177 0 0.267933 0 0 0.146006  0 0 0 0 0 0  
95.5044 2.41044 0.0250639 -4.74251 0 3 0 0 -5.35052  -4.83052 0 2.69777 0 0 -5.4786  -0.0331476 0 0.0385741 0 0 -0.0206763  0.121151 0 0.263656 0 0 0.148759  0 0 0 0 0 0  
96.1327 2.42597 0.0248468 -4.77894 0 3 0 0 -5.35472  -4.86463 0 2.69271 0 0 -5.47273  -0.0294143 0 0.0409663 0 0 -0.023084  0.115101 0 0.266326 0 0 0.141094  0 0 0 0 0 0  
96.7611 2.44149 0.0248023 -4.82826 0 3 0 0 -5.26861  -4.91151 0 2.69258 0 0 -5.37802  -0.0311664 0 0.0409053 0 0 -0.0286416  0.114421 0 0.266511 0 0 0.138056  0 0 0 0 0 0  
97.3894 2.45734 0.0255537 -4.85202 0 3 0 0 -5.1449  -4.93388 0 2.68423 0 0 -5.26959  -0.0345539 0 0.0440109 0 0 -0.0270046  0.116417 0 0.271757 0 0 0.151689  0 0 0 0 0 0  
98.0177 2.47334 0.0255591 -4.81937 0 3 0 0 -4.91285  -4.89968 0 2.68106 0 0 -5.05484  -0.0355556 0 0.0414625 0 0 -0.0253252  0.115872 0 0.277482 0 0 0.167319  0 0 0 0 0 0  
98.646 2.48977 0.0266739 -4.88289 0 3 0 0 -4.74375  -4.96006 0 2.66791 0 0 -4.88994  -0.0346937 0 0.0440886 0 0 -0.0231546  0.11186 0 0.288002 0 0 0.169343  0 0 0 0 0 0  
99.2743 2.5068 0.0276342 -4.90994 0 3 0 0 -4.75066  -5.00273 0 2.64622 0 0 -4.90475  -0.041435 0 0.0450679 0 0 -0.0373527  0.134221 0 0.308717 0 0 0.191444  0 0 0 0 0 0  
99.9026 2.52374 0.0263341 -4.95944 0 3 0 0 -4.78478  -5.05692 0 2.65247 0 0 -4.93704  -0.0475186 0 0.0429327 0 0 -0.0388302  0.144999 0 0.304599 0 0 0.191093  0 0 0 0 0 0  
100.531 2.54004 0.0250226 -5.02951 0 3 0 0 -4.88814  -5.11867 0 2.6772 0 0 -5.0176  -0.0406601 0 0.0386682 0 0 -0.0367953  0.129818 0 0.284134 0 0 0.166251  0 0 0 0 0 0  
101.159 2.55572 0.0250733 -5.07168 0 3 0 0 -4.9425  -5.16104 0 2.67972 0 0 -5.06353  -0.0397421 0 0.0393096 0 0 -0.0340511  0.129109 0 0.280973 0 0 0.155082  0 0 0 0 0 0  
101.788 2.57134 0.0249563 -5.0954 0 3 0 0 -4.97337  -5.18024 0 2.68977 0 0 -5.08776  -0.0331461 0 0.0411935 0 0 -0.0420186  0.117986 0 0.269033 0 0 0.156411  0 0 0 0 0 0  
102.416 2.58725 0.0256864 -4.90012 0 3 0 0 -4.86678  -5.00038 0 2.68491 0 0 -4.99883  -0.0301643 0 0.0359005 0 0 -0.0361624  0.130422 0 0.279189 0 0 0.168213  0 0 0 0 0 0  
103.044 2.60376 0.0271644 -4.72239 0 3 0 0 -4.85335  -4.85943 0 2.65575 0 0 -4.99629  -0.03395 0 0.0382715 0 0 -0.0395818  0.170992 0 0.305979 0 0 0.182522  0 0 0 0 0 0  
103.673 2.62112 0.0283481 -4.59506 0 3 0 0 -4.86079  -4.7508 0 2.63751 0 0 -5.02853  -0.0411431 0 0.0385708 0 0 -0.0452166  0.196889 0 0.323914 0 0 0.212948  0 0 0 0 0 0  
104.301 2.63856 0.0269526 -4.58261 0 3 0 0 -5.06252  -4.72295 0 2.64653 0 0 -5.21586  -0.0422493 0 0.0365971 0 0 -0.0479874  0.182586 0 0.316873 0 0 0.201329  0 0 0 0 0 0  
104.929 2.65534 0.0260843 -4.5557 0 3 0 0 -5.21887  -4.67162 0 2.66387 0 0 -5.36625  -0.0348271 0 0.0372327 0 0 -0.039648  0.15075 0 0.298901 0 0 0.187029  0 0 0 0 0 0  
105.558 2.67149 0.0252982 -4.68431 0 3 0 0 -5.36868  -4.78149 0 2.68483 0 0 -5.51356  -0.0274261 0 0.0371334 0 0 -0.0372986  0.124599 0 0.278035 0 0 0.182177  0 0 0 0 0 0  
106.186 2.68699 0.0239269 -4.76817 0 3 0 0 -5.4911  -4.85195 0 2.70201 0 0 -5.62996  -0.0291982 0 0.0354292 0 0 -0.0382111  0.112978 0 0.26256 0 0 0.177062  0 0 0 0 0 0  
106.814 2.70154 0.0223361 -4.91464 0 3 0 0 -5.55339  -4.98983 0 2.72704 0 0 -5.66506  -0.0258488 0 0.0345719 0 0 -0.031719  0.101037 0 0.23839 0 0 0.143393  0 0 0 0 0 0  
107.442 2.7149 0.0209564 -5.01551 0 3 0 0 -5.54208  -5.09088 0 2.75437 0 0 -5.64559  -0.0215591 0 0.0316397 0 0 -0.027613  0.0969332 0 0.213994 0 0 0.131125  0 0 0 0 0 0  
108.071 2.72786 0.0203817 -4.96738 0 3 0 0 -5.52049  -5.04185 0 2.75215 0 0 -5.61256  -0.020965 0 0.0324739 0 0 -0.023458  0.0954391 0 0.215378 0 0 0.115532  0 0 0 0 0 0  
108.699 2.74092 0.0202419 -4.94326 0 3 0 0 -5.38277  -5.03328 0 2.7486 0 0 -5.48531  -0.0195933 0 0.0351217 0 0 -0.0174757  0.109618 0 0.216283 0 0 0.120018  0 0 0 0 0 0  
109.327 2.75303 0.0180726 -4.89248 0 3 0 0 -5.38616  -4.98202 0 2.76702 0 0 -5.48034  -0.017321 0 0.0326963 0 0 -0.0135045  0.106865 0 0.200288 0 0 0.107686  0 0 0 0 0 0  
109.956 2.76409 0.0176465 -4.8961 0 3 0 0 -5.58251  -4.97423 0 2.78759 0 0 -5.66929  -0.0117678 0 0.0303689 0 0 -0.00458527  0.0898993 0 0.182037 0 0 0.091366  0 0 0 0 0 0  
110.584 2.77542 0.0182516 -4.93337 0 3 0 0 -5.64202  -5.00648 0 2.78105 0 0 -5.73031  -0.0162053 0 0.0300968 0 0 -0.0105645  0.0893136 0 0.188849 0 0 0.0988522  0 0 0 0 0 0  
111.212 2.78723 0.0192438 -4.97965 0 3 0 0 -5.56183  -5.04502 0 2.76966 0 0 -5.65977  -0.0166585 0 0.03279 0 0 -0.00709303  0.0820285 0 0.197551 0 0 0.105031  0 0 0 0 0 0  
111.841 2.7996 0.020182 -5.02383 0 3 0 0 -5.45357  -5.09163 0 2.76021 0 0 -5.56629  -0.0211373 0 0.0330893 0 0 -0.00839627  0.088934 0 0.2067 0 0 0.121115  0 0 0 0 0 0  
112.469 2.81267 0.0214275 -4.97026 0 3 0 0 -5.35229  -5.04605 0 2.74035 0 0 -5.47123  -0.0245909 0 0.036194 0 0 -0.0108694  0.100382 0 0.223459 0 0 0.129817  0 0 0 0 0 0  
113.097 2.82679 0.0235976 -4.84579 0 3 0 0 -5.16523  -4.93364 0 2.70497 0 0 -5.30569  -0.0245894 0 0.0386239 0 0 -0.0108083  0.112439 0 0.256406 0 0 0.151265  0 0 0 0 0 0  
113.726 2.84141 0.0235021 -4.88096 0 3 0 0 -4.9815  -4.96842 0 2.68734 0 0 -5.12586  -0.022623 0 0.0408606 0 0 -0.0163802  0.110088 0 0.271798 0 0 0.160739  0 0 0 0 0 0  
114.354 2.85614 0.0235521 -5.06658 0 3 0 0 -4.86366  -5.1606 0 2.68352 0 0 -5.00498  -0.0221855 0 0.0455114 0 0 -0.0200632  0.116207 0 0.27097 0 0 0.161392  0 0 0 0 0 0  
114.982 2.87099 0.0236142 -5.21522 0 3 0 0 -4.66246  -5.3209 0 2.67888 0 0 -4.82951  -0.0245169 0 0.0453045 0 0 -0.0124903  0.130194 0 0.275812 0 0 0.179541  0 0 0 0 0 0  
115.611 2.88556 0.0229724 -5.31211 0 3 0 0 -4.58653  -5.41323 0 2.68861 0 0 -4.75131  -0.0243127 0 0.0425518 0 0 -0.0142488  0.125436 0 0.268836 0 0 0.179022  0 0 0 0 0 0  
116.239 2.89996 0.0226757 -5.39248 0 3 0 0 -4.62277  -5.49421 0 2.68682 0 0 -4.79317  -0.0261331 0 0.0402278 0 0 -0.0156294  0.127862 0 0.272951 0 0 0.186028  0 0 0 0 0 0  
116.867 2.91462 0.0236332 -5.44163 0 3 0 0 -4.61585  -5.55139 0 2.67999 0 0 -4.80136  -0.0239981 0 0.0404491 0 0 -0.0208798  0.133758 0 0.279562 0 0 0.206392  0 0 0 0 0 0  
117.496 2.9292 0.0230545 -5.4309 0 3 0 0 -4.67721  -5.53925 0 2.68275 0 0 -4.848  -0.0243986 0 0.0430115 0 0 -0.020405  0.13275 0 0.27424 0 0 0.191193  0 0 0 0 0 0  
118.124 2.9441 0.0239131 -5.38795 0 3 0 0 -4.66187  -5.50562 0 2.66571 0 0 -4.83661  -0.0287271 0 0.0417084 0 0 -0.0266404  0.146402 0 0.292585 0 0 0.201372  0 0 0 0 0 0  
118.752 2.95933 0.0239867 -5.30691 0 3 0 0 -4.58438  -5.41736 0 2.66474 0 0 -4.75226  -0.036891 0 0.0419683 0 0 -0.0334669  0.147334 0 0.293295 0 0 0.201344  0 0 0 0 0 0  
119.381 2.97473 0.0249766 -5.25456 0 3 0 0 -4.64455  -5.36152 0 2.66866 0 0 -4.80704  -0.0384641 0 0.0399858 0 0 -0.0309026  0.145421 0 0.291355 0 0 0.193389  0 0 0 0 0 0  
120.009 2.99025 0.0245409 -5.28342 0 3 0 0 -4.66968  -5.38374 0 2.67215 0 0 -4.82083  -0.0385899 0 0.0385232 0 0 -0.0352346  0.138906 0 0.289327 0 0 0.186387  0 0 0 0 0 0  
120.637 3.00591 0.0252853 -5.28734 0 3 0 0 -4.72209  -5.38653 0 2.66418 0 0 -4.86456  -0.0403827 0 0.039745 0 0 -0.0401965  0.13957 0 0.29607 0 0 0.182667  0 0 0 0 0 0  
121.265 3.02172 0.0252083 -5.40986 0 3 0 0 -4.84964  -5.50277 0 2.68005 0 0 -4.98057  -0.0488948 0 0.0417343 0 0 -0.0379714  0.141806 0 0.278216 0 0 0.1689  0 0 0 0 0 0  
121.894 3.03681 0.0237756 -5.48079 0 3 0 0 -5.14075  -5.56203 0 2.71464 0 0 -5.25614  -0.0413908 0 0.0387668 0 0 -0.0347689  0.122627 0 0.246597 0 0 0.150151  0 0 0 0 0 0  
122.522 3.05091 0.0214366 -5.52728 0 3 0 0 -5.33186  -5.58972 0 2.7399 0 0 -5.41958  -0.0417717 0 0.0334289 0 0 -0.0345857  0.104205 0 0.226666 0 0 0.122299  0 0 0 0 0 0  
123.15 3.06413 0.0205499 -5.59747 0 3 0 0 -5.50277  -5.65449 0 2.76891 0 0 -5.57806  -0.0348001 0 0.0313466 0 0 -0.03026  0.0918142 0 0.199741 0 0 0.105551  0 0 0 0 0 0  
123.779 3.07641 0.0186032 -5.76075 0 3 0 0 -5.60903  -5.81701 0 2.78812 0 0 -5.68971  -0.0292567 0 0.0282708 0 0 -0.0276364  0.0855133 0 0.183609 0 0 0.108313  0 0 0 0 0 0  
124.407 3.08776 0.0174627 -5.79258 0 3 0 0 -5.674  -5.85716 0 2.80674 0 0 -5.76097  -0.0156814 0 0.0231879 0 0 -0.0181478  0.0802573 0 0.170071 0 0 0.105117  0 0 0 0 0 0  
125.035 3.09846 0.0170474 -5.72089 0 3 0 0 -5.61829  -5.80016 0 2.80206 0 0 -5.71479  -0.0123516 0 0.0220572 0 0 -0.01535  0.0916306 0 0.175884 0 0 0.111846  0 0 0 0 0 0  
125.664 3.10956 0.0184519 -5.61829 0 3 0 0 -5.55321  -5.70063 0 2.78275 0 0 -5.65323  -0.0157718 0 0.0246526 0 0 -0.01937  0.0981103 0 0.192593 0 0 0.119392  0 0 0 0 0 0  
126.292 3.12162 0.01955 -5.48156 0 3 0 0 -5.45899  -5.55977 0 2.76208 0 0 -5.5538  -0.0179387 0 0.0288898 0 0 -0.0232196  0.0961533 0 0.20903 0 0 0.118031  0 0 0 0 0 0  
126.92 3.13425 0.0207661 -5.30544 0 3 0 0 -5.35725  -5.38895 0 2.75556 0 0 -5.46142  -0.0129176 0 0.0311616 0 0 -0.016716  0.0964323 0 0.213281 0 0 0.120884  0 0 0 0 0 0  
127.549 3.14814 0.0233535 -5.03171 0 3 0 0 -5.13837  -5.13087 0 2.7229 0 0 -5.2643  -0.0171966 0 0.0320488 0 0 -0.0195188  0.11636 0 0.245056 0 0 0.145451  0 0 0 0 0 0  
128.177 3.16325 0.0254328 -4.78726 0 3 0 0 -4.82841  -4.90377 0 2.67311 0 0 -4.98217  -0.025695 0 0.0355512 0 0 -0.0300419  0.142205 0 0.29134 0 0 0.183804  0 0 0 0 0 0  
128.805 3.17968 0.0269349 -4.62055 0 3 0 0 -4.73067  -4.74499 0 2.64318 0 0 -4.89914  -0.028681 0 0.0396314 0 0 -0.0301213  0.153121 0 0.317193 0 0 0.198587  0 0 0 0 0 0  
129.434 3.1967 0.0269044 -4.58855 0 3 0 0 -4.68493  -4.71129 0 2.64611 0 0 -4.83559  -0.029218 0 0.0415334 0 0 -0.0285793  0.151966 0 0.31236 0 0 0.179233  0 0 0 0 0 0  
130.062 3.21367 0.0268739 -4.68766 0 3 0 0 -4.71206  -4.7907 0 2.65451 0 0 -4.85373  -0.031712 0 0.0417206 0 0 -0.0271828  0.134757 0 0.303771 0 0 0.168848  0 0 0 0 0 0  
130.69 3.23051 0.0262932 -4.77616 0 3 0 0 -4.69482  -4.88096 0 2.68319 0 0 -4.83089  -0.0297748 0 0.039637 0 0 -0.0236195  0.134567 0 0.277178 0 0 0.159687  0 0 0 0 0 0  
131.319 3.24736 0.0272894 -4.78278 0 3 0 0 -4.48526  -4.90793 0 2.66239 0 0 -4.65034  -0.0360357 0 0.0366534 0 0 -0.0325833  0.161184 0 0.300958 0 0 0.197657  0 0 0 0 0 0  
131.947 3.26427 0.0262188 -4.84063 0 3 0 0 -4.41723  -4.96408 0 2.65579 0 0 -4.58702  -0.0337811 0 0.0363931 0 0 -0.0365093  0.157228 0 0.307819 0 0 0.206307  0 0 0 0 0 0  
132.575 3.28073 0.0256663 -4.97276 0 3 0 0 -4.28391  -5.09374 0 2.64165 0 0 -4.4536  -0.036101 0 0.0321941 0 0 -0.0404945  0.157085 0 0.326155 0 0 0.210189  0 0 0 0 0 0  
133.204 3.29673 0.0251421 -5.26038 0 3 0 0 -4.36085  -5.36033 0 2.65736 0 0 -4.50516  -0.0299096 0 0.0333178 0 0 -0.0264546  0.129859 0 0.309322 0 0 0.170767  0 0 0 0 0 0  
133.832 3.31224 0.0238016 -5.67836 0 3 0 0 -4.45388  -5.75979 0 2.68211 0 0 -4.57259  -0.0293449 0 0.0316672 0 0 -0.0405044  0.110775 0 0.286221 0 0 0.159212  0 0 0 0 0 0  
134.46 3.32707 0.0230725 -5.93215 0 3 0 0 -4.50125  -5.98238 0 2.70162 0 0 -4.60334  -0.0324035 0 0.0326508 0 0 -0.0355703  0.0826302 0 0.265729 0 0 0.137658  0 0 0 0 0 0  
135.088 3.34158 0.0225179 -6.11565 0 3 0 0 -4.51962  -6.15766 0 2.71433 0 0 -4.61168  -0.0310233 0 0.0342795 0 0 -0.0283743  0.0730328 0 0.251386 0 0 0.120436  0 0 0 0 0 0  
135.717 3.3558 0.0227486 -6.08224 0 3 0 0 -4.48401  -6.12979 0 2.71998 0 0 -4.57277  -0.0296841 0 0.034646 0 0 -0.0309287  0.0772323 0 0.245373 0 0 0.11968  0 0 0 0 0 0  
136.345 3.37042 0.0235183 -5.9631 0 3 0 0 -4.32804  -6.03136 0 2.69434 0 0 -4.45344  -0.0308803 0 0.0350662 0 0 -0.0377212  0.0991413 0 0.270595 0 0 0.163123  0 0 0 0 0 0  
136.973 3.3854 0.0242372 -5.76843 0 3 0 0 -4.31234  -5.85476 0 2.67531 0 0 -4.44357  -0.0295123 0 0.0346296 0 0 -0.0362724  0.115839 0 0.290058 0 0 0.167503  0 0 0 0 0 0  
137.602 3.40103 0.0251985 -5.57908 0 3 0 0 -4.348  -5.65265 0 2.66746 0 0 -4.47038  -0.0403695 0 0.0377702 0 0 -0.0396323  0.113941 0 0.294767 0 0 0.162012  0 0 0 0 0 0  
138.23 3.41687 0.0254815 -5.53678 0 3 0 0 -4.47431  -5.59696 0 2.66692 0 0 -4.59827  -0.0395454 0 0.0383171 0 0 -0.0426251  0.0997215 0 0.294763 0 0 0.166585  0 0 0 0 0 0  
138.858 3.43275 0.0252278 -5.46017 0 3 0 0 -4.65704  -5.5176 0 2.67667 0 0 -4.76975  -0.045268 0 0.039447 0 0 -0.0291444  0.102701 0 0.28388 0 0 0.141852  0 0 0 0 0 0  
139.487 3.44861 0.0256611 -5.44629 0 3 0 0 -4.7845  -5.50286 0 2.68294 0 0 -4.91495  -0.0438388 0 0.0371051 0 0 -0.0288778  0.100418 0 0.279958 0 0 0.159333  0 0 0 0 0 0  
140.115 3.46464 0.0248237 -5.37546 0 3 0 0 -4.93015  -5.43538 0 2.69599 0 0 -5.06431  -0.0479619 0 0.0352369 0 0 -0.034405  0.10788 0 0.268772 0 0 0.168574  0 0 0 0 0 0  
140.743 3.47977 0.0234881 -5.18412 0 3 0 0 -4.86457  -5.24697 0 2.71437 0 0 -4.99829  -0.0421377 0 0.0330821 0 0 -0.0275713  0.104982 0 0.252544 0 0 0.161285  0 0 0 0 0 0  
141.372 3.49379 0.0215272 -5.10451 0 3 0 0 -4.85242  -5.15957 0 2.72908 0 0 -4.98487  -0.0355742 0 0.0320178 0 0 -0.0183411  0.0906398 0 0.238904 0 0 0.150789  0 0 0 0 0 0  
142 3.50703 0.0203193 -5.1611 0 3 0 0 -4.89714  -5.21376 0 2.74514 0 0 -5.02193  -0.0284053 0 0.0309369 0 0 -0.0130081  0.0810618 0 0.22392 0 0 0.137802  0 0 0 0 0 0  
142.628 3.51999 0.020767 -5.23598 0 3 0 0 -4.93098  -5.29806 0 2.74445 0 0 -5.04711  -0.0243684 0 0.034824 0 0 -0.0111864  0.0864473 0 0.220723 0 0 0.127322  0 0 0 0 0 0  
143.257 3.53327 0.0211924 -5.22346 0 3 0 0 -4.90487  -5.28788 0 2.74052 0 0 -5.02463  -0.0284056 0 0.036189 0 0 -0.0129544  0.0928319 0 0.223288 0 0 0.13272  0 0 0 0 0 0  
143.885 3.54699 0.0232836 -5.17306 0 3 0 0 -4.88047  -5.2368 0 2.72275 0 0 -5.01138  -0.030459 0 0.0389777 0 0 -0.0114022  0.0941979 0 0.238277 0 0 0.142319  0 0 0 0 0 0  
144.513 3.56162 0.0229209 -5.04012 0 3 0 0 -4.84285  -5.10936 0 2.70964 0 0 -4.95488  -0.0229279 0 0.0429249 0 0 -0.0112931  0.0921659 0 0.247435 0 0 0.12332  0 0 0 0 0 0  
145.142 3.57605 0.0230634 -5.02321 0 3 0 0 -4.88419  -5.0936 0 2.70791 0 0 -4.99585  -0.0275527 0 0.0435591 0 0 -0.016607  0.0979456 0 0.248533 0 0 0.128262  0 0 0 0 0 0  
145.77 3.59044 0.0228139 -5.18811 0 3 0 0 -5.0348  -5.24963 0 2.70627 0 0 -5.13785  -0.0292798 0 0.0413822 0 0 -0.0262521  0.0907904 0 0.25235 0 0 0.129304  0 0 0 0 0 0  
146.398 3.60469 0.0222956 -5.29687 0 3 0 0 -5.129  -5.35711 0 2.71775 0 0 -5.2272  -0.0269073 0 0.0396387 0 0 -0.0323762  0.0871403 0 0.242607 0 0 0.130571  0 0 0 0 0 0  
147.027 3.6186 0.0224789 -5.39228 0 3 0 0 -5.18275  -5.47101 0 2.71249 0 0 -5.30683  -0.0280225 0 0.0333976 0 0 -0.0325536  0.10675 0 0.254113 0 0 0.156628  0 0 0 0 0 0  
147.655 3.63276 0.0225135 -5.44011 0 3 0 0 -5.16761  -5.5218 0 2.71329 0 0 -5.29175  -0.0317446 0 0.035338 0 0 -0.0352152  0.113439 0 0.251368 0 0 0.159357  0 0 0 0 0 0  
148.283 3.64705 0.0227209 -5.68102 0 3 0 0 -5.10137  -5.75492 0 2.71841 0 0 -5.20657  -0.0361741 0 0.0367557 0 0 -0.0355854  0.110075 0 0.244839 0 0 0.140785  0 0 0 0 0 0  
148.911 3.6611 0.0219466 -5.84138 0 3 0 0 -5.06721  -5.90825 0 2.73852 0 0 -5.17402  -0.0309539 0 0.0328248 0 0 -0.0273147  0.0978281 0 0.228656 0 0 0.134119  0 0 0 0 0 0  
149.54 3.67441 0.0205334 -5.93829 0 3 0 0 -5.04786  -5.99555 0 2.74857 0 0 -5.15472  -0.0279852 0 0.0321136 0 0 -0.0236565  0.0852465 0 0.219318 0 0 0.130514  0 0 0 0 0 0  
150.168 3.68715 0.0195781 -5.90484 0 3 0 0 -5.02339  -5.97204 0 2.74693 0 0 -5.14109  -0.0225673 0 0.0294878 0 0 -0.0197181  0.0897612 0 0.223582 0 0 0.137421  0 0 0 0 0 0  
150.796 3.69973 0.0204836 -5.88979 0 3 0 0 -5.03696  -5.95616 0 2.73562 0 0 -5.16129  -0.020009 0 0.0336285 0 0 -0.0177304  0.0863736 0 0.230751 0 0 0.142063  0 0 0 0 0 0  
151.425 3.71271 0.0209681 -5.89595 0 3 0 0 -5.11947  -5.96555 0 2.73036 0 0 -5.23724  -0.023202 0 0.0339392 0 0 -0.0221511  0.0927984 0 0.235703 0 0 0.139921  0 0 0 0 0 0  
152.053 3.72595 0.0208297 -5.94811 0 3 0 0 -5.14425  -6.01105 0 2.7366 0 0 -5.25223  -0.0223895 0 0.0336276 0 0 -0.0235913  0.0853228 0 0.229773 0 0 0.131568  0 0 0 0 0 0  
152.681 3.739 0.0204437 -5.97994 0 3 0 0 -5.15017  -6.02957 0 2.75099 0 0 -5.24334  -0.0191884 0 0.0327637 0 0 -0.0180332  0.0688199 0 0.216251 0 0 0.111199  0 0 0 0 0 0  
153.31 3.75235 0.0215106 -5.83994 0 3 0 0 -5.08628  -5.9087 0 2.72071 0 0 -5.19234  -0.0286458 0 0.0322714 0 0 -0.0221878  0.0974137 0 0.247015 0 0 0.128247  0 0 0 0 0 0  
153.938 3.76601 0.0215009 -5.74576 0 3 0 0 -5.14099  -5.82114 0 2.70745 0 0 -5.25735  -0.0298688 0 0.032728 0 0 -0.0266356  0.105246 0 0.259819 0 0 0.143003  0 0 0 0 0 0  
154.566 3.77978 0.0219691 -5.74476 0 3 0 0 -5.22194  -5.81702 0 2.70751 0 0 -5.32329  -0.0276897 0 0.0344813 0 0 -0.0272842  0.0999535 0 0.258012 0 0 0.128627  0 0 0 0 0 0  
155.195 3.7935 0.0218069 -5.77388 0 3 0 0 -5.3872  -5.84901 0 2.71917 0 0 -5.48263  -0.0249406 0 0.0375949 0 0 -0.0276318  0.100071 0 0.243239 0 0 0.123062  0 0 0 0 0 0  
155.823 3.80712 0.0216265 -5.80629 0 3 0 0 -5.55513  -5.88424 0 2.73252 0 0 -5.65173  -0.021638 0 0.0380386 0 0 -0.0214665  0.0995888 0 0.229439 0 0 0.118069  0 0 0 0 0 0  
156.451 3.82076 0.0218663 -5.81391 0 3 0 0 -5.67352  -5.89838 0 2.73397 0 0 -5.78086  -0.0188932 0 0.0371566 0 0 -0.0198047  0.103361 0 0.228873 0 0 0.12714  0 0 0 0 0 0  
157.08 3.83462 0.0222843 -5.78709 0 3 0 0 -5.60666  -5.88521 0 2.72651 0 0 -5.73506  -0.0189837 0 0.0369693 0 0 -0.0172978  0.117097 0 0.236519 0 0 0.145689  0 0 0 0 0 0  
157.708 3.84866 0.0226889 -5.76927 0 3 0 0 -5.36186  -5.87616 0 2.72104 0 0 -5.50078  -0.0118888 0 0.0381998 0 0 -0.0106015  0.118778 0 0.240758 0 0 0.149525  0 0 0 0 0 0  
158.336 3.86296 0.0229218 -5.67931 0 3 0 0 -5.25518  -5.77719 0 2.71799 0 0 -5.39227  -0.00969762 0 0.0416392 0 0 -0.00632462  0.107581 0 0.240369 0 0 0.143408  0 0 0 0 0 0  
158.965 3.87698 0.0220136 -5.57205 0 3 0 0 -5.21134  -5.64769 0 2.72783 0 0 -5.34136  -0.0130202 0 0.0387782 0 0 -0.0141277  0.0886551 0 0.233394 0 0 0.144144  0 0 0 0 0 0  
159.593 3.8911 0.0225673 -5.39639 0 3 0 0 -5.1079  -5.45705 0 2.71929 0 0 -5.23508  -0.0135173 0 0.0396114 0 0 -0.0139558  0.074177 0 0.241098 0 0 0.141141  0 0 0 0 0 0  
160.221 3.90511 0.0225598 -4.98141 0 3 0 0 -4.79834  -5.0622 0 2.71044 0 0 -4.93346  -0.016792 0 0.0356476 0 0 -0.0171934  0.0975794 0 0.253915 0 0 0.152306  0 0 0 0 0 0  
160.85 3.91943 0.0234409 -4.77064 0 3 0 0 -4.6633  -4.8681 0 2.6914 0 0 -4.79532  -0.0274441 0 0.0360141 0 0 -0.0241315  0.124902 0 0.272584 0 0 0.156148  0 0 0 0 0 0  
161.478 3.93439 0.0240675 -4.76384 0 3 0 0 -4.70775  -4.86269 0 2.67744 0 0 -4.83508  -0.032509 0 0.0392668 0 0 -0.02845  0.131359 0 0.283291 0 0 0.15578  0 0 0 0 0 0  
162.106 3.94956 0.0238543 -4.78189 0 3 0 0 -4.73385  -4.87627 0 2.67308 0 0 -4.85294  -0.0343671 0 0.0374324 0 0 -0.0301605  0.128745 0 0.28949 0 0 0.149252  0 0 0 0 0 0  
162.734 3.96422 0.0228147 -4.85504 0 3 0 0 -4.79376  -4.94858 0 2.68475 0 0 -4.90412  -0.0409111 0 0.0344671 0 0 -0.0323524  0.134451 0 0.280782 0 0 0.142708  0 0 0 0 0 0  
163.363 3.97845 0.0224065 -4.89656 0 3 0 0 -4.81616  -5.01022 0 2.69045 0 0 -4.93705  -0.0446063 0 0.0319219 0 0 -0.0319606  0.158266 0 0.277626 0 0 0.152857  0 0 0 0 0 0  
163.991 3.9925 0.0229218 -4.88416 0 3 0 0 -4.61695  -5.00069 0 2.67855 0 0 -4.74839  -0.0440748 0 0.030325 0 0 -0.0325431  0.160606 0 0.29112 0 0 0.163985  0 0 0 0 0 0  
164.619 4.00713 0.0236085 -4.81717 0 3 0 0 -4.53185  -4.92998 0 2.67078 0 0 -4.66684  -0.0462417 0 0.0304033 0 0 -0.0400505  0.159045 0 0.298822 0 0 0.175046  0 0 0 0 0 0  
165.248 4.02242 0.024852 -4.77211 0 3 0 0 -4.47144  -4.89661 0 2.66354 0 0 -4.60824  -0.0498674 0 0.0272654 0 0 -0.0435485  0.174363 0 0.309194 0 0 0.180347  0 0 0 0 0 0  
165.876 4.03848 0.0258543 -4.72094 0 3 0 0 -4.38656  -4.83994 0 2.6527 0 0 -4.53763  -0.0517532 0 0.0297395 0 0 -0.0440464  0.170757 0 0.317561 0 0 0.195113  0 0 0 0 0 0  
166.504 4.0551 0.0273642 -4.65203 0 3 0 0 -4.44292  -4.78415 0 2.63101 0 0 -4.60148  -0.0532674 0 0.0383561 0 0 -0.0481438  0.185389 0 0.330634 0 0 0.206703  0 0 0 0 0 0  
167.133 4.07238 0.0276367 -4.60097 0 3 0 0 -4.53031  -4.71649 0 2.62765 0 0 -4.67649  -0.0501618 0 0.0389355 0 0 -0.0459885  0.165677 0 0.33341 0 0 0.192175  0 0 0 0 0 0  
167.761 4.09012 0.0278076 -4.59944 0 3 0 0 -4.59498  -4.71781 0 2.62384 0 0 -4.7353  -0.0575603 0 0.0416264 0 0 -0.0531654  0.175931 0 0.334538 0 0 0.193494  0 0 0 0 0 0  
168.389 4.10789 0.028572 -4.54804 0 3 0 0 -4.67391  -4.67693 0 2.62114 0 0 -4.81901  -0.0533967 0 0.0357244 0 0 -0.0514042  0.182279 0 0.343138 0 0 0.196509  0 0 0 0 0 0  
169.018 4.12596 0.0291072 -4.50413 0 3 0 0 -4.66359  -4.6326 0 2.62827 0 0 -4.80815  -0.0475753 0 0.0376396 0 0 -0.0467021  0.176043 0 0.334093 0 0 0.191262  0 0 0 0 0 0  
169.646 4.1442 0.0296247 -4.46917 0 3 0 0 -4.76911  -4.60903 0 2.63023 0 0 -4.91476  -0.0515674 0 0.0400802 0 0 -0.0458995  0.191425 0 0.329691 0 0 0.19155  0 0 0 0 0 0  
170.274 4.16227 0.0286791 -4.54373 0 3 0 0 -4.85536  -4.65768 0 2.63604 0 0 -4.98984  -0.0602221 0 0.042133 0 0 -0.0612805  0.174171 0 0.321829 0 0 0.195762  0 0 0 0 0 0  
170.903 4.17968 0.0266221 -4.66087 0 3 0 0 -4.83595  -4.76196 0 2.66123 0 0 -4.94704  -0.0504253 0 0.0390701 0 0 -0.061374  0.151517 0 0.299695 0 0 0.172458  0 0 0 0 0 0  
171.531 4.19627 0.0261603 -4.80527 0 3 0 0 -4.76864  -4.89913 0 2.6779 0 0 -4.87747  -0.0503791 0 0.034115 0 0 -0.0562996  0.144247 0 0.287986 0 0 0.165133  0 0 0 0 0 0  
172.159 4.21237 0.025709 -4.87154 0 3 0 0 -4.77582  -4.95462 0 2.68291 0 0 -4.87506  -0.0484043 0 0.0360663 0 0 -0.046026  0.131488 0 0.281028 0 0 0.14527  0 0 0 0 0 0  
172.788 4.22825 0.024625 -4.92439 0 3 0 0 -4.81385  -5.0106 0 2.693 0 0 -4.91715  -0.0440046 0 0.0373488 0 0 -0.0354806  0.13021 0 0.269654 0 0 0.138775  0 0 0 0 0 0  
173.416 4.24365 0.0240058 -4.84585 0 3 0 0 -4.84995  -4.94662 0 2.70686 0 0 -4.95779  -0.0341064 0 0.0327558 0 0 -0.0317508  0.134873 0 0.260385 0 0 0.139595  0 0 0 0 0 0  
174.044 4.25823 0.0229275 -4.83109 0 3 0 0 -4.82947  -4.9205 0 2.70306 0 0 -4.94751  -0.0400483 0 0.0298989 0 0 -0.0403336  0.129454 0 0.267044 0 0 0.158377  0 0 0 0 0 0  
174.673 4.27254 0.0228684 -4.90269 0 3 0 0 -4.88396  -4.98662 0 2.7077 0 0 -4.99777  -0.0432122 0 0.0312301 0 0 -0.0405225  0.12715 0 0.261074 0 0 0.154335  0 0 0 0 0 0  
175.301 4.28694 0.0225517 -4.96878 0 3 0 0 -4.97152  -5.03957 0 2.70903 0 0 -5.07011  -0.0440147 0 0.0309542 0 0 -0.0442399  0.1148 0 0.260016 0 0 0.142827  0 0 0 0 0 0  
175.929 4.30074 0.0218471 -5.04838 0 3 0 0 -5.03009  -5.11346 0 2.72775 0 0 -5.11489  -0.0377155 0 0.0346976 0 0 -0.037134  0.102799 0 0.237555 0 0 0.121927  0 0 0 0 0 0  
176.558 4.31443 0.0216925 -5.10426 0 3 0 0 -5.24981  -5.16153 0 2.73706 0 0 -5.33462  -0.0398536 0 0.0334617 0 0 -0.0343347  0.0971164 0 0.229478 0 0 0.119145  0 0 0 0 0 0  
177.186 4.32828 0.0230251 -5.18465 0 3 0 0 -5.27847  -5.2539 0 2.7274 0 0 -5.36576  -0.0453088 0 0.0348083 0 0 -0.0368056  0.114558 0 0.237794 0 0 0.124095  0 0 0 0 0 0  
177.814 4.34251 0.0227552 -5.28113 0 3 0 0 -5.35508  -5.35469 0 2.73985 0 0 -5.44462  -0.0380877 0 0.0325191 0 0 -0.0331559  0.111647 0 0.227627 0 0 0.1227  0 0 0 0 0 0  
178.442 4.35666 0.0222105 -5.35066 0 3 0 0 -5.42155  -5.43351 0 2.75319 0 0 -5.51057  -0.0324175 0 0.0326838 0 0 -0.0263666  0.11527 0 0.214125 0 0 0.115387  0 0 0 0 0 0  
179.071 4.37043 0.0222514 -5.23426 0 3 0 0 -5.52295  -5.32159 0 2.75208 0 0 -5.62542  -0.026203 0 0.0316345 0 0 -0.0272294  0.113529 0 0.216285 0 0 0.129693  0 0 0 0 0 0  
179.699 4.38441 0.0227222 -5.23115 0 3 0 0 -5.61885  -5.30915 0 2.75318 0 0 -5.72316  -0.0225246 0 0.031244 0 0 -0.023115  0.100531 0 0.215578 0 0 0.127428  0 0 0 0 0 0  
180.327 4.3985 0.022298 -5.25913 0 3 0 0 -5.66022  -5.33266 0 2.75497 0 0 -5.76471  -0.0250536 0 0.0311606 0 0 -0.0236142  0.0985801 0 0.213871 0 0 0.128105  0 0 0 0 0 0  
180.956 4.41291 0.0237797 -5.26407 0 3 0 0 -5.65438  -5.33871 0 2.74821 0 0 -5.75344  -0.0199946 0 0.0344004 0 0 -0.0175482  0.094636 0 0.217387 0 0 0.116606  0 0 0 0 0 0  
181.584 4.42797 0.0242069 -5.22037 0 3 0 0 -5.65355  -5.30615 0 2.7277 0 0 -5.76849  -0.029618 0 0.0346549 0 0 -0.0239157  0.115402 0 0.237648 0 0 0.138856  0 0 0 0 0 0  
182.212 4.44381 0.0257803 -5.20774 0 3 0 0 -5.49926  -5.29786 0 2.70275 0 0 -5.65305  -0.0393932 0 0.0355591 0 0 -0.0253409  0.129512 0 0.26169 0 0 0.17913  0 0 0 0 0 0  
182.841 4.46064 0.0278565 -5.08536 0 3 0 0 -5.41032  -5.17614 0 2.6721 0 0 -5.57193  -0.0428849 0 0.0419415 0 0 -0.0254105  0.133663 0 0.285958 0 0 0.18702  0 0 0 0 0 0  
183.469 4.47865 0.0293807 -4.97793 0 3 0 0 -5.31047  -5.08984 0 2.64154 0 0 -5.50885  -0.0473265 0 0.0415583 0 0 -0.0294276  0.159234 0 0.3169 0 0 0.227805  0 0 0 0 0 0  
184.097 4.49665 0.0285889 -4.92964 0 3 0 0 -5.13486  -5.0135 0 2.64238 0 0 -5.30634  -0.0531638 0 0.0435606 0 0 -0.026614  0.13702 0 0.314057 0 0 0.198093  0 0 0 0 0 0  
184.726 4.51469 0.028326 -4.93257 0 3 0 0 -5.03491  -5.01463 0 2.64631 0 0 -5.19617  -0.0493842 0 0.0460444 0 0 -0.0151424  0.131446 0 0.307645 0 0 0.176401  0 0 0 0 0 0  
185.354 4.53266 0.0283848 -4.78522 0 3 0 0 -4.74215  -4.90378 0 2.61922 0 0 -4.92991  -0.0540625 0 0.0395888 0 0 -0.020754  0.172623 0 0.341192 0 0 0.208516  0 0 0 0 0 0  
185.982 4.55059 0.0287722 -4.68145 0 3 0 0 -4.57625  -4.80967 0 2.60877 0 0 -4.7797  -0.0487144 0 0.0419351 0 0 -0.0201203  0.17693 0 0.349298 0 0 0.223572  0 0 0 0 0 0  
186.611 4.56871 0.0294185 -4.75308 0 3 0 0 -4.48434  -4.91123 0 2.58007 0 0 -4.71416  -0.0516465 0 0.0430242 0 0 -0.0299897  0.2098 0 0.376907 0 0 0.259807  0 0 0 0 0 0  
187.239 4.58696 0.0293507 -4.75901 0 3 0 0 -4.439  -4.90833 0 2.58522 0 0 -4.65161  -0.0480949 0 0.0429233 0 0 -0.0332324  0.197412 0 0.371858 0 0 0.245846  0 0 0 0 0 0  
187.867 4.60438 0.0269504 -4.80772 0 3 0 0 -4.35028  -4.91867 0 2.59993 0 0 -4.51314  -0.0433789 0 0.0480527 0 0 -0.0376337  0.154333 0 0.352014 0 0 0.200487  0 0 0 0 0 0  
188.496 4.62092 0.0255124 -4.80004 0 3 0 0 -4.37697  -4.90074 0 2.62988 0 0 -4.54011  -0.0382856 0 0.0459635 0 0 -0.0320131  0.138991 0 0.324159 0 0 0.195146  0 0 0 0 0 0  
189.124 4.63691 0.0248892 -4.83112 0 3 0 0 -4.4525  -4.92493 0 2.65158 0 0 -4.61149  -0.0325115 0 0.0421996 0 0 -0.024764  0.126318 0 0.306223 0 0 0.183746  0 0 0 0 0 0  
189.752 4.65209 0.0233407 -4.84051 0 3 0 0 -4.59968  -4.92568 0 2.67846 0 0 -4.74102  -0.0349832 0 0.0388131 0 0 -0.0287004  0.120154 0 0.282726 0 0 0.17004  0 0 0 0 0 0  
190.381 4.66616 0.021884 -4.88691 0 3 0 0 -4.62789  -4.96409 0 2.7065 0 0 -4.76269  -0.0294241 0 0.0341006 0 0 -0.0262205  0.1066 0 0.259397 0 0 0.161022  0 0 0 0 0 0  
191.009 4.67987 0.0221765 -4.90277 0 3 0 0 -4.75572  -4.973 0 2.7125 0 0 -4.88373  -0.0393675 0 0.0338968 0 0 -0.0306551  0.109599 0 0.253608 0 0 0.158669  0 0 0 0 0 0  
191.637 4.69368 0.0221051 -4.89758 0 3 0 0 -4.86645  -4.96158 0 2.71732 0 0 -4.98809  -0.0376492 0 0.034882 0 0 -0.0347961  0.101642 0 0.247801 0 0 0.156439  0 0 0 0 0 0  
192.265 4.70742 0.022247 -4.83145 0 3 0 0 -4.98424  -4.89335 0 2.71353 0 0 -5.10189  -0.0446805 0 0.036798 0 0 -0.0404393  0.106581 0 0.249667 0 0 0.158085  0 0 0 0 0 0  
192.894 4.72151 0.0220281 -4.93254 0 3 0 0 -5.19356  -5.00442 0 2.72785 0 0 -5.31601  -0.0371175 0 0.0326204 0 0 -0.0405381  0.109 0 0.239532 0 0 0.162981  0 0 0 0 0 0  
193.522 4.73536 0.0219543 -5.05688 0 3 0 0 -5.42211  -5.11455 0 2.73133 0 0 -5.52222  -0.0389805 0 0.0361343 0 0 -0.0345852  0.0966457 0 0.232538 0 0 0.134699  0 0 0 0 0 0  
194.15 4.74911 0.0214904 -5.18846 0 3 0 0 -5.53042  -5.24093 0 2.73576 0 0 -5.62589  -0.0406943 0 0.0356456 0 0 -0.0388796  0.0931651 0 0.228596 0 0 0.134346  0 0 0 0 0 0  
194.779 4.76267 0.0211363 -5.20121 0 3 0 0 -5.63234  -5.25386 0 2.74355 0 0 -5.72218  -0.035581 0 0.0370305 0 0 -0.028734  0.0882363 0 0.219418 0 0 0.118569  0 0 0 0 0 0  
195.407 4.77592 0.0210409 -5.16389 0 3 0 0 -5.74164  -5.22375 0 2.73174 0 0 -5.84441  -0.0361415 0 0.0379724 0 0 -0.0314587  0.0959965 0 0.230288 0 0 0.134224  0 0 0 0 0 0  
196.035 4.78916 0.0209293 -5.20377 0 3 0 0 -5.84857  -5.26158 0 2.73076 0 0 -5.95276  -0.0342803 0 0.0406321 0 0 -0.0308045  0.0920882 0 0.228611 0 0 0.134986  0 0 0 0 0 0  
196.664 4.80212 0.0200621 -5.32133 0 3 0 0 -6.02141  -5.3737 0 2.75302 0 0 -6.10389  -0.0290681 0 0.0417105 0 0 -0.0279  0.0814327 0 0.205267 0 0 0.110381  0 0 0 0 0 0  
197.292 4.81464 0.01937 -5.45688 0 3 0 0 -6.10771  -5.51942 0 2.77006 0 0 -6.18696  -0.0189306 0 0.0370702 0 0 -0.0186403  0.081473 0 0.192868 0 0 0.0978924  0 0 0 0 0 0  
197.92 4.82706 0.0204173 -5.52318 0 3 0 0 -5.96836  -5.59416 0 2.75727 0 0 -6.04415  -0.0176845 0 0.040444 0 0 -0.0206076  0.0886715 0 0.20229 0 0 0.0963997  0 0 0 0 0 0  
198.549 4.84002 0.0210511 -5.50363 0 3 0 0 -5.79919  -5.57179 0 2.75082 0 0 -5.87418  -0.0188427 0 0.0412093 0 0 -0.0200323  0.0870012 0 0.207971 0 0 0.0950283  0 0 0 0 0 0  
199.177 4.85328 0.0216579 -5.42831 0 3 0 0 -5.66835  -5.49824 0 2.73219 0 0 -5.7491  -0.0206488 0 0.0450024 0 0 -0.0194972  0.0905805 0 0.222807 0 0 0.100247  0 0 0 0 0 0  
199.805 4.8673 0.0232756 -5.23707 0 3 0 0 -5.47019  -5.31878 0 2.72742 0 0 -5.56582  -0.0155102 0 0.0434873 0 0 -0.0191867  0.0972188 0 0.229093 0 0 0.114814  0 0 0 0 0 0  
200.434 4.88248 0.0250189 -5.05498 0 3 0 0 -5.24511  -5.14941 0 2.69297 0 0 -5.37863  -0.0261527 0 0.040922 0 0 -0.0195035  0.120581 0 0.266109 0 0 0.153029  0 0 0 0 0 0  
201.062 4.89885 0.0266417 -4.9153 0 3 0 0 -5.16194  -5.01727 0 2.67114 0 0 -5.31902  -0.0307797 0 0.0437208 0 0 -0.0283775  0.132751 0 0.285137 0 0 0.185454  0 0 0 0 0 0  
201.69 4.91541 0.0257986 -4.79222 0 3 0 0 -5.07831  -4.8942 0 2.67182 0 0 -5.24457  -0.0442494 0 0.0423841 0 0 -0.0315086  0.146226 0 0.285792 0 0 0.197773  0 0 0 0 0 0  
202.319 4.93116 0.0246118 -4.81892 0 3 0 0 -5.04259  -4.91557 0 2.6939 0 0 -5.17229  -0.04262 0 0.040222 0 0 -0.0266868  0.139266 0 0.26588 0 0 0.15639  0 0 0 0 0 0  
202.947 4.94646 0.0241635 -4.94044 0 3 0 0 -4.93129  -5.01399 0 2.69494 0 0 -5.03125  -0.0385286 0 0.0410796 0 0 -0.0246796  0.11208 0 0.263983 0 0 0.124638  0 0 0 0 0 0  
203.575 4.96142 0.0232462 -5.0132 0 3 0 0 -4.82037  -5.09316 0 2.70444 0 0 -4.94045  -0.0355501 0 0.0443421 0 0 -0.0286674  0.115512 0 0.251214 0 0 0.148749  0 0 0 0 0 0  
204.204 4.97575 0.0227207 -4.99128 0 3 0 0 -4.78988  -5.05771 0 2.70396 0 0 -4.88886  -0.0326124 0 0.0484318 0 0 -0.0285131  0.09904 0 0.247612 0 0 0.127493  0 0 0 0 0 0  
204.832 4.98932 0.020513 -4.94244 0 3 0 0 -4.81128  -5.02351 0 2.71919 0 0 -4.90223  -0.0349154 0 0.0425082 0 0 -0.0238975  0.115991 0 0.238301 0 0 0.114845  0 0 0 0 0 0  
205.46 5.00197 0.019568 -4.92409 0 3 0 0 -4.87123  -5.01464 0 2.73889 0 0 -4.97163  -0.029186 0 0.035663 0 0 -0.0197858  0.119738 0 0.22545 0 0 0.120191  0 0 0 0 0 0  
