# LF_DEM version v3.0-126-gb72fb1a
# np 1000
# VF 0.8
# Lx 72.1195
# Ly 0
# Lz 72.1195
# flow_type shear
# data in cl units.
#1: time
#2: cumulated strain
#3: shear rate
#4-9: total stress tensor (xx, xy, xz, yz, yy, zz)
#10-15: contact stress tensor (xx, xy, xz, yz, yy, zz)
#16-21: dashpot stress tensor (xx, xy, xz, yz, yy, zz)
#22-27: hydro stress tensor (xx, xy, xz, yz, yy, zz)
#28-33: repulsion stress tensor (xx, xy, xz, yz, yy, zz)

0.0188496 0.000214075 0.011357 -2.30402 0 1 0 0 -2.2038  -2.36586 0 0.836828 0 0 -2.29812  -0.00498425 0 0.0233658 0 0 -0.00775321  0.0668246 0 0.139806 0 0 0.102068  0 0 0 0 0 0  
1.88496 0.0197196 0.0105036 -2.20722 0 1 0 0 -2.1143  -2.28176 0 0.843731 0 0 -2.19613  -0.00842528 0 0.0210425 0 0 -0.00751968  0.0829637 0 0.135227 0 0 0.0893487  0 0 0 0 0 0  
3.76991 0.0396219 0.0105568 -2.0876 0 1 0 0 -2.02778  -2.16879 0 0.83804 0 0 -2.1112  -0.00919978 0 0.0208684 0 0 -0.00644074  0.0903917 0 0.141091 0 0 0.0898618  0 0 0 0 0 0  
5.65487 0.0594929 0.0107567 -2.00511 0 1 0 0 -1.96063  -2.09094 0 0.825339 0 0 -2.05717  -0.0118445 0 0.0230185 0 0 -0.0083194  0.097679 0 0.151643 0 0 0.104857  0 0 0 0 0 0  
7.53982 0.0796961 0.0108196 -1.96704 0 1 0 0 -1.92701  -2.04224 0 0.82087 0 0 -2.01598  -0.0138571 0 0.0256448 0 0 -0.00787404  0.0890614 0 0.153485 0 0 0.0968485  0 0 0 0 0 0  
9.42478 0.100163 0.0107898 -1.97178 0 1 0 0 -1.9177  -2.03812 0 0.815542 0 0 -2.00211  -0.016093 0 0.0268665 0 0 -0.0113291  0.0824307 0 0.157592 0 0 0.0957353  0 0 0 0 0 0  
11.3097 0.120865 0.0108567 -1.96603 0 1 0 0 -1.84435  -2.04463 0 0.819892 0 0 -1.94495  -0.0145142 0 0.0240088 0 0 -0.00901949  0.0931111 0 0.156099 0 0 0.10962  0 0 0 0 0 0  
13.1947 0.140777 0.0102795 -1.96655 0 1 0 0 -1.80298  -2.03053 0 0.834724 0 0 -1.88746  -0.0121597 0 0.0262887 0 0 -0.00718223  0.0761445 0 0.138988 0 0 0.0916618  0 0 0 0 0 0  
15.0796 0.15944 0.00948609 -2.00853 0 1 0 0 -1.7879  -2.08382 0 0.837438 0 0 -1.87127  -0.0120856 0 0.0230971 0 0 -0.00842514  0.0873781 0 0.139465 0 0 0.0917943  0 0 0 0 0 0  
16.9646 0.176844 0.00905647 -2.09528 0 1 0 0 -1.85525  -2.15928 0 0.852353 0 0 -1.93317  -0.00846193 0 0.0215692 0 0 -0.00832748  0.0724666 0 0.126078 0 0 0.0862464  0 0 0 0 0 0  
18.8496 0.193764 0.00885772 -2.14498 0 1 0 0 -1.92049  -2.20284 0 0.859634 0 0 -1.99245  -0.00549587 0 0.0214147 0 0 -0.0063657  0.063347 0 0.118951 0 0 0.0783268  0 0 0 0 0 0  
20.7345 0.210169 0.00858574 -2.15289 0 1 0 0 -1.97532  -2.20441 0 0.868457 0 0 -2.04161  -0.00425718 0 0.0207003 0 0 -0.00831809  0.0557738 0 0.110842 0 0 0.0746153  0 0 0 0 0 0  
22.6195 0.226387 0.00865474 -2.14333 0 1 0 0 -2.01406  -2.1983 0 0.868864 0 0 -2.07722  -0.00305042 0 0.0200111 0 0 -0.00612621  0.0580152 0 0.111125 0 0 0.0692887  0 0 0 0 0 0  
24.5044 0.242856 0.00890748 -2.16955 0 1 0 0 -2.0415  -2.23079 0 0.863008 0 0 -2.10611  -0.00451404 0 0.0215053 0 0 -0.00690573  0.0657555 0 0.115487 0 0 0.0715176  0 0 0 0 0 0  
26.3894 0.259931 0.00922975 -2.16157 0 1 0 0 -2.0445  -2.22079 0 0.865992 0 0 -2.10737  -0.00328181 0 0.021186 0 0 -0.00727033  0.0625009 0 0.112822 0 0 0.0701445  0 0 0 0 0 0  
28.2743 0.27773 0.00956725 -2.12842 0 1 0 0 -2.06542  -2.18489 0 0.859861 0 0 -2.12611  -0.00628235 0 0.0226282 0 0 -0.00718582  0.0627588 0 0.117511 0 0 0.0678759  0 0 0 0 0 0  
30.1593 0.295726 0.00920269 -2.05897 0 1 0 0 -2.04545  -2.11153 0 0.85879 0 0 -2.11355  -0.00791982 0 0.0237963 0 0 -0.011512  0.0604783 0 0.117413 0 0 0.0796152  0 0 0 0 0 0  
32.0442 0.312013 0.00818458 -1.99393 0 1 0 0 -2.0517  -2.03991 0 0.873175 0 0 -2.11759  -0.00622786 0 0.0207106 0 0 -0.00927278  0.052206 0 0.106115 0 0 0.0751576  0 0 0 0 0 0  
33.9292 0.326834 0.00751913 -1.9624 0 1 0 0 -2.07843  -2.00142 0 0.887764 0 0 -2.13189  -0.00631708 0 0.0187065 0 0 -0.00611271  0.045339 0 0.0935298 0 0 0.0595795  0 0 0 0 0 0  
35.8142 0.340744 0.00725834 -1.94004 0 1 0 0 -2.11372  -1.97444 0 0.894787 0 0 -2.16602  -0.00532196 0 0.0163325 0 0 -0.00299174  0.0397294 0 0.0888802 0 0 0.0552961  0 0 0 0 0 0  
37.6991 0.354426 0.0072474 -1.91668 0 1 0 0 -2.13576  -1.94734 0 0.896242 0 0 -2.1852  -0.00491783 0 0.0156961 0 0 -0.00388812  0.035581 0 0.0880622 0 0 0.0533276  0 0 0 0 0 0  
39.5841 0.368067 0.00718231 -1.88538 0 1 0 0 -2.14627  -1.92157 0 0.893434 0 0 -2.19939  -0.00325298 0 0.0162117 0 0 -0.00237929  0.0394386 0 0.0903545 0 0 0.0554969  0 0 0 0 0 0  
41.469 0.381116 0.00695707 -1.91882 0 1 0 0 -2.22958  -1.95299 0 0.897269 0 0 -2.27639  -0.000819965 0 0.016703 0 0 -0.00222382  0.0349851 0 0.0860277 0 0 0.0490349  0 0 0 0 0 0  
43.354 0.394391 0.0071795 -1.99195 0 1 0 0 -2.32681  -2.02415 0 0.899417 0 0 -2.37251  -0.00538 0 0.0165343 0 0 -0.00163536  0.0375725 0 0.0840482 0 0 0.0473277  0 0 0 0 0 0  
45.2389 0.408426 0.00762951 -2.02502 0 1 0 0 -2.34993  -2.05048 0 0.895904 0 0 -2.39335  -0.00734532 0 0.0174697 0 0 -0.00153248  0.0328077 0 0.0866266 0 0 0.0449573  0 0 0 0 0 0  
47.1239 0.423186 0.0079216 -2.00851 0 1 0 0 -2.31402  -2.0372 0 0.89243 0 0 -2.35869  -0.00778726 0 0.0184885 0 0 -0.00258545  0.0364792 0 0.0890813 0 0 0.0472557  0 0 0 0 0 0  
49.0088 0.438008 0.00784815 -1.96891 0 1 0 0 -2.26933  -2.00791 0 0.892663 0 0 -2.31541  -0.00561157 0 0.0178013 0 0 -0.00119718  0.0446115 0 0.0895354 0 0 0.0472731  0 0 0 0 0 0  
50.8938 0.453065 0.00816103 -1.92989 0 1 0 0 -2.16855  -1.98352 0 0.883777 0 0 -2.23265  -0.0044719 0 0.0179718 0 0 0.0032367  0.0580999 0 0.0982515 0 0 0.0608682  0 0 0 0 0 0  
52.7788 0.468467 0.00818729 -1.92183 0 1 0 0 -2.09164  -1.97359 0 0.873998 0 0 -2.16363  -0.00570798 0 0.0180155 0 0 -9.77644e-05  0.0574651 0 0.107986 0 0 0.0720902  0 0 0 0 0 0  
54.6637 0.483897 0.00839131 -1.94692 0 1 0 0 -2.08263  -1.99496 0 0.864597 0 0 -2.16285  -0.0124431 0 0.0184588 0 0 -0.00343937  0.0604806 0 0.116944 0 0 0.0836597  0 0 0 0 0 0  
56.5487 0.50023 0.00896473 -1.95336 0 1 0 0 -2.08219  -2.00972 0 0.862474 0 0 -2.16967  -0.0118429 0 0.0186067 0 0 -0.00252531  0.0682047 0 0.118919 0 0 0.0900116  0 0 0 0 0 0  
58.4336 0.517062 0.00896991 -1.98248 0 1 0 0 -2.06437  -2.03716 0 0.854567 0 0 -2.15392  -0.0116764 0 0.0195205 0 0 -0.00780924  0.0663544 0 0.125913 0 0 0.0973614  0 0 0 0 0 0  
60.3186 0.534008 0.00895094 -1.97519 0 1 0 0 -1.97197  -2.02652 0 0.852251 0 0 -2.07069  -0.0114478 0 0.0207711 0 0 -0.00549949  0.0627735 0 0.126978 0 0 0.10422  0 0 0 0 0 0  
62.2035 0.550884 0.00897235 -2.00583 0 1 0 0 -1.90478  -2.05078 0 0.852161 0 0 -2.00819  -0.0128661 0 0.0211956 0 0 -0.00315309  0.0578171 0 0.126644 0 0 0.106572  0 0 0 0 0 0  
64.0885 0.568257 0.00933044 -2.0728 0 1 0 0 -1.89495  -2.12484 0 0.846669 0 0 -1.99631  -0.0143048 0 0.0224231 0 0 -0.00673276  0.0663479 0 0.130907 0 0 0.108095  0 0 0 0 0 0  
65.9734 0.586276 0.00973397 -2.11632 0 1 0 0 -1.90055  -2.16666 0 0.843076 0 0 -2.00393  -0.00947634 0 0.0235907 0 0 -0.00171605  0.0598127 0 0.133334 0 0 0.105095  0 0 0 0 0 0  
67.8584 0.604966 0.00998655 -2.13598 0 1 0 0 -1.90918  -2.186 0 0.839233 0 0 -2.00753  -0.0132094 0 0.0218968 0 0 -0.00717469  0.0632374 0 0.13887 0 0 0.105522  0 0 0 0 0 0  
69.7434 0.623709 0.00995405 -2.10415 0 1 0 0 -1.90368  -2.15909 0 0.846875 0 0 -1.99571  -0.0127536 0 0.0217208 0 0 -0.00353679  0.0676893 0 0.131404 0 0 0.0955693  0 0 0 0 0 0  
71.6283 0.641555 0.00920505 -2.0585 0 1 0 0 -1.84182  -2.11149 0 0.849302 0 0 -1.93636  -0.00969483 0 0.0221309 0 0 -0.00573511  0.0626812 0 0.128568 0 0 0.100273  0 0 0 0 0 0  
73.5133 0.658637 0.00899235 -2.01092 0 1 0 0 -1.84131  -2.06853 0 0.862223 0 0 -1.92984  -0.0080823 0 0.0214218 0 0 -0.0039906  0.0656945 0 0.116355 0 0 0.0925161  0 0 0 0 0 0  
75.3982 0.675743 0.00908142 -2.01232 0 1 0 0 -1.89354  -2.06913 0 0.861606 0 0 -1.96137  -0.00818568 0 0.0210378 0 0 -0.0064787  0.0649965 0 0.117356 0 0 0.0743066  0 0 0 0 0 0  
77.2832 0.692774 0.00895781 -2.0036 0 1 0 0 -1.92798  -2.05419 0 0.859332 0 0 -1.98493  -0.0117908 0 0.0212318 0 0 -0.0110479  0.0623758 0 0.119436 0 0 0.0679973  0 0 0 0 0 0  
79.1681 0.709755 0.00892519 -1.94796 0 1 0 0 -1.97955  -2.00342 0 0.859765 0 0 -2.03664  -0.0106256 0 0.0206422 0 0 -0.0136865  0.0660875 0 0.119593 0 0 0.0707787  0 0 0 0 0 0  
81.0531 0.726174 0.00853271 -1.91072 0 1 0 0 -2.0425  -1.97016 0 0.860736 0 0 -2.10275  -0.00606076 0 0.020493 0 0 -0.0144268  0.0655028 0 0.118771 0 0 0.0746695  0 0 0 0 0 0  
82.938 0.741588 0.0080652 -1.95514 0 1 0 0 -2.13341  -2.00481 0 0.867492 0 0 -2.19076  -0.00934752 0 0.0195531 0 0 -0.00963862  0.0590163 0 0.112955 0 0 0.0669878  0 0 0 0 0 0  
84.823 0.756625 0.00793853 -1.9995 0 1 0 0 -2.1678  -2.04208 0 0.87213 0 0 -2.23039  -0.0111264 0 0.0199917 0 0 -0.00648681  0.0537017 0 0.107878 0 0 0.0690712  0 0 0 0 0 0  
86.708 0.771286 0.00767928 -2.06044 0 1 0 0 -2.19615  -2.1038 0 0.87464 0 0 -2.258  -0.0113023 0 0.0204069 0 0 -0.0078323  0.0546644 0 0.104953 0 0 0.069685  0 0 0 0 0 0  
88.5929 0.785453 0.00742558 -2.13475 0 1 0 0 -2.20909  -2.17847 0 0.885026 0 0 -2.26792  -0.00924913 0 0.0183445 0 0 -0.00779673  0.0529765 0 0.0966292 0 0 0.0666306  0 0 0 0 0 0  
90.4779 0.799266 0.00748318 -2.16318 0 1 0 0 -2.19576  -2.20795 0 0.885231 0 0 -2.25731  -0.00954683 0 0.0173321 0 0 -0.00709247  0.0543218 0 0.0974367 0 0 0.0686365  0 0 0 0 0 0  
92.3628 0.813448 0.00763699 -2.14522 0 1 0 0 -2.15456  -2.18844 0 0.879854 0 0 -2.21269  -0.00638442 0 0.0203578 0 0 -0.00570257  0.0496031 0 0.0997883 0 0 0.0638315  0 0 0 0 0 0  
94.2478 0.828172 0.00782184 -2.11679 0 1 0 0 -2.1054  -2.17005 0 0.874674 0 0 -2.17014  -0.0064235 0 0.0216234 0 0 -0.0039834  0.0596863 0 0.103703 0 0 0.0687223  0 0 0 0 0 0  
96.1327 0.843151 0.00810899 -2.1002 0 1 0 0 -2.0482  -2.15478 0 0.876101 0 0 -2.11365  -0.00257822 0 0.0225018 0 0 0.00310952  0.0571578 0 0.101397 0 0 0.0623384  0 0 0 0 0 0  
98.0177 0.858616 0.00831153 -2.05293 0 1 0 0 -1.96238  -2.11547 0 0.870873 0 0 -2.0335  -0.00539619 0 0.0202289 0 0 -0.00073081  0.0679402 0 0.108898 0 0 0.0718494  0 0 0 0 0 0  
99.9026 0.873918 0.00795781 -1.97032 0 1 0 0 -1.87756  -2.03202 0 0.875464 0 0 -1.9473  -0.00585641 0 0.0192933 0 0 -0.00435267  0.0675563 0 0.105243 0 0 0.0740865  0 0 0 0 0 0  
101.788 0.888561 0.0075437 -1.90673 0 1 0 0 -1.83837  -1.96664 0 0.875802 0 0 -1.90813  -0.00217903 0 0.0176788 0 0 -0.00157544  0.0620896 0 0.106519 0 0 0.0713337  0 0 0 0 0 0  
103.673 0.903021 0.00787721 -1.85395 0 1 0 0 -1.81043  -1.91689 0 0.869126 0 0 -1.89454  -0.00278631 0 0.0164122 0 0 -0.00501309  0.0657302 0 0.114462 0 0 0.0891284  0 0 0 0 0 0  
105.558 0.917918 0.00816303 -1.80403 0 1 0 0 -1.81458  -1.87216 0 0.862155 0 0 -1.89838  -0.00903516 0 0.016578 0 0 -0.00694079  0.0771676 0 0.121266 0 0 0.0907363  0 0 0 0 0 0  
107.442 0.933333 0.00814338 -1.83124 0 1 0 0 -1.897  -1.89048 0 0.857869 0 0 -1.96887  -0.0115699 0 0.0161558 0 0 -0.00783883  0.070806 0 0.125975 0 0 0.0797128  0 0 0 0 0 0  
109.327 0.948593 0.0080479 -1.86748 0 1 0 0 -1.95616  -1.91908 0 0.867106 0 0 -2.02641  -0.0110866 0 0.0165583 0 0 -0.00645057  0.0626819 0 0.116335 0 0 0.0766985  0 0 0 0 0 0  
111.212 0.963524 0.00776903 -1.9209 0 1 0 0 -1.99888  -1.97945 0 0.872766 0 0 -2.07474  -0.0125821 0 0.0149689 0 0 -0.00615235  0.0711386 0 0.112265 0 0 0.0820123  0 0 0 0 0 0  
113.097 0.978127 0.00786832 -1.97758 0 1 0 0 -2.05346  -2.0412 0 0.873971 0 0 -2.13264  -0.0121279 0 0.014251 0 0 -0.00691066  0.0757433 0 0.111778 0 0 0.0860906  0 0 0 0 0 0  
114.982 0.993329 0.00821054 -2.01784 0 1 0 0 -2.10697  -2.07678 0 0.875462 0 0 -2.18097  -0.0097411 0 0.014722 0 0 -0.00732567  0.0686891 0 0.109817 0 0 0.0813309  0 0 0 0 0 0  
116.867 1.0087 0.00815239 -2.06157 0 1 0 0 -2.15745  -2.10798 0 0.879621 0 0 -2.21556  -0.00656423 0 0.0159876 0 0 -0.00479921  0.0529771 0 0.104391 0 0 0.0629141  0 0 0 0 0 0  
118.752 1.02362 0.0077947 -2.08081 0 1 0 0 -2.21724  -2.1174 0 0.887064 0 0 -2.26627  -0.00597573 0 0.016099 0 0 -0.0025741  0.0425636 0 0.0968365 0 0 0.0516131  0 0 0 0 0 0  
120.637 1.03805 0.00749215 -2.06396 0 1 0 0 -2.2763  -2.10667 0 0.885034 0 0 -2.32469  -0.00357011 0 0.0169946 0 0 -0.00446616  0.0462745 0 0.0979715 0 0 0.0528494  0 0 0 0 0 0  
122.522 1.05179 0.00717022 -2.09961 0 1 0 0 -2.32296  -2.13723 0 0.888756 0 0 -2.36608  -0.00901845 0 0.0168001 0 0 -0.00690999  0.0466389 0 0.0944439 0 0 0.0500251  0 0 0 0 0 0  
124.407 1.06512 0.00709707 -2.14582 0 1 0 0 -2.35815  -2.18138 0 0.891881 0 0 -2.40267  -0.00923863 0 0.0172619 0 0 -0.00566183  0.0447915 0 0.0908571 0 0 0.0501848  0 0 0 0 0 0  
126.292 1.07827 0.00679727 -2.18313 0 1 0 0 -2.38466  -2.20722 0 0.894805 0 0 -2.42122  -0.00956593 0 0.0184546 0 0 -0.00572068  0.0336527 0 0.0867407 0 0 0.0422785  0 0 0 0 0 0  
128.177 1.09136 0.00694206 -2.19609 0 1 0 0 -2.37012  -2.21669 0 0.897372 0 0 -2.40622  -0.00980907 0 0.0181834 0 0 -0.00429909  0.030409 0 0.0844449 0 0 0.0403961  0 0 0 0 0 0  
130.062 1.10423 0.00669263 -2.15369 0 1 0 0 -2.31665  -2.17428 0 0.89949 0 0 -2.35326  -0.00751486 0 0.018211 0 0 -0.00439413  0.0281028 0 0.0822986 0 0 0.0410039  0 0 0 0 0 0  
131.947 1.11689 0.00672338 -2.10628 0 1 0 0 -2.25811  -2.13541 0 0.90012 0 0 -2.30007  -0.00560859 0 0.0159274 0 0 -0.00461097  0.0347353 0 0.0839528 0 0 0.0465711  0 0 0 0 0 0  
133.832 1.13005 0.00715398 -2.04814 0 1 0 0 -2.20697  -2.08208 0 0.894502 0 0 -2.24811  -0.00301585 0 0.0165623 0 0 -0.00254146  0.0369545 0 0.0889356 0 0 0.0436837  0 0 0 0 0 0  
135.717 1.14402 0.00775198 -1.96002 0 1 0 0 -2.13518  -2.005 0 0.882072 0 0 -2.17903  -0.00340393 0 0.0186548 0 0 -0.00332758  0.0483809 0 0.099273 0 0 0.0471816  0 0 0 0 0 0  
137.602 1.15914 0.0080929 -1.87892 0 1 0 0 -2.0565  -1.93355 0 0.872313 0 0 -2.10788  -0.000632383 0 0.019951 0 0 -0.00183847  0.0552623 0 0.107736 0 0 0.05322  0 0 0 0 0 0  
139.487 1.17471 0.00829422 -1.79936 0 1 0 0 -1.92129  -1.86287 0 0.856459 0 0 -1.9921  -0.00198816 0 0.0204678 0 0 -0.00229705  0.0655031 0 0.123073 0 0 0.0731118  0 0 0 0 0 0  
141.372 1.19066 0.00852526 -1.72927 0 1 0 0 -1.82517  -1.81272 0 0.845015 0 0 -1.91941  -0.00774747 0 0.0185269 0 0 -0.0129238  0.0911986 0 0.136458 0 0 0.107164  0 0 0 0 0 0  
143.257 1.20672 0.00862454 -1.76411 0 1 0 0 -1.83802  -1.83517 0 0.849684 0 0 -1.91549  -0.0083142 0 0.0196023 0 0 -0.0120496  0.0793719 0 0.130713 0 0 0.0895261  0 0 0 0 0 0  
145.142 1.22268 0.00817497 -1.81044 0 1 0 0 -1.88823  -1.87109 0 0.862957 0 0 -1.95561  -0.010464 0 0.0187124 0 0 -0.0094998  0.0711123 0 0.11833 0 0 0.0768765  0 0 0 0 0 0  
147.027 1.23782 0.00792187 -1.84981 0 1 0 0 -1.95259  -1.90857 0 0.87346 0 0 -2.01679  -0.00921041 0 0.0181743 0 0 -0.00949494  0.0679721 0 0.108366 0 0 0.0736934  0 0 0 0 0 0  
148.911 1.25283 0.00786313 -1.92534 0 1 0 0 -2.06369  -1.97108 0 0.879298 0 0 -2.12395  -0.0122636 0 0.0176429 0 0 -0.0089101  0.057997 0 0.103059 0 0 0.0691673  0 0 0 0 0 0  
150.796 1.26775 0.0077891 -2.02622 0 1 0 0 -2.15048  -2.06198 0 0.885239 0 0 -2.1976  -0.0130795 0 0.0187404 0 0 -0.00591427  0.0488405 0 0.096021 0 0 0.0530327  0 0 0 0 0 0  
152.681 1.28197 0.00725668 -2.07531 0 1 0 0 -2.21055  -2.10925 0 0.894487 0 0 -2.25173  -0.00996237 0 0.0183678 0 0 -0.00349252  0.0439043 0 0.0871455 0 0 0.0446771  0 0 0 0 0 0  
154.566 1.29561 0.00723913 -2.12233 0 1 0 0 -2.24641  -2.15447 0 0.899304 0 0 -2.28971  -0.00783619 0 0.0174507 0 0 0.000204323  0.0399734 0 0.0832458 0 0 0.0430944  0 0 0 0 0 0  
156.451 1.30882 0.00688887 -2.17294 0 1 0 0 -2.30581  -2.20297 0 0.90357 0 0 -2.34565  -0.00704669 0 0.017724 0 0 0.00148448  0.0370783 0 0.0787065 0 0 0.0383593  0 0 0 0 0 0  
158.336 1.32197 0.00704436 -2.28074 0 1 0 0 -2.33775  -2.31319 0 0.904999 0 0 -2.37922  -0.00708326 0 0.0179043 0 0 0.000815374  0.0395358 0 0.0770971 0 0 0.0406536  0 0 0 0 0 0  
160.221 1.33538 0.00716873 -2.35233 0 1 0 0 -2.38062  -2.38303 0 0.905669 0 0 -2.41796  -0.00831288 0 0.01816 0 0 -0.00183986  0.0390159 0 0.0761711 0 0 0.0391803  0 0 0 0 0 0  
162.106 1.34871 0.00698567 -2.38758 0 1 0 0 -2.3995  -2.41601 0 0.903423 0 0 -2.44369  -0.00741032 0 0.0183807 0 0 -0.00176189  0.0358408 0 0.0781967 0 0 0.0459541  0 0 0 0 0 0  
163.991 1.36147 0.00673123 -2.38568 0 1 0 0 -2.42154  -2.41974 0 0.897685 0 0 -2.46737  -0.0105022 0 0.0180429 0 0 -0.00592599  0.0445646 0 0.0842719 0 0 0.0517525  0 0 0 0 0 0  
165.876 1.3741 0.0066479 -2.3967 0 1 0 0 -2.47101  -2.42944 0 0.899708 0 0 -2.52105  -0.00623413 0 0.0171833 0 0 -0.00444039  0.0389724 0 0.083109 0 0 0.0544816  0 0 0 0 0 0  
167.761 1.38642 0.00643908 -2.39916 0 1 0 0 -2.46781  -2.43146 0 0.903408 0 0 -2.51609  -0.00348141 0 0.0173614 0 0 -0.00234177  0.0357847 0 0.0792301 0 0 0.0506211  0 0 0 0 0 0  
169.646 1.39887 0.00679562 -2.3773 0 1 0 0 -2.42386  -2.41875 0 0.906442 0 0 -2.47353  -0.00061024 0 0.017317 0 0 0.0014846  0.0420667 0 0.0762414 0 0 0.0481845  0 0 0 0 0 0  
171.531 1.41212 0.00719153 -2.33061 0 1 0 0 -2.33826  -2.37523 0 0.897696 0 0 -2.39138  -0.000376614 0 0.0192541 0 0 0.00182719  0.0449977 0 0.0830502 0 0 0.0512971  0 0 0 0 0 0  
173.416 1.42606 0.0075759 -2.2351 0 1 0 0 -2.23801  -2.29025 0 0.890448 0 0 -2.30471  -0.00415138 0 0.0199652 0 0 0.00256903  0.0593026 0 0.0895868 0 0 0.0641344  0 0 0 0 0 0  
175.301 1.44035 0.00749013 -2.16782 0 1 0 0 -2.16711  -2.22671 0 0.886581 0 0 -2.23503  -0.00567436 0 0.019397 0 0 -0.000926635  0.0645728 0 0.0940225 0 0 0.068843  0 0 0 0 0 0  
177.186 1.45439 0.00744415 -2.12862 0 1 0 0 -2.16507  -2.18132 0 0.889662 0 0 -2.22496  -0.00403141 0 0.0207682 0 0 0.000554186  0.0567327 0 0.08957 0 0 0.0593318  0 0 0 0 0 0  
179.071 1.46852 0.00755017 -2.07673 0 1 0 0 -2.12261  -2.14513 0 0.887624 0 0 -2.20012  -0.0048724 0 0.0191449 0 0 0.0017716  0.073272 0 0.0932307 0 0 0.0757455  0 0 0 0 0 0  
180.956 1.483 0.00781211 -2.04921 0 1 0 0 -2.1097  -2.11212 0 0.884043 0 0 -2.18345  -0.00761754 0 0.0195801 0 0 0.000239624  0.0705277 0 0.0963767 0 0 0.0735097  0 0 0 0 0 0  
182.841 1.49769 0.00794506 -2.09365 0 1 0 0 -2.14136  -2.14584 0 0.883687 0 0 -2.20399  -0.00814176 0 0.0202535 0 0 0.00113744  0.0603307 0 0.0960591 0 0 0.0614955  0 0 0 0 0 0  
184.726 1.51258 0.00776805 -2.10947 0 1 0 0 -2.13539  -2.15886 0 0.886629 0 0 -2.19757  -0.00756685 0 0.0204355 0 0 0.00201106  0.0569509 0 0.0929351 0 0 0.0601692  0 0 0 0 0 0  
186.611 1.52724 0.00794117 -2.11093 0 1 0 0 -2.09879  -2.16124 0 0.881205 0 0 -2.162  -0.00461746 0 0.0202595 0 0 -0.00121872  0.0549252 0 0.0985353 0 0 0.0644312  0 0 0 0 0 0  
188.496 1.54245 0.0080967 -2.12212 0 1 0 0 -2.06856  -2.16773 0 0.878439 0 0 -2.12466  -0.00254171 0 0.0208251 0 0 0.000978851  0.0481576 0 0.100736 0 0 0.0551189  0 0 0 0 0 0  
190.381 1.55797 0.00831744 -2.09978 0 1 0 0 -2.01276  -2.14853 0 0.871207 0 0 -2.07787  -0.00272626 0 0.0208953 0 0 0.0013254  0.0514739 0 0.107898 0 0 0.0637915  0 0 0 0 0 0  
192.265 1.57408 0.00881156 -2.07192 0 1 0 0 -2.00272  -2.13027 0 0.860466 0 0 -2.07545  -0.00543081 0 0.0196749 0 0 0.000565634  0.0637731 0 0.119859 0 0 0.0721557  0 0 0 0 0 0  
194.15 1.59109 0.00922734 -2.02621 0 1 0 0 -1.99302  -2.08822 0 0.846146 0 0 -2.06842  -0.00635831 0 0.0208056 0 0 -0.00397393  0.068364 0 0.133048 0 0 0.0793711  0 0 0 0 0 0  
196.035 1.6085 0.00928389 -2.04139 0 1 0 0 -2.0489  -2.09629 0 0.844905 0 0 -2.11584  -0.00736641 0 0.0224313 0 0 -0.0039591  0.0622634 0 0.132664 0 0 0.0708923  0 0 0 0 0 0  
197.92 1.62608 0.00928335 -2.08143 0 1 0 0 -2.04408  -2.14269 0 0.844134 0 0 -2.11452  -0.00846706 0 0.0204364 0 0 -0.007857  0.06972 0 0.13543 0 0 0.0782938  0 0 0 0 0 0  
199.805 1.64321 0.00901519 -2.07226 0 1 0 0 -2.02578  -2.13976 0 0.844235 0 0 -2.09942  -0.00572465 0 0.018886 0 0 -0.00692423  0.0732223 0 0.136879 0 0 0.0805607  0 0 0 0 0 0  
201.69 1.66063 0.00953496 -2.04731 0 1 0 0 -2.00148  -2.1177 0 0.844201 0 0 -2.0809  -0.00252539 0 0.0208567 0 0 -0.00701953  0.0729156 0 0.134942 0 0 0.0864463  0 0 0 0 0 0  
203.575 1.67842 0.00946363 -2.00856 0 1 0 0 -1.96457  -2.0682 0 0.845923 0 0 -2.04239  -0.00538136 0 0.0225197 0 0 -0.00676368  0.0650224 0 0.131558 0 0 0.0845894  0 0 0 0 0 0  
205.46 1.69619 0.00940582 -1.97915 0 1 0 0 -1.94702  -2.04875 0 0.834964 0 0 -2.03353  -0.012196 0 0.0226362 0 0 -0.00924659  0.0817954 0 0.142399 0 0 0.0957579  0 0 0 0 0 0  
207.345 1.71356 0.00895946 -1.95382 0 1 0 0 -1.93937  -2.02749 0 0.842219 0 0 -2.02949  -0.00368232 0 0.0212448 0 0 -0.00414668  0.0773433 0 0.136536 0 0 0.0942688  0 0 0 0 0 0  
209.23 1.72995 0.00858585 -1.99039 0 1 0 0 -1.97394  -2.0471 0 0.852799 0 0 -2.05565  -0.00213218 0 0.0200349 0 0 -0.00174184  0.0588471 0 0.127166 0 0 0.0834552  0 0 0 0 0 0  
211.115 1.74614 0.00868486 -2.05077 0 1 0 0 -2.00012  -2.10812 0 0.856338 0 0 -2.07683  -0.00151919 0 0.0191885 0 0 -0.00312938  0.058865 0 0.124474 0 0 0.0798343  0 0 0 0 0 0  
213 1.76258 0.0087191 -2.09512 0 1 0 0 -2.00857  -2.14362 0 0.864024 0 0 -2.07077  -0.00528185 0 0.0197047 0 0 -0.00410386  0.0537838 0 0.116271 0 0 0.0662996  0 0 0 0 0 0  
214.885 1.77897 0.00856607 -2.09733 0 1 0 0 -1.95101  -2.14829 0 0.858921 0 0 -2.02519  -0.0121356 0 0.0194869 0 0 -0.00700447  0.0630928 0 0.121592 0 0 0.08118  0 0 0 0 0 0  
216.77 1.79498 0.00834557 -2.05692 0 1 0 0 -1.91209  -2.11443 0 0.863108 0 0 -1.98703  -0.00792241 0 0.0195929 0 0 -0.0055466  0.0654319 0 0.1173 0 0 0.0804859  0 0 0 0 0 0  
218.655 1.81043 0.00810407 -2.00999 0 1 0 0 -1.91511  -2.07754 0 0.864041 0 0 -1.98848  -0.00879276 0 0.0195857 0 0 -0.00467391  0.0763413 0 0.116373 0 0 0.0780435  0 0 0 0 0 0  
220.54 1.82578 0.008236 -1.99153 0 1 0 0 -1.96332  -2.05427 0 0.869517 0 0 -2.03364  -0.00877148 0 0.0200566 0 0 -0.00448652  0.0715108 0 0.110426 0 0 0.0748043  0 0 0 0 0 0  
222.425 1.84129 0.00819571 -1.97034 0 1 0 0 -2.01171  -2.03786 0 0.871745 0 0 -2.08076  -0.0114821 0 0.017435 0 0 -0.00684463  0.0790032 0 0.11082 0 0 0.07589  0 0 0 0 0 0  
224.31 1.85651 0.00813683 -1.97641 0 1 0 0 -2.02825  -2.0383 0 0.872754 0 0 -2.09564  -0.00852555 0 0.0185946 0 0 -0.00492049  0.0704123 0 0.108652 0 0 0.0723192  0 0 0 0 0 0  
226.195 1.8718 0.00815903 -2.01004 0 1 0 0 -2.07205  -2.07083 0 0.872594 0 0 -2.14095  -0.00740175 0 0.0182083 0 0 -0.00541856  0.068189 0 0.109198 0 0 0.0743195  0 0 0 0 0 0  
228.08 1.88709 0.00799359 -2.04959 0 1 0 0 -2.10688  -2.1062 0 0.87446 0 0 -2.17517  -0.0072103 0 0.0185574 0 0 -0.00418037  0.0638274 0 0.106982 0 0 0.0724682  0 0 0 0 0 0  
229.965 1.90246 0.00818135 -2.08693 0 1 0 0 -2.13928  -2.14872 0 0.868622 0 0 -2.22052  -0.0103883 0 0.0156534 0 0 -0.00655819  0.072175 0 0.115725 0 0 0.087791  0 0 0 0 0 0  
231.85 1.9181 0.0085743 -2.13157 0 1 0 0 -2.17453  -2.18614 0 0.871046 0 0 -2.2503  -0.0122183 0 0.017841 0 0 -0.00799559  0.0667944 0 0.111113 0 0 0.0837703  0 0 0 0 0 0  
233.734 1.93497 0.0091383 -2.11426 0 1 0 0 -2.16553  -2.17176 0 0.868563 0 0 -2.24022  -0.0135524 0 0.0178486 0 0 -0.00927414  0.0710601 0 0.113588 0 0 0.083964  0 0 0 0 0 0  
235.619 1.95224 0.00930293 -2.06919 0 1 0 0 -2.10804  -2.12771 0 0.868657 0 0 -2.17475  -0.00792076 0 0.0199757 0 0 -0.00892977  0.0664429 0 0.111368 0 0 0.0756418  0 0 0 0 0 0  
237.504 1.96947 0.00909599 -2.0014 0 1 0 0 -2.0548  -2.06821 0 0.86497 0 0 -2.13023  -0.00996774 0 0.0196509 0 0 -0.00733626  0.0767736 0 0.115379 0 0 0.0827739  0 0 0 0 0 0  
239.389 1.98613 0.00826399 -1.99612 0 1 0 0 -2.0674  -2.06192 0 0.865123 0 0 -2.14427  -0.011562 0 0.0192738 0 0 -0.0110722  0.0773587 0 0.115604 0 0 0.0879477  0 0 0 0 0 0  
241.274 2.00131 0.00780148 -2.03324 0 1 0 0 -2.11613  -2.09276 0 0.8737 0 0 -2.19144  -0.00829151 0 0.0189857 0 0 -0.00283999  0.0678072 0 0.107314 0 0 0.0781414  0 0 0 0 0 0  
243.159 2.0161 0.00796986 -2.06509 0 1 0 0 -2.20105  -2.13069 0 0.877179 0 0 -2.2747  -0.00782978 0 0.0178145 0 0 -0.00267642  0.0734289 0 0.105006 0 0 0.0763266  0 0 0 0 0 0  
245.044 2.03126 0.00814988 -2.06914 0 1 0 0 -2.27896  -2.13284 0 0.869445 0 0 -2.35442  -0.0115817 0 0.0174307 0 0 -0.00694575  0.0752815 0 0.113124 0 0 0.0824093  0 0 0 0 0 0  
246.929 2.04693 0.00848674 -2.0359 0 1 0 0 -2.31738  -2.0993 0 0.862617 0 0 -2.39836  -0.00987384 0 0.018911 0 0 -0.00347466  0.0732754 0 0.118472 0 0 0.0844532  0 0 0 0 0 0  
248.814 2.0628 0.00821699 -2.07926 0 1 0 0 -2.35042  -2.1286 0 0.872477 0 0 -2.41665  -0.0115834 0 0.0206292 0 0 -0.0017758  0.0609169 0 0.106894 0 0 0.0680072  0 0 0 0 0 0  
250.699 2.07822 0.00803471 -2.09392 0 1 0 0 -2.33665  -2.14216 0 0.878803 0 0 -2.40526  -0.00921863 0 0.0200754 0 0 0.00258154  0.0574629 0 0.101122 0 0 0.0660316  0 0 0 0 0 0  
252.584 2.09364 0.00838022 -2.07352 0 1 0 0 -2.28265  -2.12743 0 0.875927 0 0 -2.35463  -0.00889852 0 0.0189639 0 0 0.00258896  0.0628039 0 0.105109 0 0 0.069391  0 0 0 0 0 0  
254.469 2.10962 0.00874198 -2.07588 0 1 0 0 -2.19802  -2.12039 0 0.866395 0 0 -2.27197  -0.00895134 0 0.0220875 0 0 0.00487269  0.0534641 0 0.111518 0 0 0.0690731  0 0 0 0 0 0  
256.354 2.12646 0.00908707 -2.02566 0 1 0 0 -2.07538  -2.08122 0 0.851821 0 0 -2.15864  -0.0045346 0 0.0245679 0 0 0.00380723  0.0600986 0 0.123611 0 0 0.0794579  0 0 0 0 0 0  
258.239 2.14402 0.00949311 -1.98444 0 1 0 0 -1.94703  -2.06162 0 0.826936 0 0 -2.04593  -0.0113705 0 0.0223623 0 0 -0.00220538  0.0885518 0 0.150702 0 0 0.101104  0 0 0 0 0 0  
260.124 2.16183 0.00946787 -1.9575 0 1 0 0 -1.88555  -2.03904 0 0.825362 0 0 -1.98586  -0.00870992 0 0.022753 0 0 -0.00475704  0.0902498 0 0.151885 0 0 0.105068  0 0 0 0 0 0  
262.009 2.17983 0.00951269 -1.97227 0 1 0 0 -1.85879  -2.04432 0 0.833656 0 0 -1.9427  -0.00891189 0 0.0234387 0 0 -0.00137261  0.0809661 0 0.142906 0 0 0.0852818  0 0 0 0 0 0  
263.894 2.19774 0.0094963 -1.96924 0 1 0 0 -1.84796  -2.03875 0 0.83532 0 0 -1.93646  -0.00698948 0 0.0228795 0 0 -0.000500412  0.076502 0 0.1418 0 0 0.0890082  0 0 0 0 0 0  
265.779 2.21553 0.00930685 -1.98213 0 1 0 0 -1.83648  -2.0465 0 0.838984 0 0 -1.92162  -0.00942821 0 0.0227102 0 0 -0.00136874  0.0737978 0 0.138306 0 0 0.086512  0 0 0 0 0 0  
267.664 2.23303 0.00918846 -1.99887 0 1 0 0 -1.85469  -2.05646 0 0.847661 0 0 -1.93676  -0.00819579 0 0.0216884 0 0 0.00183244  0.0657844 0 0.13065 0 0 0.080239  0 0 0 0 0 0  
269.549 2.25067 0.00946437 -1.99811 0 1 0 0 -1.83299  -2.05971 0 0.846933 0 0 -1.92603  -0.00833279 0 0.0219152 0 0 0.00236367  0.069939 0 0.131152 0 0 0.0906725  0 0 0 0 0 0  
271.434 2.26875 0.00968765 -1.9676 0 1 0 0 -1.8002  -2.03595 0 0.844518 0 0 -1.90673  -0.00621281 0 0.0220105 0 0 0.00443367  0.0745645 0 0.133471 0 0 0.102102  0 0 0 0 0 0  
273.319 2.28738 0.0099896 -1.90953 0 1 0 0 -1.77094  -1.98347 0 0.839389 0 0 -1.87506  -0.0100192 0 0.0202219 0 0 -0.00203827  0.0839613 0 0.140389 0 0 0.106154  0 0 0 0 0 0  
275.204 2.30681 0.0103905 -1.86604 0 1 0 0 -1.71595  -1.94252 0 0.82827 0 0 -1.81721  -0.0117342 0 0.0224729 0 0 -0.00291639  0.0882139 0 0.149257 0 0 0.104176  0 0 0 0 0 0  
277.088 2.32605 0.0100525 -1.8682 0 1 0 0 -1.65875  -1.94961 0 0.820587 0 0 -1.76128  -0.0169324 0 0.0208333 0 0 -0.0116929  0.0983453 0 0.158579 0 0 0.114227  0 0 0 0 0 0  
278.973 2.34444 0.00947952 -1.92144 0 1 0 0 -1.67941  -2.00179 0 0.83387 0 0 -1.7743  -0.0140541 0 0.0192164 0 0 -0.0141692  0.0944044 0 0.146914 0 0 0.10906  0 0 0 0 0 0  
280.858 2.3618 0.00898397 -1.98283 0 1 0 0 -1.77031  -2.05611 0 0.84795 0 0 -1.85778  -0.010863 0 0.0182711 0 0 -0.00959987  0.0841414 0 0.133779 0 0 0.0970719  0 0 0 0 0 0  
282.743 2.37886 0.00896149 -2.00615 0 1 0 0 -1.82809  -2.07494 0 0.854537 0 0 -1.90875  -0.00803739 0 0.0180993 0 0 -0.00653338  0.0768214 0 0.127364 0 0 0.0871868  0 0 0 0 0 0  
284.628 2.39575 0.00895657 -1.97885 0 1 0 0 -1.87359  -2.04176 0 0.855762 0 0 -1.94818  -0.00755375 0 0.0186105 0 0 -0.00836395  0.0704685 0 0.125628 0 0 0.0829518  0 0 0 0 0 0  
286.513 2.41325 0.00944049 -1.92999 0 1 0 0 -1.86097  -1.9905 0 0.849453 0 0 -1.94559  -0.00636036 0 0.0194233 0 0 -0.00565  0.0668667 0 0.131123 0 0 0.0902732  0 0 0 0 0 0  
288.398 2.43081 0.00935718 -1.87714 0 1 0 0 -1.88051  -1.92562 0 0.847806 0 0 -1.95408  -0.0116151 0 0.0211914 0 0 -0.00787151  0.0600975 0 0.131002 0 0 0.0814494  0 0 0 0 0 0  
290.283 2.44823 0.0090068 -1.84521 0 1 0 0 -1.8727  -1.89146 0 0.854213 0 0 -1.94696  -0.009552 0 0.0195852 0 0 -0.0071771  0.0558037 0 0.126202 0 0 0.0814379  0 0 0 0 0 0  
292.168 2.46476 0.00859555 -1.82386 0 1 0 0 -1.88057  -1.8716 0 0.866213 0 0 -1.95435  -0.00874721 0 0.0208459 0 0 -0.00488158  0.0564868 0 0.112941 0 0 0.0786527  0 0 0 0 0 0  
294.053 2.48066 0.00844627 -1.84572 0 1 0 0 -1.91693  -1.8933 0 0.867695 0 0 -1.98403  -0.00727593 0 0.0194965 0 0 -0.00502116  0.0548486 0 0.112808 0 0 0.0721178  0 0 0 0 0 0  
295.938 2.49661 0.00853475 -1.90623 0 1 0 0 -1.95178  -1.95653 0 0.869747 0 0 -2.02948  -0.00895826 0 0.0178652 0 0 -0.00576888  0.0592497 0 0.112388 0 0 0.0834703  0 0 0 0 0 0  
297.823 2.51257 0.00855732 -1.9856 0 1 0 0 -1.98879  -2.02721 0 0.871744 0 0 -2.05437  -0.00679562 0 0.0181202 0 0 -0.000792591  0.048397 0 0.110136 0 0 0.0663752  0 0 0 0 0 0  
299.708 2.52918 0.00899418 -2.05536 0 1 0 0 -2.00675  -2.09799 0 0.866177 0 0 -2.07164  -0.00325221 0 0.017944 0 0 0.00411974  0.0458839 0 0.115879 0 0 0.0607748  0 0 0 0 0 0  
301.593 2.54612 0.00903455 -2.12032 0 1 0 0 -1.97221  -2.163 0 0.862024 0 0 -2.04336  -0.00575388 0 0.0202063 0 0 0.00598485  0.0484314 0 0.117769 0 0 0.0651623  0 0 0 0 0 0  
303.478 2.56324 0.00907946 -2.17448 0 1 0 0 -1.94476  -2.22246 0 0.855788 0 0 -2.02217  -0.0119667 0 0.0203417 0 0 5.52626e-05  0.0599454 0 0.12387 0 0 0.0773575  0 0 0 0 0 0  
305.363 2.58051 0.0092325 -2.19388 0 1 0 0 -1.91557  -2.2493 0 0.848789 0 0 -2.00314  -0.0119214 0 0.0204362 0 0 0.000132349  0.0673438 0 0.130775 0 0 0.0874297  0 0 0 0 0 0  
307.248 2.59826 0.00964938 -2.2199 0 1 0 0 -1.89505  -2.2728 0 0.843843 0 0 -1.98979  -0.0105211 0 0.0197542 0 0 -0.00167329  0.0634257 0 0.136403 0 0 0.0964115  0 0 0 0 0 0  
309.133 2.61681 0.00987843 -2.20053 0 1 0 0 -1.86196  -2.24886 0 0.837498 0 0 -1.96173  -0.0102465 0 0.0217416 0 0 -0.000341241  0.0585739 0 0.14076 0 0 0.10011  0 0 0 0 0 0  
311.018 2.63516 0.00971648 -2.18994 0 1 0 0 -1.8216  -2.24307 0 0.842795 0 0 -1.91894  -0.00656449 0 0.0232009 0 0 -0.00387058  0.0596964 0 0.134004 0 0 0.101212  0 0 0 0 0 0  
312.903 2.65284 0.00922123 -2.21338 0 1 0 0 -1.78522  -2.27746 0 0.843535 0 0 -1.88728  -0.0107247 0 0.0217634 0 0 -0.00697237  0.0748047 0 0.134702 0 0 0.109037  0 0 0 0 0 0  
314.788 2.66995 0.00912493 -2.20085 0 1 0 0 -1.74563  -2.26904 0 0.841744 0 0 -1.85005  -0.0101916 0 0.0209166 0 0 -0.0113357  0.0783838 0 0.137339 0 0 0.115756  0 0 0 0 0 0  
316.673 2.68709 0.00900609 -2.21326 0 1 0 0 -1.73085  -2.27831 0 0.840262 0 0 -1.82511  -0.0112355 0 0.0202672 0 0 -0.00962861  0.0762804 0 0.13947 0 0 0.10389  0 0 0 0 0 0  
318.557 2.70391 0.00885062 -2.20888 0 1 0 0 -1.76222  -2.27198 0 0.843609 0 0 -1.85213  -0.0142011 0 0.0201265 0 0 -0.00904167  0.0772926 0 0.136264 0 0 0.0989519  0 0 0 0 0 0  
320.442 2.72036 0.00853604 -2.22469 0 1 0 0 -1.85135  -2.28224 0 0.854574 0 0 -1.93386  -0.0134369 0 0.0204702 0 0 -0.00897774  0.0709847 0 0.124955 0 0 0.0914795  0 0 0 0 0 0  
322.327 2.73635 0.00838699 -2.26741 0 1 0 0 -1.96231  -2.31426 0 0.868226 0 0 -2.04091  -0.00992043 0 0.020062 0 0 -0.00407381  0.0567736 0 0.111712 0 0 0.0826721  0 0 0 0 0 0  
324.212 2.75186 0.00799436 -2.35123 0 1 0 0 -2.1007  -2.38733 0 0.878237 0 0 -2.16354  -0.0092627 0 0.0209797 0 0 -0.000256804  0.0453666 0 0.100783 0 0 0.0630907  0 0 0 0 0 0  
326.097 2.76691 0.00799223 -2.38777 0 1 0 0 -2.1711  -2.43111 0 0.879671 0 0 -2.23986  -0.00837568 0 0.0201094 0 0 -0.000979931  0.0517227 0 0.10022 0 0 0.0697335  0 0 0 0 0 0  
327.982 2.7822 0.00825688 -2.41879 0 1 0 0 -2.19164  -2.45742 0 0.880188 0 0 -2.25024  -0.00786866 0 0.0206699 0 0 -0.000593841  0.0464994 0 0.0991417 0 0 0.0591951  0 0 0 0 0 0  
329.867 2.79801 0.00836682 -2.43285 0 1 0 0 -2.18547  -2.47086 0 0.875814 0 0 -2.24799  -0.00901924 0 0.0205237 0 0 -0.00329395  0.0470323 0 0.103662 0 0 0.0658161  0 0 0 0 0 0  
331.752 2.81392 0.00845816 -2.3812 0 1 0 0 -2.15354  -2.4313 0 0.86945 0 0 -2.2198  -0.0136579 0 0.0204768 0 0 -0.00703747  0.0637562 0 0.110073 0 0 0.0733044  0 0 0 0 0 0  
333.637 2.82986 0.00850383 -2.32623 0 1 0 0 -2.13178  -2.38465 0 0.854351 0 0 -2.2109  -0.0122831 0 0.0205583 0 0 -0.00432627  0.0707023 0 0.125091 0 0 0.0834474  0 0 0 0 0 0  
335.522 2.84655 0.00899753 -2.24544 0 1 0 0 -2.13782  -2.29979 0 0.853302 0 0 -2.21485  -0.0078861 0 0.0215345 0 0 -0.00573663  0.0622348 0 0.125163 0 0 0.0827668  0 0 0 0 0 0  
337.407 2.86386 0.00931869 -2.15008 0 1 0 0 -2.1303  -2.20773 0 0.852492 0 0 -2.20763  -0.00873804 0 0.0207176 0 0 -0.00911147  0.0663951 0 0.126791 0 0 0.0864435  0 0 0 0 0 0  
339.292 2.88159 0.00942207 -2.06643 0 1 0 0 -2.11075  -2.12195 0 0.852768 0 0 -2.18488  -0.00655218 0 0.0202022 0 0 -0.00973706  0.0620746 0 0.12703 0 0 0.0838609  0 0 0 0 0 0  
341.177 2.89953 0.00951591 -1.98154 0 1 0 0 -2.02912  -2.03313 0 0.84632 0 0 -2.10843  -0.00757712 0 0.0190891 0 0 -0.00502509  0.0591754 0 0.134591 0 0 0.0843391  0 0 0 0 0 0  
343.062 2.91731 0.00944409 -1.92471 0 1 0 0 -1.92349  -1.98063 0 0.837329 0 0 -2.01421  -0.00735015 0 0.0210409 0 0 -0.00308557  0.0632739 0 0.14163 0 0 0.0938021  0 0 0 0 0 0  
344.947 2.93514 0.00946049 -1.9466 0 1 0 0 -1.87302  -2.01044 0 0.832759 0 0 -1.96959  -0.00967969 0 0.0211698 0 0 -0.00395165  0.0735185 0 0.146071 0 0 0.10053  0 0 0 0 0 0  
346.832 2.95293 0.0093762 -2.00137 0 1 0 0 -1.87489  -2.06274 0 0.842332 0 0 -1.96645  -0.0110391 0 0.0211424 0 0 -0.00713197  0.0724076 0 0.136526 0 0 0.0986875  0 0 0 0 0 0  
348.717 2.97074 0.00955074 -2.04585 0 1 0 0 -1.91156  -2.10664 0 0.846905 0 0 -1.99547  -0.011833 0 0.0209234 0 0 -0.0078165  0.0726222 0 0.132172 0 0 0.0917272  0 0 0 0 0 0  
350.602 2.98912 0.00955707 -2.07602 0 1 0 0 -1.94574  -2.12291 0 0.849123 0 0 -2.02466  -0.0114494 0 0.0220073 0 0 -0.00577053  0.0583391 0 0.12887 0 0 0.0846939  0 0 0 0 0 0  
352.487 3.00661 0.0089558 -2.04509 0 1 0 0 -1.99582  -2.10515 0 0.853519 0 0 -2.07595  -0.0131312 0 0.0203383 0 0 -0.0088227  0.0731886 0 0.126143 0 0 0.088958  0 0 0 0 0 0  
354.372 3.02283 0.00842057 -2.07718 0 1 0 0 -2.08397  -2.12955 0 0.871823 0 0 -2.15346  -0.0122997 0 0.016582 0 0 -0.00644359  0.0646726 0 0.111595 0 0 0.075933  0 0 0 0 0 0  
356.257 3.03836 0.00821837 -2.1486 0 1 0 0 -2.17895  -2.19052 0 0.876292 0 0 -2.23335  -0.0142295 0 0.0170218 0 0 -0.00723333  0.0561435 0 0.106686 0 0 0.0616413  0 0 0 0 0 0  
358.142 3.05375 0.0080902 -2.1508 0 1 0 0 -2.22966  -2.19358 0 0.87882 0 0 -2.27833  -0.0117196 0 0.0184883 0 0 -0.00727104  0.0545046 0 0.102692 0 0 0.0559456  0 0 0 0 0 0  
360.027 3.06912 0.00828465 -2.12601 0 1 0 0 -2.2187  -2.16643 0 0.882579 0 0 -2.27747  -0.0102895 0 0.0188725 0 0 0.00154031  0.0507047 0 0.0985484 0 0 0.0572335  0 0 0 0 0 0  
361.911 3.08502 0.00873402 -2.08054 0 1 0 0 -2.18613  -2.14257 0 0.870104 0 0 -2.24817  -0.00578335 0 0.0199723 0 0 -0.000211996  0.0678066 0 0.109923 0 0 0.0622587  0 0 0 0 0 0  
363.796 3.10173 0.00894025 -2.04966 0 1 0 0 -2.13834  -2.11537 0 0.857236 0 0 -2.21653  -0.0067973 0 0.0203084 0 0 -0.0019688  0.072511 0 0.122456 0 0 0.0801554  0 0 0 0 0 0  
365.681 3.11903 0.00937168 -2.01109 0 1 0 0 -2.05018  -2.07046 0 0.848628 0 0 -2.13012  -0.00741364 0 0.0213355 0 0 -0.00526628  0.0667864 0 0.130036 0 0 0.0852068  0 0 0 0 0 0  
367.566 3.13653 0.00909813 -1.9911 0 1 0 0 -1.9755  -2.05343 0 0.851493 0 0 -2.04952  -0.00851846 0 0.0211876 0 0 -0.00530575  0.0708476 0 0.127319 0 0 0.0793225  0 0 0 0 0 0  
369.451 3.15363 0.00891569 -2.0082 0 1 0 0 -1.98344  -2.07587 0 0.852436 0 0 -2.05667  -0.00897151 0 0.020601 0 0 -0.0102115  0.0766392 0 0.126963 0 0 0.0834412  0 0 0 0 0 0  
371.336 3.17036 0.00906966 -2.0206 0 1 0 0 -1.98813  -2.09075 0 0.848687 0 0 -2.07038  -0.00701454 0 0.0187922 0 0 -0.00569692  0.077162 0 0.132521 0 0 0.0879482  0 0 0 0 0 0  
373.221 3.18736 0.00902852 -2.06316 0 1 0 0 -2.00208  -2.12146 0 0.853627 0 0 -2.07905  -0.0104042 0 0.0205783 0 0 -0.00421051  0.0687044 0 0.125795 0 0 0.0811749  0 0 0 0 0 0  
375.106 3.20432 0.00886599 -2.08273 0 1 0 0 -1.94054  -2.13655 0 0.856414 0 0 -2.01328  -0.00677637 0 0.0217478 0 0 -0.000342054  0.0605947 0 0.121838 0 0 0.0730823  0 0 0 0 0 0  
376.991 3.22106 0.00899547 -2.05272 0 1 0 0 -1.87812  -2.10522 0 0.855311 0 0 -1.954  -0.00755309 0 0.0215674 0 0 -0.00341232  0.0600475 0 0.123121 0 0 0.0792947  0 0 0 0 0 0  
378.876 3.2378 0.00890324 -2.01991 0 1 0 0 -1.85345  -2.07982 0 0.852577 0 0 -1.93555  -0.00816891 0 0.0185668 0 0 -0.00731434  0.0680798 0 0.128856 0 0 0.0894157  0 0 0 0 0 0  
380.761 3.25472 0.00924893 -2.01872 0 1 0 0 -1.83864  -2.07738 0 0.849592 0 0 -1.92424  -0.01175 0 0.01901 0 0 -0.00924865  0.0704136 0 0.131398 0 0 0.0948468  0 0 0 0 0 0  
382.646 3.27192 0.00910062 -2.01683 0 1 0 0 -1.86553  -2.0847 0 0.844388 0 0 -1.95943  -0.0129974 0 0.0193592 0 0 -0.00958897  0.0808591 0 0.136253 0 0 0.103482  0 0 0 0 0 0  
384.531 3.28921 0.00923179 -2.07241 0 1 0 0 -1.93753  -2.1402 0 0.840337 0 0 -2.03449  -0.015546 0 0.0190197 0 0 -0.00895714  0.0833377 0 0.140643 0 0 0.105917  0 0 0 0 0 0  
386.416 3.30649 0.00920349 -2.14412 0 1 0 0 -2.04039  -2.20071 0 0.857202 0 0 -2.12403  -0.0141175 0 0.0176851 0 0 -0.00602843  0.0707086 0 0.125113 0 0 0.089671  0 0 0 0 0 0  
388.301 3.32357 0.00882766 -2.17574 0 1 0 0 -2.12292  -2.22172 0 0.869929 0 0 -2.1834  -0.00850089 0 0.0182078 0 0 -0.00396571  0.0544827 0 0.111863 0 0 0.0644459  0 0 0 0 0 0  
390.186 3.34015 0.00882887 -2.14984 0 1 0 0 -2.17112  -2.19525 0 0.869011 0 0 -2.22561  -0.00890786 0 0.0177031 0 0 -0.00710753  0.0543125 0 0.113285 0 0 0.0615993  0 0 0 0 0 0  
392.071 3.35663 0.0089119 -2.12668 0 1 0 0 -2.20628  -2.17528 0 0.862771 0 0 -2.26954  -0.0100415 0 0.0189062 0 0 -0.00735141  0.058639 0 0.118323 0 0 0.0706198  0 0 0 0 0 0  
393.956 3.3738 0.00916936 -2.11351 0 1 0 0 -2.23705  -2.16554 0 0.866996 0 0 -2.3105  -0.0105047 0 0.0196958 0 0 -0.00329415  0.0625335 0 0.113308 0 0 0.0767377  0 0 0 0 0 0  
395.841 3.39153 0.00941639 -2.12612 0 1 0 0 -2.27002  -2.18212 0 0.862271 0 0 -2.34243  -0.00830173 0 0.0203652 0 0 -0.00322554  0.0643057 0 0.117364 0 0 0.0756313  0 0 0 0 0 0  
397.726 3.40958 0.00968717 -2.1259 0 1 0 0 -2.26332  -2.17173 0 0.863813 0 0 -2.33075  -0.00791308 0 0.0209131 0 0 -0.00155865  0.0537406 0 0.115274 0 0 0.0689882  0 0 0 0 0 0  
399.611 3.42797 0.0098765 -2.10387 0 1 0 0 -2.24082  -2.14772 0 0.861506 0 0 -2.30372  -0.00581271 0 0.0228331 0 0 -0.00324108  0.0496655 0 0.115661 0 0 0.06614  0 0 0 0 0 0  
401.496 3.44588 0.00925205 -2.00417 0 1 0 0 -2.14183  -2.06096 0 0.854806 0 0 -2.2091  -0.00631835 0 0.0238179 0 0 -0.00380742  0.0631061 0 0.121376 0 0 0.0710844  0 0 0 0 0 0  
403.38 3.46249 0.00836429 -1.96644 0 1 0 0 -2.02222  -2.02626 0 0.86036 0 0 -2.0928  -0.00712616 0 0.0219078 0 0 -0.00295444  0.0669401 0 0.117732 0 0 0.0735362  0 0 0 0 0 0  
405.265 3.47836 0.00840694 -1.93853 0 1 0 0 -1.90492  -2.00531 0 0.86401 0 0 -1.98505  -0.00715736 0 0.0193345 0 0 0.00226571  0.0739334 0 0.116655 0 0 0.0778641  0 0 0 0 0 0  
407.15 3.49424 0.00845557 -1.91932 0 1 0 0 -1.83062  -1.97985 0 0.863229 0 0 -1.90841  -0.00963764 0 0.0216401 0 0 0.000130456  0.0701705 0 0.115131 0 0 0.0776552  0 0 0 0 0 0  
409.035 3.51016 0.00853937 -1.88422 0 1 0 0 -1.7672  -1.94925 0 0.865285 0 0 -1.84709  -0.00477985 0 0.0204537 0 0 0.00244996  0.069806 0 0.114261 0 0 0.0774452  0 0 0 0 0 0  
410.92 3.52611 0.00851702 -1.81808 0 1 0 0 -1.74847  -1.89978 0 0.857092 0 0 -1.8437  -0.00340868 0 0.0202476 0 0 0.000916538  0.0851058 0 0.12266 0 0 0.0943071  0 0 0 0 0 0  
412.805 3.54219 0.0086281 -1.76225 0 1 0 0 -1.73561  -1.84587 0 0.844985 0 0 -1.83239  -0.00483987 0 0.0186576 0 0 -0.00393441  0.0884561 0 0.136358 0 0 0.10071  0 0 0 0 0 0  
414.69 3.55868 0.0088236 -1.73334 0 1 0 0 -1.72212  -1.82496 0 0.844937 0 0 -1.81264  -0.00442651 0 0.0195744 0 0 -0.00536445  0.0960453 0 0.135489 0 0 0.0958927  0 0 0 0 0 0  
416.575 3.57567 0.00917853 -1.74622 0 1 0 0 -1.72233  -1.83818 0 0.845067 0 0 -1.81641  -0.00467095 0 0.0197909 0 0 -0.00568474  0.0966351 0 0.135142 0 0 0.0997704  0 0 0 0 0 0  
418.46 3.59311 0.00921302 -1.76624 0 1 0 0 -1.70366  -1.84221 0 0.847743 0 0 -1.79463  -0.00426366 0 0.021291 0 0 -0.00510764  0.0802372 0 0.130966 0 0 0.0960756  0 0 0 0 0 0  
420.345 3.61073 0.00946059 -1.80114 0 1 0 0 -1.73112  -1.86939 0 0.843908 0 0 -1.82523  -0.00670551 0 0.0217428 0 0 -0.00560082  0.0749513 0 0.134349 0 0 0.0997076  0 0 0 0 0 0  
422.23 3.62843 0.00946046 -1.87977 0 1 0 0 -1.78292  -1.94868 0 0.845816 0 0 -1.86937  -0.00517109 0 0.0225022 0 0 -0.00432749  0.0740799 0 0.131682 0 0 0.0907748  0 0 0 0 0 0  
424.115 3.64628 0.00972107 -1.96837 0 1 0 0 -1.79139  -2.03676 0 0.839287 0 0 -1.88371  -0.0123382 0 0.022168 0 0 -0.00552814  0.0807229 0 0.138545 0 0 0.0978557  0 0 0 0 0 0  
426 3.66474 0.00980366 -2.02359 0 1 0 0 -1.81201  -2.08221 0 0.835648 0 0 -1.89637  -0.0120202 0 0.0234557 0 0 -0.00538318  0.0706417 0 0.140896 0 0 0.0897413  0 0 0 0 0 0  
427.885 3.68343 0.00986467 -1.98731 0 1 0 0 -1.79021  -2.05272 0 0.833444 0 0 -1.88043  -0.0106503 0 0.0232726 0 0 -0.00759935  0.0760565 0 0.143284 0 0 0.0978216  0 0 0 0 0 0  
429.77 3.70182 0.00983614 -1.91257 0 1 0 0 -1.72985  -1.9862 0 0.830628 0 0 -1.82783  -0.0125028 0 0.0227367 0 0 -0.00923474  0.0861397 0 0.146635 0 0 0.107218  0 0 0 0 0 0  
431.655 3.7204 0.00986882 -1.88889 0 1 0 0 -1.72734  -1.96281 0 0.831363 0 0 -1.82307  -0.0123272 0 0.0217675 0 0 -0.00455235  0.0862536 0 0.14687 0 0 0.100279  0 0 0 0 0 0  
433.54 3.73896 0.00997491 -1.88643 0 1 0 0 -1.79381  -1.96497 0 0.837734 0 0 -1.87354  -0.00807731 0 0.0219395 0 0 -0.00455224  0.0866155 0 0.140327 0 0 0.0842827  0 0 0 0 0 0  
435.425 3.75782 0.010137 -1.88886 0 1 0 0 -1.87091  -1.97488 0 0.837267 0 0 -1.95013  -0.00660562 0 0.0219781 0 0 -0.0095948  0.0926244 0 0.140755 0 0 0.0888168  0 0 0 0 0 0  
437.31 3.77745 0.0105427 -1.91701 0 1 0 0 -1.89736  -1.9945 0 0.834711 0 0 -1.98587  -0.0107027 0 0.0223251 0 0 -0.0113658  0.0881952 0 0.142964 0 0 0.0998742  0 0 0 0 0 0  
439.195 3.7972 0.0101609 -1.90597 0 1 0 0 -1.89717  -1.98398 0 0.831418 0 0 -1.98559  -0.0149754 0 0.0235365 0 0 -0.0114959  0.0929936 0 0.145046 0 0 0.0999091  0 0 0 0 0 0  
441.08 3.81577 0.00943169 -1.91712 0 1 0 0 -1.93415  -1.99043 0 0.848832 0 0 -2.01796  -0.00485326 0 0.0218404 0 0 -0.00591148  0.0781653 0 0.129327 0 0 0.089719  0 0 0 0 0 0  
442.965 3.83289 0.00885491 -1.98816 0 1 0 0 -2.00974  -2.04576 0 0.864082 0 0 -2.08785  -0.00303362 0 0.0195889 0 0 -0.00416284  0.0606376 0 0.116329 0 0 0.0822729  0 0 0 0 0 0  
444.85 3.84925 0.00834683 -2.01889 0 1 0 0 -2.0298  -2.07096 0 0.86897 0 0 -2.10025  -0.00260582 0 0.0199368 0 0 -0.00436479  0.0546752 0 0.111093 0 0 0.0748193  0 0 0 0 0 0  
446.734 3.86476 0.0082346 -1.99347 0 1 0 0 -2.03597  -2.04764 0 0.873205 0 0 -2.11424  -0.00596611 0 0.0172792 0 0 -0.00806227  0.0601369 0 0.109516 0 0 0.0863307  0 0 0 0 0 0  
448.619 3.88032 0.00843961 -1.98553 0 1 0 0 -2.0493  -2.03406 0 0.873103 0 0 -2.12047  -0.00633028 0 0.0180577 0 0 -0.00683602  0.0548578 0 0.108839 0 0 0.0780045  0 0 0 0 0 0  
450.504 3.89657 0.00874785 -1.9773 0 1 0 0 -2.02896  -2.02379 0 0.865662 0 0 -2.10471  -0.00902083 0 0.0196146 0 0 -0.00839002  0.0555115 0 0.114724 0 0 0.0841459  0 0 0 0 0 0  
452.389 3.91363 0.00904822 -1.87047 0 1 0 0 -1.92866  -1.92142 0 0.857036 0 0 -2.00304  -0.00711022 0 0.0214895 0 0 -0.00738124  0.0580653 0 0.121475 0 0 0.0817559  0 0 0 0 0 0  
454.274 3.93049 0.00864261 -1.79197 0 1 0 0 -1.83407  -1.85629 0 0.847912 0 0 -1.9187  -0.0102065 0 0.0210951 0 0 -0.00802513  0.0745284 0 0.130993 0 0 0.0926523  0 0 0 0 0 0  
456.159 3.94675 0.00859324 -1.79153 0 1 0 0 -1.804  -1.85246 0 0.846578 0 0 -1.89575  -0.0073373 0 0.019316 0 0 -0.00479764  0.0682722 0 0.134106 0 0 0.0965475  0 0 0 0 0 0  
458.044 3.96286 0.00858912 -1.86674 0 1 0 0 -1.82686  -1.92457 0 0.841111 0 0 -1.92878  -0.00600548 0 0.0180906 0 0 -0.00271878  0.0638349 0 0.140798 0 0 0.104631  0 0 0 0 0 0  
459.929 3.9796 0.00913249 -2.00332 0 1 0 0 -1.95364  -2.05927 0 0.843481 0 0 -2.04601  -0.00486766 0 0.0187529 0 0 -0.00223702  0.0608244 0 0.137766 0 0 0.0946054  0 0 0 0 0 0  
461.814 3.99677 0.00901987 -2.10486 0 1 0 0 -2.05626  -2.15364 0 0.85298 0 0 -2.13892  -0.00610988 0 0.0207487 0 0 -0.00384472  0.0548854 0 0.126272 0 0 0.0865029  0 0 0 0 0 0  
463.699 4.01433 0.00924191 -2.17222 0 1 0 0 -2.11232  -2.22431 0 0.855578 0 0 -2.1903  -0.00814185 0 0.0201845 0 0 -0.00604748  0.0602293 0 0.124238 0 0 0.0840282  0 0 0 0 0 0  
465.584 4.03192 0.00940539 -2.16225 0 1 0 0 -2.17109  -2.20792 0 0.853438 0 0 -2.23285  -0.0117678 0 0.0222315 0 0 -0.0102615  0.0574393 0 0.124331 0 0 0.0720238  0 0 0 0 0 0  
467.469 4.0495 0.00914495 -2.10289 0 1 0 0 -2.19358  -2.14683 0 0.854985 0 0 -2.25089  -0.013557 0 0.02332 0 0 -0.0124173  0.0574968 0 0.121695 0 0 0.0697336  0 0 0 0 0 0  
469.354 4.06677 0.00934443 -2.0035 0 1 0 0 -2.15262  -2.05345 0 0.858166 0 0 -2.21239  -0.00910923 0 0.0238071 0 0 -0.00882656  0.0590571 0 0.118027 0 0 0.0685977  0 0 0 0 0 0  
471.239 4.0839 0.00881028 -1.9509 0 1 0 0 -2.10716  -2.01053 0 0.850986 0 0 -2.16908  -0.0139112 0 0.0236066 0 0 -0.0112722  0.0735418 0 0.125407 0 0 0.0731919  0 0 0 0 0 0  
473.124 4.10035 0.00851849 -1.91019 0 1 0 0 -2.04656  -1.97731 0 0.856136 0 0 -2.11735  -0.0121166 0 0.0219197 0 0 -0.00860608  0.0792326 0 0.121944 0 0 0.0794013  0 0 0 0 0 0  
475.009 4.11597 0.00826709 -1.89451 0 1 0 0 -2.01836  -1.95867 0 0.859825 0 0 -2.09001  -0.00859038 0 0.0219808 0 0 -0.00619131  0.0727536 0 0.118194 0 0 0.0778413  0 0 0 0 0 0  
476.894 4.13144 0.00818768 -1.90578 0 1 0 0 -2.02779  -1.96542 0 0.865216 0 0 -2.10316  -0.00476451 0 0.0220416 0 0 -0.00485383  0.0644083 0 0.112743 0 0 0.0802315  0 0 0 0 0 0  
478.779 4.14668 0.00784863 -1.96379 0 1 0 0 -2.09267  -2.01318 0 0.872286 0 0 -2.15595  -0.00683973 0 0.0214693 0 0 -0.00971411  0.0562234 0 0.106244 0 0 0.072997  0 0 0 0 0 0  
480.664 4.16094 0.00748011 -1.94524 0 1 0 0 -2.12675  -1.99328 0 0.880569 0 0 -2.1895  -0.00558925 0 0.0197828 0 0 -0.00686869  0.0536281 0 0.0996487 0 0 0.0696211  0 0 0 0 0 0  
482.549 4.17441 0.0070968 -1.93232 0 1 0 0 -2.16297  -1.97677 0 0.888521 0 0 -2.21946  -0.00460913 0 0.0190097 0 0 -0.00496  0.0490574 0 0.0924696 0 0 0.0614466  0 0 0 0 0 0  
484.434 4.18817 0.00759449 -1.94566 0 1 0 0 -2.16045  -1.99535 0 0.884201 0 0 -2.22625  -0.00773533 0 0.0182979 0 0 -0.00351091  0.0574292 0 0.0975013 0 0 0.0693079  0 0 0 0 0 0  
486.319 4.20311 0.00838158 -1.97335 0 1 0 0 -2.16059  -2.02533 0 0.877756 0 0 -2.23795  -0.00894521 0 0.0184864 0 0 -0.0012952  0.0609173 0 0.103757 0 0 0.0786586  0 0 0 0 0 0  
488.203 4.21906 0.00846366 -1.99235 0 1 0 0 -2.15326  -2.03743 0 0.875098 0 0 -2.22416  -0.0111805 0 0.0201447 0 0 -0.00566579  0.0562558 0 0.104757 0 0 0.0765599  0 0 0 0 0 0  
490.088 4.23545 0.0087921 -2.02796 0 1 0 0 -2.12713  -2.07069 0 0.870234 0 0 -2.1996  -0.00963945 0 0.020361 0 0 -0.00793118  0.0523674 0 0.109405 0 0 0.0803976  0 0 0 0 0 0  
491.973 4.25223 0.00893854 -1.98393 0 1 0 0 -2.05492  -2.03365 0 0.86435 0 0 -2.13952  -0.00718054 0 0.0211206 0 0 -0.00418572  0.0568959 0 0.11453 0 0 0.0887807  0 0 0 0 0 0  
493.858 4.26904 0.00890906 -1.8667 0 1 0 0 -1.95022  -1.92806 0 0.847711 0 0 -2.04488  -0.00792235 0 0.0197486 0 0 -0.00794261  0.0692811 0 0.13254 0 0 0.1026  0 0 0 0 0 0  
495.743 4.28593 0.00899095 -1.74726 0 1 0 0 -1.8408  -1.82178 0 0.836043 0 0 -1.94375  -0.00870953 0 0.019605 0 0 -0.00977888  0.0832263 0 0.144352 0 0 0.11273  0 0 0 0 0 0  
497.628 4.30298 0.00909703 -1.67725 0 1 0 0 -1.80278  -1.75971 0 0.835131 0 0 -1.90931  -0.0131206 0 0.0189047 0 0 -0.0143447  0.0955779 0 0.145964 0 0 0.120879  0 0 0 0 0 0  
499.513 4.3203 0.00923658 -1.66284 0 1 0 0 -1.82719  -1.74284 0 0.836877 0 0 -1.9404  -0.0129252 0 0.0189206 0 0 -0.0114043  0.0929282 0 0.144202 0 0 0.12461  0 0 0 0 0 0  
501.398 4.33801 0.00953723 -1.65507 0 1 0 0 -1.80327  -1.73425 0 0.833271 0 0 -1.91961  -0.012011 0 0.0197723 0 0 -0.00821701  0.0911924 0 0.146957 0 0 0.124554  0 0 0 0 0 0  
503.283 4.35584 0.00934807 -1.67267 0 1 0 0 -1.83885  -1.75109 0 0.839357 0 0 -1.94044  -0.0135286 0 0.0195091 0 0 -0.00816133  0.0919464 0 0.141134 0 0 0.109749  0 0 0 0 0 0  
505.168 4.37331 0.00928948 -1.65968 0 1 0 0 -1.86937  -1.73799 0 0.839998 0 0 -1.95786  -0.0110975 0 0.0200353 0 0 -0.0058322  0.0894134 0 0.139967 0 0 0.09432  0 0 0 0 0 0  
507.053 4.39093 0.00963889 -1.68678 0 1 0 0 -1.91571  -1.77836 0 0.839593 0 0 -2.01164  -0.01227 0 0.0191051 0 0 -0.00834982  0.103849 0 0.141302 0 0 0.104275  0 0 0 0 0 0  
508.938 4.40872 0.00924875 -1.78494 0 1 0 0 -2.00437  -1.8734 0 0.850487 0 0 -2.08697  -0.0136437 0 0.0184415 0 0 -0.0108342  0.1021 0 0.131071 0 0 0.093441  0 0 0 0 0 0  
510.823 4.42627 0.00942628 -1.87704 0 1 0 0 -2.07214  -1.95223 0 0.857692 0 0 -2.15218  -0.00826707 0 0.0198129 0 0 -0.0070207  0.0834568 0 0.122495 0 0 0.0870557  0 0 0 0 0 0  
512.708 4.44462 0.00993526 -1.93214 0 1 0 0 -2.08996  -1.99815 0 0.850668 0 0 -2.16299  -0.00578008 0 0.021278 0 0 -0.0055827  0.0717913 0 0.128054 0 0 0.0786106  0 0 0 0 0 0  
514.593 4.46355 0.0100505 -1.94006 0 1 0 0 -2.06928  -1.98854 0 0.843377 0 0 -2.13326  -0.00738234 0 0.0229017 0 0 -0.0061787  0.0558643 0 0.133721 0 0 0.0701591  0 0 0 0 0 0  
516.478 4.48317 0.0105171 -1.89511 0 1 0 0 -2.00006  -1.96505 0 0.832505 0 0 -2.0832  -0.015074 0 0.0219119 0 0 -0.0126376  0.0850069 0 0.145583 0 0 0.0957751  0 0 0 0 0 0  
518.363 4.50301 0.0105332 -1.87469 0 1 0 0 -1.89569  -1.9414 0 0.831772 0 0 -1.97975  -0.0154964 0 0.0229121 0 0 -0.00745284  0.0822094 0 0.145316 0 0 0.091516  0 0 0 0 0 0  
520.248 4.52265 0.0102817 -1.89206 0 1 0 0 -1.85218  -1.96181 0 0.837433 0 0 -1.95135  -0.013587 0 0.0208993 0 0 -0.0093521  0.0833327 0 0.141668 0 0 0.10852  0 0 0 0 0 0  
522.133 4.54175 0.00993005 -1.95631 0 1 0 0 -1.87356  -2.01986 0 0.838731 0 0 -1.96368  -0.0140887 0 0.0204939 0 0 -0.0137354  0.0776432 0 0.140775 0 0 0.103858  0 0 0 0 0 0  
524.018 4.56022 0.00961643 -1.9533 0 1 0 0 -1.90519  -2.00754 0 0.848539 0 0 -1.97904  -0.010566 0 0.0196151 0 0 -0.0113078  0.064805 0 0.131846 0 0 0.0851647  0 0 0 0 0 0  
525.903 4.57805 0.00937181 -1.91801 0 1 0 0 -1.91283  -1.97322 0 0.84409 0 0 -1.97546  -0.0101205 0 0.0194385 0 0 -0.0106862  0.0653295 0 0.136472 0 0 0.0733094  0 0 0 0 0 0  
527.788 4.59518 0.00880553 -1.90718 0 1 0 0 -1.9695  -1.95749 0 0.854118 0 0 -2.02261  -0.0154815 0 0.0193567 0 0 -0.0162756  0.0657934 0 0.126526 0 0 0.0693874  0 0 0 0 0 0  
529.673 4.61131 0.00820189 -1.91982 0 1 0 0 -2.01449  -1.96654 0 0.865364 0 0 -2.06807  -0.0109874 0 0.0201959 0 0 -0.00686141  0.0577026 0 0.114441 0 0 0.0604352  0 0 0 0 0 0  
531.557 4.62644 0.00800445 -1.92635 0 1 0 0 -2.05251  -1.97335 0 0.867842 0 0 -2.10705  -0.014363 0 0.0185517 0 0 -0.00722673  0.061366 0 0.113606 0 0 0.0617664  0 0 0 0 0 0  
533.442 4.64212 0.00850993 -2.00651 0 1 0 0 -2.13402  -2.0541 0 0.86497 0 0 -2.19257  -0.0139144 0 0.0185956 0 0 -0.00622616  0.0614992 0 0.116434 0 0 0.0647758  0 0 0 0 0 0  
535.327 4.65835 0.00846851 -2.05438 0 1 0 0 -2.17581  -2.10285 0 0.868505 0 0 -2.2317  -0.0153508 0 0.0165516 0 0 -0.0102066  0.0638239 0 0.114944 0 0 0.0660949  0 0 0 0 0 0  
537.212 4.6745 0.00856101 -2.03745 0 1 0 0 -2.15681  -2.08467 0 0.868266 0 0 -2.21209  -0.0128037 0 0.019434 0 0 -0.00806954  0.0600254 0 0.1123 0 0 0.0633494  0 0 0 0 0 0  
539.097 4.69093 0.00889084 -1.97591 0 1 0 0 -2.06721  -2.02942 0 0.862958 0 0 -2.13049  -0.0134376 0 0.0215498 0 0 -0.00628079  0.066946 0 0.115493 0 0 0.0695606  0 0 0 0 0 0  
540.982 4.70751 0.00876779 -1.91231 0 1 0 0 -1.93316  -1.96818 0 0.849659 0 0 -2.01611  -0.0122629 0 0.0233998 0 0 -0.00829108  0.0681336 0 0.126941 0 0 0.091248  0 0 0 0 0 0  
542.867 4.72381 0.00858285 -1.91535 0 1 0 0 -1.8634  -1.97381 0 0.853967 0 0 -1.94757  -0.0113339 0 0.0220213 0 0 -0.00710716  0.0697926 0 0.124012 0 0 0.0912732  0 0 0 0 0 0  
544.752 4.73977 0.00841539 -1.98076 0 1 0 0 -1.8721  -2.0438 0 0.857249 0 0 -1.96948  -0.0117447 0 0.0194838 0 0 -0.00629446  0.0747851 0 0.123267 0 0 0.103679  0 0 0 0 0 0  
546.637 4.7558 0.0084584 -2.03444 0 1 0 0 -1.92912  -2.09957 0 0.864517 0 0 -2.0208  -0.0112654 0 0.0184052 0 0 -0.00466511  0.0763907 0 0.117078 0 0 0.0963459  0 0 0 0 0 0  
548.522 4.77179 0.00836737 -2.11315 0 1 0 0 -2.01155  -2.17356 0 0.864408 0 0 -2.09163  -0.00776226 0 0.0183934 0 0 -0.00318  0.0681765 0 0.117199 0 0 0.0832583  0 0 0 0 0 0  
550.407 4.78718 0.00811859 -2.21967 0 1 0 0 -2.11415  -2.26492 0 0.874436 0 0 -2.18212  -0.00758775 0 0.0184103 0 0 -0.000105181  0.0528402 0 0.107154 0 0 0.0680718  0 0 0 0 0 0  
552.292 4.80235 0.00799204 -2.35572 0 1 0 0 -2.18056  -2.39348 0 0.884469 0 0 -2.24741  -0.0059155 0 0.0169612 0 0 0.000272865  0.0436713 0 0.0985703 0 0 0.066572  0 0 0 0 0 0  
554.177 4.81776 0.00829644 -2.42748 0 1 0 0 -2.20988  -2.46833 0 0.884853 0 0 -2.27635  -0.00721878 0 0.0181444 0 0 -0.00316602  0.0480685 0 0.0970028 0 0 0.069639  0 0 0 0 0 0  
556.062 4.83379 0.00883394 -2.46901 0 1 0 0 -2.19883  -2.51071 0 0.878292 0 0 -2.26486  -0.00671831 0 0.0202836 0 0 -0.00155798  0.0484202 0 0.101424 0 0 0.0675891  0 0 0 0 0 0  
557.947 4.8503 0.00868051 -2.38661 0 1 0 0 -2.14431  -2.43067 0 0.873147 0 0 -2.20393  -0.00521594 0 0.0206411 0 0 -0.00399915  0.0492785 0 0.106212 0 0 0.0636225  0 0 0 0 0 0  
559.832 4.86638 0.00830391 -2.33116 0 1 0 0 -2.09249  -2.38929 0 0.872024 0 0 -2.16985  -0.00744602 0 0.0188801 0 0 -0.00794499  0.0655727 0 0.109096 0 0 0.0853014  0 0 0 0 0 0  
561.717 4.88245 0.00859281 -2.27751 0 1 0 0 -2.0687  -2.33801 0 0.86821 0 0 -2.14535  -0.00747384 0 0.0176265 0 0 -0.0112033  0.0679689 0 0.114164 0 0 0.0878551  0 0 0 0 0 0  
563.602 4.89844 0.00842369 -2.23482 0 1 0 0 -2.0273  -2.28834 0 0.873327 0 0 -2.0968  -0.007188 0 0.0187253 0 0 -0.00891507  0.0607133 0 0.107948 0 0 0.078414  0 0 0 0 0 0  
565.487 4.91363 0.00801326 -2.20027 0 1 0 0 -2.04195  -2.26214 0 0.87405 0 0 -2.11227  -0.0130416 0 0.0154307 0 0 -0.0122028  0.0749074 0 0.110519 0 0 0.0825254  0 0 0 0 0 0  
567.372 4.92822 0.00746687 -2.16952 0 1 0 0 -2.06599  -2.21891 0 0.885315 0 0 -2.12353  -0.0114659 0 0.0157698 0 0 -0.00892086  0.0608495 0 0.0989152 0 0 0.0664653  0 0 0 0 0 0  
569.257 4.94236 0.0073971 -2.09957 0 1 0 0 -2.07022  -2.14806 0 0.889557 0 0 -2.12518  -0.00786753 0 0.0157413 0 0 -0.00835672  0.0563581 0 0.0947021 0 0 0.0633217  0 0 0 0 0 0  
571.142 4.95613 0.00713732 -2.04782 0 1 0 0 -2.05575  -2.09606 0 0.89012 0 0 -2.11557  -0.00826089 0 0.0153672 0 0 -0.00790261  0.0564928 0 0.0945126 0 0 0.0677202  0 0 0 0 0 0  
573.027 4.96974 0.00748316 -2.05953 0 1 0 0 -2.0431  -2.1196 0 0.878737 0 0 -2.11473  -0.00824633 0 0.0149124 0 0 -0.00978414  0.0683206 0 0.106351 0 0 0.0814132  0 0 0 0 0 0  
574.911 4.98386 0.00750899 -2.12687 0 1 0 0 -2.11263  -2.17495 0 0.885483 0 0 -2.17338  -0.00678782 0 0.0149119 0 0 -0.00908147  0.0548747 0 0.0996048 0 0 0.0698279  0 0 0 0 0 0  
576.796 4.99782 0.00731999 -2.21668 0 1 0 0 -2.18468  -2.25999 0 0.888981 0 0 -2.24356  -0.00664391 0 0.0157447 0 0 -0.0106471  0.0499514 0 0.0952745 0 0 0.0695274  0 0 0 0 0 0  
578.681 5.01158 0.00730262 -2.28742 0 1 0 0 -2.27107  -2.32954 0 0.890174 0 0 -2.32605  -0.00600276 0 0.0161538 0 0 -0.0107194  0.0481155 0 0.0936727 0 0 0.0657007  0 0 0 0 0 0  
