# LF_DEM version v3.0-126-gb72fb1a
# np 1000
# VF 0.76
# Lx 73.993
# Ly 0
# Lz 73.993
# flow_type shear
# data in cl units.
#1: time
#2: cumulated strain
#3: shear rate
#4-9: total stress tensor (xx, xy, xz, yz, yy, zz)
#10-15: contact stress tensor (xx, xy, xz, yz, yy, zz)
#16-21: dashpot stress tensor (xx, xy, xz, yz, yy, zz)
#22-27: hydro stress tensor (xx, xy, xz, yz, yy, zz)
#28-33: repulsion stress tensor (xx, xy, xz, yz, yy, zz)

0.00942478 0.000421159 0.0446864 -2.54589 0 2 0 0 -2.29637  -2.8126 0 1.39434 0 0 -2.73724  -0.0776385 0 0.0479505 0 0 -0.0847319  0.344347 0 0.557714 0 0 0.5256  0 0 0 0 0 0  
0.942478 0.0331495 0.0324259 -2.53238 0 2 0 0 -2.2878  -2.72875 0 1.52926 0 0 -2.60113  -0.0695814 0 0.0326494 0 0 -0.0720041  0.265949 0 0.438093 0 0 0.385337  0 0 0 0 0 0  
1.88496 0.0630863 0.0313438 -2.72011 0 2 0 0 -2.49993  -2.88684 0 1.54152 0 0 -2.77111  -0.0678911 0 0.0377162 0 0 -0.075591  0.234621 0 0.420765 0 0 0.346772  0 0 0 0 0 0  
2.82743 0.0920367 0.0299877 -2.89657 0 2 0 0 -2.67238  -3.02483 0 1.57411 0 0 -2.90987  -0.0531015 0 0.0443084 0 0 -0.0544399  0.181369 0 0.381584 0 0 0.291922  0 0 0 0 0 0  
3.76991 0.120462 0.0295422 -3.0033 0 2 0 0 -2.82728  -3.11041 0 1.60396 0 0 -3.04061  -0.0478527 0 0.0406761 0 0 -0.0377965  0.154964 0 0.35536 0 0 0.251134  0 0 0 0 0 0  
4.71239 0.14766 0.0278418 -3.087 0 2 0 0 -2.94645  -3.17957 0 1.63403 0 0 -3.1349  -0.0531043 0 0.042565 0 0 -0.0412817  0.145682 0 0.323407 0 0 0.229727  0 0 0 0 0 0  
5.65487 0.173605 0.0268568 -3.14825 0 2 0 0 -2.89142  -3.23564 0 1.65045 0 0 -3.08495  -0.0464266 0 0.0386704 0 0 -0.0375693  0.133818 0 0.310876 0 0 0.231099  0 0 0 0 0 0  
6.59734 0.198703 0.0266755 -3.23779 0 2 0 0 -2.87114  -3.32533 0 1.65092 0 0 -3.05336  -0.0410197 0 0.0430576 0 0 -0.0264664  0.12856 0 0.306026 0 0 0.208683  0 0 0 0 0 0  
7.53982 0.223376 0.0252445 -3.2382 0 2 0 0 -2.76197  -3.33465 0 1.65762 0 0 -2.96218  -0.0347656 0 0.0390162 0 0 -0.0197951  0.131216 0 0.303362 0 0 0.220009  0 0 0 0 0 0  
8.4823 0.246549 0.0240316 -3.34838 0 2 0 0 -2.78939  -3.44366 0 1.68184 0 0 -2.9699  -0.029628 0 0.0348549 0 0 -0.0199263  0.124904 0 0.283303 0 0 0.200444  0 0 0 0 0 0  
9.42478 0.269117 0.0244229 -3.42667 0 2 0 0 -2.79066  -3.51845 0 1.67253 0 0 -2.96427  -0.0373995 0 0.0350794 0 0 -0.0268612  0.129182 0 0.292395 0 0 0.20047  0 0 0 0 0 0  
10.3673 0.293187 0.026689 -3.35057 0 2 0 0 -2.75313  -3.47706 0 1.64293 0 0 -2.95598  -0.0466339 0 0.035974 0 0 -0.0344358  0.173123 0 0.321092 0 0 0.237287  0 0 0 0 0 0  
11.3097 0.318389 0.0270422 -3.31921 0 2 0 0 -2.75907  -3.43996 0 1.6363 0 0 -2.95718  -0.0507511 0 0.0367487 0 0 -0.040162  0.171503 0 0.326948 0 0 0.238279  0 0 0 0 0 0  
12.2522 0.343927 0.0261719 -3.27037 0 2 0 0 -2.79379  -3.38112 0 1.64035 0 0 -2.97148  -0.047923 0 0.0354579 0 0 -0.0363928  0.158668 0 0.324196 0 0 0.214088  0 0 0 0 0 0  
13.1947 0.368589 0.0263141 -3.24927 0 2 0 0 -2.88393  -3.3506 0 1.64172 0 0 -3.05889  -0.0437474 0 0.0380335 0 0 -0.0376424  0.145071 0 0.320244 0 0 0.212606  0 0 0 0 0 0  
14.1372 0.393989 0.0271301 -3.21815 0 2 0 0 -2.9873  -3.33123 0 1.64764 0 0 -3.15722  -0.0423252 0 0.0367364 0 0 -0.0412608  0.155406 0 0.315625 0 0 0.211183  0 0 0 0 0 0  
15.0796 0.420053 0.0275602 -3.19304 0 2 0 0 -3.07456  -3.31443 0 1.63389 0 0 -3.23487  -0.0519666 0 0.0391275 0 0 -0.0474663  0.173354 0 0.326984 0 0 0.207774  0 0 0 0 0 0  
16.0221 0.445713 0.0270507 -3.04881 0 2 0 0 -3.0976  -3.17196 0 1.63444 0 0 -3.2537  -0.0418922 0 0.0377513 0 0 -0.0462712  0.165041 0 0.32781 0 0 0.202367  0 0 0 0 0 0  
16.9646 0.470852 0.0266329 -3.00409 0 2 0 0 -3.19042  -3.10138 0 1.64932 0 0 -3.32857  -0.0425874 0 0.0398553 0 0 -0.0412808  0.139881 0 0.310827 0 0 0.179429  0 0 0 0 0 0  
17.9071 0.496568 0.0273505 -3.03917 0 2 0 0 -3.1906  -3.12539 0 1.64173 0 0 -3.33153  -0.0496488 0 0.0450654 0 0 -0.0438226  0.135867 0 0.313208 0 0 0.184752  0 0 0 0 0 0  
18.8496 0.522221 0.0270094 -3.02685 0 2 0 0 -3.16186  -3.13161 0 1.65126 0 0 -3.31594  -0.0455046 0 0.0366402 0 0 -0.0496721  0.150264 0 0.312098 0 0 0.203758  0 0 0 0 0 0  
19.792 0.547826 0.0268031 -3.03076 0 2 0 0 -3.18778  -3.15981 0 1.65709 0 0 -3.34926  -0.0417409 0 0.0363162 0 0 -0.0473091  0.170791 0 0.30659 0 0 0.208788  0 0 0 0 0 0  
20.7345 0.572528 0.0253798 -2.9004 0 2 0 0 -3.08401  -3.06823 0 1.66489 0 0 -3.25678  -0.0429517 0 0.02736 0 0 -0.0479946  0.210776 0 0.307752 0 0 0.220763  0 0 0 0 0 0  
21.677 0.595135 0.0232888 -2.84745 0 2 0 0 -2.96878  -3.00776 0 1.67904 0 0 -3.14072  -0.0393753 0 0.0273662 0 0 -0.0494416  0.19969 0 0.293594 0 0 0.221384  0 0 0 0 0 0  
22.6195 0.616926 0.0234834 -2.95584 0 2 0 0 -2.95428  -3.10021 0 1.67644 0 0 -3.1004  -0.0392161 0 0.0328044 0 0 -0.0478315  0.183594 0 0.29076 0 0 0.193951  0 0 0 0 0 0  
23.5619 0.638646 0.0229229 -3.12269 0 2 0 0 -3.04552  -3.24613 0 1.68603 0 0 -3.18056  -0.0370084 0 0.0338937 0 0 -0.0504796  0.16044 0 0.280081 0 0 0.185518  0 0 0 0 0 0  
24.5044 0.659944 0.0222262 -3.2751 0 2 0 0 -3.19292  -3.38264 0 1.70858 0 0 -3.31194  -0.0242526 0 0.0349856 0 0 -0.0423848  0.131797 0 0.256432 0 0 0.161402  0 0 0 0 0 0  
25.4469 0.68069 0.0220789 -3.324 0 2 0 0 -3.26085  -3.43936 0 1.71981 0 0 -3.38563  -0.0273011 0 0.031111 0 0 -0.0341924  0.142654 0 0.249075 0 0 0.158979  0 0 0 0 0 0  
26.3894 0.702136 0.023215 -3.22137 0 2 0 0 -3.23448  -3.33619 0 1.69718 0 0 -3.36251  -0.0201778 0 0.0346282 0 0 -0.0276083  0.134998 0 0.268194 0 0 0.155646  0 0 0 0 0 0  
27.3319 0.724157 0.024122 -3.05432 0 2 0 0 -3.10334  -3.17941 0 1.68502 0 0 -3.24601  -0.0269562 0 0.0368408 0 0 -0.0285914  0.15205 0 0.278139 0 0 0.17127  0 0 0 0 0 0  
28.2743 0.746963 0.024242 -2.95501 0 2 0 0 -3.01096  -3.0852 0 1.67437 0 0 -3.16607  -0.0327332 0 0.0401397 0 0 -0.026461  0.162923 0 0.285486 0 0 0.181571  0 0 0 0 0 0  
29.2168 0.769389 0.02292 -3.09568 0 2 0 0 -2.99882  -3.21733 0 1.69563 0 0 -3.1416  -0.0322649 0 0.0383673 0 0 -0.0281719  0.153917 0 0.265999 0 0 0.170953  0 0 0 0 0 0  
30.1593 0.790435 0.0217489 -3.22792 0 2 0 0 -2.98379  -3.33864 0 1.70168 0 0 -3.11577  -0.0301306 0 0.0362993 0 0 -0.0295192  0.140843 0 0.262018 0 0 0.1615  0 0 0 0 0 0  
31.1018 0.810858 0.0215591 -3.18515 0 2 0 0 -2.87669  -3.29589 0 1.69994 0 0 -3.0129  -0.0347994 0 0.0364999 0 0 -0.0278877  0.145542 0 0.263557 0 0 0.164102  0 0 0 0 0 0  
32.0442 0.830887 0.021099 -3.09859 0 2 0 0 -2.79178  -3.20839 0 1.69324 0 0 -2.94021  -0.0308585 0 0.0367606 0 0 -0.0266935  0.140656 0 0.269998 0 0 0.175129  0 0 0 0 0 0  
32.9867 0.851248 0.0223575 -3.02209 0 2 0 0 -2.75182  -3.14304 0 1.67057 0 0 -2.91714  -0.0317926 0 0.0368346 0 0 -0.0299729  0.152745 0 0.292592 0 0 0.195288  0 0 0 0 0 0  
33.9292 0.873177 0.0234987 -2.94169 0 2 0 0 -2.80793  -3.06091 0 1.66375 0 0 -2.98943  -0.0465241 0 0.0363127 0 0 -0.0478067  0.165744 0 0.299933 0 0 0.229304  0 0 0 0 0 0  
34.8717 0.895392 0.0235314 -3.0115 0 2 0 0 -2.87819  -3.10136 0 1.67362 0 0 -3.04775  -0.0463292 0 0.0398196 0 0 -0.0449993  0.136184 0 0.286565 0 0 0.214554  0 0 0 0 0 0  
35.8142 0.917292 0.0229588 -3.09993 0 2 0 0 -2.87571  -3.18792 0 1.67944 0 0 -3.03695  -0.0398439 0 0.0413658 0 0 -0.0399786  0.127837 0 0.279196 0 0 0.201221  0 0 0 0 0 0  
36.7566 0.938444 0.0223902 -3.09674 0 2 0 0 -2.94045  -3.19617 0 1.69158 0 0 -3.09361  -0.0389998 0 0.0358782 0 0 -0.0374979  0.138426 0 0.272545 0 0 0.190655  0 0 0 0 0 0  
37.6991 0.959105 0.0216016 -3.06352 0 2 0 0 -2.96704  -3.16006 0 1.69876 0 0 -3.11167  -0.0383971 0 0.0336562 0 0 -0.0379122  0.13493 0 0.267583 0 0 0.18255  0 0 0 0 0 0  
38.6416 0.979264 0.0213214 -3.11849 0 2 0 0 -3.02625  -3.21371 0 1.70236 0 0 -3.16528  -0.0449808 0 0.0328563 0 0 -0.0411639  0.140196 0 0.264783 0 0 0.180191  0 0 0 0 0 0  
39.5841 0.99879 0.0205872 -3.19749 0 2 0 0 -3.1388  -3.28174 0 1.72251 0 0 -3.26739  -0.0329886 0 0.0359812 0 0 -0.0266598  0.117238 0 0.241514 0 0 0.155251  0 0 0 0 0 0  
40.5265 1.01772 0.0197947 -3.30392 0 2 0 0 -3.3246  -3.37999 0 1.75011 0 0 -3.43441  -0.0272446 0 0.0343115 0 0 -0.0259286  0.103315 0 0.215575 0 0 0.135738  0 0 0 0 0 0  
41.469 1.03656 0.0205098 -3.33039 0 2 0 0 -3.41856  -3.39889 0 1.74981 0 0 -3.52474  -0.0237382 0 0.0335959 0 0 -0.0184578  0.0922424 0 0.21659 0 0 0.124642  0 0 0 0 0 0  
42.4115 1.05663 0.0221138 -3.30821 0 2 0 0 -3.45256  -3.38618 0 1.73705 0 0 -3.56936  -0.0251646 0 0.0351406 0 0 -0.0146383  0.103142 0 0.227809 0 0 0.131439  0 0 0 0 0 0  
43.354 1.07809 0.0234446 -3.26949 0 2 0 0 -3.39516  -3.35883 0 1.7125 0 0 -3.53193  -0.0353634 0 0.0364801 0 0 -0.0188828  0.124706 0 0.251024 0 0 0.155662  0 0 0 0 0 0  
44.2965 1.10002 0.023308 -3.17443 0 2 0 0 -3.35989  -3.28376 0 1.70907 0 0 -3.50482  -0.0382986 0 0.0362304 0 0 -0.0212193  0.147622 0 0.254698 0 0 0.166141  0 0 0 0 0 0  
45.2389 1.12219 0.024279 -3.06477 0 2 0 0 -3.37608  -3.17561 0 1.69942 0 0 -3.51723  -0.036315 0 0.0354513 0 0 -0.0277811  0.147153 0 0.265132 0 0 0.168934  0 0 0 0 0 0  
46.1814 1.14538 0.024486 -2.99507 0 2 0 0 -3.4178  -3.11031 0 1.68919 0 0 -3.56549  -0.040145 0 0.0355253 0 0 -0.0396246  0.155383 0 0.27528 0 0 0.187314  0 0 0 0 0 0  
47.1239 1.16894 0.0245514 -2.95353 0 2 0 0 -3.25518  -3.08266 0 1.67045 0 0 -3.43514  -0.0476555 0 0.0308307 0 0 -0.0393037  0.17678 0 0.298723 0 0 0.219265  0 0 0 0 0 0  
48.0664 1.19169 0.0241098 -2.91007 0 2 0 0 -3.06889  -3.03203 0 1.66215 0 0 -3.24461  -0.045537 0 0.0310913 0 0 -0.0409184  0.167498 0 0.306758 0 0 0.216638  0 0 0 0 0 0  
49.0088 1.21411 0.0232665 -2.92838 0 2 0 0 -2.97333  -3.04737 0 1.66468 0 0 -3.14647  -0.0480216 0 0.031553 0 0 -0.047055  0.167012 0 0.303764 0 0 0.220193  0 0 0 0 0 0  
49.9513 1.23606 0.0236946 -2.97387 0 2 0 0 -2.9851  -3.09718 0 1.67507 0 0 -3.15705  -0.044417 0 0.030336 0 0 -0.0426936  0.16773 0 0.294594 0 0 0.214644  0 0 0 0 0 0  
50.8938 1.25797 0.0226909 -3.07568 0 2 0 0 -2.94612  -3.19767 0 1.68963 0 0 -3.10478  -0.0381162 0 0.0293943 0 0 -0.0358997  0.160105 0 0.280972 0 0 0.19456  0 0 0 0 0 0  
51.8363 1.27887 0.0217544 -3.22398 0 2 0 0 -3.01401  -3.32963 0 1.7054 0 0 -3.15004  -0.0325425 0 0.0302358 0 0 -0.0330375  0.138186 0 0.264367 0 0 0.169061  0 0 0 0 0 0  
52.7788 1.29846 0.0204336 -3.32963 0 2 0 0 -3.08362  -3.42809 0 1.73181 0 0 -3.20598  -0.030703 0 0.0278475 0 0 -0.0286284  0.129168 0 0.240342 0 0 0.150982  0 0 0 0 0 0  
53.7212 1.31724 0.0194397 -3.4007 0 2 0 0 -3.1054  -3.48841 0 1.74572 0 0 -3.21145  -0.0272307 0 0.0266971 0 0 -0.030218  0.114938 0 0.227583 0 0 0.136269  0 0 0 0 0 0  
54.6637 1.3359 0.0199137 -3.35813 0 2 0 0 -3.06656  -3.44582 0 1.74357 0 0 -3.17896  -0.0313444 0 0.0275031 0 0 -0.0292351  0.119038 0 0.228922 0 0 0.141632  0 0 0 0 0 0  
55.6062 1.35479 0.02035 -3.3224 0 2 0 0 -3.02126  -3.39464 0 1.73985 0 0 -3.12479  -0.0381866 0 0.0289196 0 0 -0.0273849  0.110425 0 0.231229 0 0 0.130918  0 0 0 0 0 0  
56.5487 1.37457 0.0216735 -3.26751 0 2 0 0 -2.9799  -3.37273 0 1.71916 0 0 -3.10814  -0.04563 0 0.029943 0 0 -0.040851  0.150848 0 0.250901 0 0 0.169085  0 0 0 0 0 0  
57.4911 1.39529 0.0219867 -3.28491 0 2 0 0 -3.00265  -3.39136 0 1.72406 0 0 -3.12372  -0.0370043 0 0.0321977 0 0 -0.0396939  0.143454 0 0.24374 0 0 0.160768  0 0 0 0 0 0  
58.4336 1.41537 0.0209796 -3.34731 0 2 0 0 -3.10119  -3.44458 0 1.73204 0 0 -3.22807  -0.037247 0 0.0336176 0 0 -0.0318275  0.134517 0 0.234344 0 0 0.158714  0 0 0 0 0 0  
59.3761 1.43564 0.021884 -3.47615 0 2 0 0 -3.22525  -3.5699 0 1.72256 0 0 -3.34935  -0.0369869 0 0.0327578 0 0 -0.0346426  0.130733 0 0.244678 0 0 0.158741  0 0 0 0 0 0  
60.3186 1.45665 0.022571 -3.55082 0 2 0 0 -3.35568  -3.63291 0 1.71711 0 0 -3.46318  -0.0431094 0 0.0351193 0 0 -0.0417042  0.125201 0 0.247772 0 0 0.149201  0 0 0 0 0 0  
61.2611 1.47745 0.0215928 -3.48491 0 2 0 0 -3.37679  -3.56391 0 1.72806 0 0 -3.47641  -0.0360273 0 0.0344041 0 0 -0.0323307  0.115022 0 0.237532 0 0 0.131949  0 0 0 0 0 0  
62.2035 1.4981 0.0226075 -3.34622 0 2 0 0 -3.32528  -3.4253 0 1.70625 0 0 -3.4527  -0.0334062 0 0.0362422 0 0 -0.0354999  0.112482 0 0.257507 0 0 0.162918  0 0 0 0 0 0  
63.146 1.51966 0.0229095 -3.16234 0 2 0 0 -3.37264  -3.24047 0 1.70431 0 0 -3.49485  -0.0368428 0 0.0400519 0 0 -0.0377399  0.114972 0 0.255637 0 0 0.159946  0 0 0 0 0 0  
64.0885 1.5413 0.0224795 -3.09862 0 2 0 0 -3.42121  -3.17163 0 1.70708 0 0 -3.54689  -0.0367612 0 0.0418892 0 0 -0.033474  0.109774 0 0.251028 0 0 0.159154  0 0 0 0 0 0  
65.031 1.56214 0.0220071 -2.97656 0 2 0 0 -3.40813  -3.06591 0 1.71504 0 0 -3.52613  -0.0272416 0 0.0384813 0 0 -0.0284487  0.116589 0 0.246478 0 0 0.146444  0 0 0 0 0 0  
65.9734 1.58262 0.0213907 -2.87955 0 2 0 0 -3.37622  -2.9868 0 1.7129 0 0 -3.50525  -0.0216554 0 0.0342811 0 0 -0.0279876  0.128909 0 0.252818 0 0 0.157012  0 0 0 0 0 0  
66.9159 1.60238 0.0205346 -2.87182 0 2 0 0 -3.33399  -2.97512 0 1.71829 0 0 -3.47269  -0.0239336 0 0.0329211 0 0 -0.0340309  0.127237 0 0.248788 0 0 0.172734  0 0 0 0 0 0  
67.8584 1.62173 0.0204778 -2.88398 0 2 0 0 -3.29983  -2.9804 0 1.71859 0 0 -3.45775  -0.0209543 0 0.0309557 0 0 -0.0323553  0.117377 0 0.25045 0 0 0.190274  0 0 0 0 0 0  
68.8009 1.64074 0.0200774 -2.94095 0 2 0 0 -3.30365  -3.03435 0 1.72407 0 0 -3.46234  -0.0274495 0 0.0263322 0 0 -0.0327234  0.120854 0 0.2496 0 0 0.191416  0 0 0 0 0 0  
69.7434 1.65958 0.0199856 -3.04603 0 2 0 0 -3.2991  -3.12153 0 1.74163 0 0 -3.41579  -0.0249091 0 0.031413 0 0 -0.0276427  0.100412 0 0.226961 0 0 0.144327  0 0 0 0 0 0  
70.6858 1.67873 0.0204893 -3.1148 0 2 0 0 -3.27213  -3.20475 0 1.74157 0 0 -3.3871  -0.0247387 0 0.0318868 0 0 -0.0268526  0.114685 0 0.226543 0 0 0.141814  0 0 0 0 0 0  
71.6283 1.69824 0.0207749 -3.12828 0 2 0 0 -3.24909  -3.21929 0 1.74379 0 0 -3.36721  -0.0244599 0 0.0323554 0 0 -0.026476  0.115467 0 0.223852 0 0 0.144587  0 0 0 0 0 0  
72.5708 1.71789 0.0209265 -3.18582 0 2 0 0 -3.26061  -3.27438 0 1.74129 0 0 -3.36901  -0.0272474 0 0.0344655 0 0 -0.0246679  0.115807 0 0.224247 0 0 0.133074  0 0 0 0 0 0  
73.5133 1.73766 0.0206555 -3.18462 0 2 0 0 -3.2129  -3.28508 0 1.73326 0 0 -3.33166  -0.0332596 0 0.0341184 0 0 -0.0276852  0.133728 0 0.232624 0 0 0.146446  0 0 0 0 0 0  
74.4557 1.75671 0.0200101 -3.19447 0 2 0 0 -3.20923  -3.29026 0 1.7434 0 0 -3.31898  -0.0259597 0 0.0334889 0 0 -0.0282547  0.121748 0 0.223107 0 0 0.137996  0 0 0 0 0 0  
75.3982 1.7752 0.0193636 -3.20943 0 2 0 0 -3.27746  -3.30441 0 1.75363 0 0 -3.38844  -0.0218438 0 0.0294864 0 0 -0.0277476  0.116822 0 0.216888 0 0 0.138727  0 0 0 0 0 0  
76.3407 1.79332 0.0192219 -3.2155 0 2 0 0 -3.37503  -3.29268 0 1.76305 0 0 -3.47478  -0.0232178 0 0.0285241 0 0 -0.0239221  0.100402 0 0.208423 0 0 0.123677  0 0 0 0 0 0  
77.2832 1.81138 0.0197816 -3.26266 0 2 0 0 -3.38024  -3.335 0 1.76236 0 0 -3.48463  -0.0253719 0 0.0299893 0 0 -0.0256254  0.097709 0 0.20765 0 0 0.130011  0 0 0 0 0 0  
78.2257 1.83061 0.0212631 -3.22886 0 2 0 0 -3.21109  -3.31005 0 1.73945 0 0 -3.33986  -0.0300138 0 0.0304298 0 0 -0.0320552  0.111208 0 0.230117 0 0 0.160827  0 0 0 0 0 0  
79.1681 1.85113 0.0222861 -3.1549 0 2 0 0 -2.95577  -3.24371 0 1.70705 0 0 -3.10396  -0.0329722 0 0.0326376 0 0 -0.0335826  0.121791 0 0.260316 0 0 0.181771  0 0 0 0 0 0  
80.1106 1.87221 0.0230473 -3.07503 0 2 0 0 -2.86281  -3.19089 0 1.67383 0 0 -3.03082  -0.0487049 0 0.0320574 0 0 -0.0394182  0.164564 0 0.294115 0 0 0.207433  0 0 0 0 0 0  
81.0531 1.89358 0.0227045 -3.08983 0 2 0 0 -2.69627  -3.19454 0 1.68283 0 0 -2.873  -0.0439398 0 0.0314316 0 0 -0.0430068  0.148653 0 0.285737 0 0 0.219744  0 0 0 0 0 0  
81.9956 1.91518 0.0229818 -3.05383 0 2 0 0 -2.69537  -3.16425 0 1.68511 0 0 -2.87661  -0.0387216 0 0.0342786 0 0 -0.0316667  0.149136 0 0.280607 0 0 0.212905  0 0 0 0 0 0  
82.938 1.93689 0.0228429 -3.09693 0 2 0 0 -2.70424  -3.20887 0 1.69753 0 0 -2.88883  -0.0397462 0 0.029966 0 0 -0.0290532  0.151686 0 0.272506 0 0 0.213646  0 0 0 0 0 0  
83.8805 1.95825 0.0226199 -3.11785 0 2 0 0 -2.65902  -3.22019 0 1.70224 0 0 -2.83312  -0.041023 0 0.0300292 0 0 -0.0346102  0.143364 0 0.267736 0 0 0.208712  0 0 0 0 0 0  
84.823 1.97951 0.0222797 -3.14027 0 2 0 0 -2.62938  -3.23527 0 1.70057 0 0 -2.8028  -0.0412545 0 0.029734 0 0 -0.0429836  0.13626 0 0.269695 0 0 0.216398  0 0 0 0 0 0  
85.7655 2.00089 0.0227117 -3.1528 0 2 0 0 -2.5845  -3.24496 0 1.68888 0 0 -2.74305  -0.0400744 0 0.0321314 0 0 -0.043353  0.13223 0 0.278991 0 0 0.201902  0 0 0 0 0 0  
86.708 2.02231 0.0229437 -3.15514 0 2 0 0 -2.56317  -3.24267 0 1.68615 0 0 -2.71182  -0.0435328 0 0.0316055 0 0 -0.0466891  0.131057 0 0.28224 0 0 0.195341  0 0 0 0 0 0  
87.6504 2.04524 0.0259309 -3.09774 0 2 0 0 -2.54999  -3.22821 0 1.6522 0 0 -2.71928  -0.0338057 0 0.0309694 0 0 -0.049383  0.164278 0 0.31683 0 0 0.218677  0 0 0 0 0 0  
88.5929 2.06974 0.0253997 -3.05133 0 2 0 0 -2.62419  -3.15281 0 1.66273 0 0 -2.77805  -0.0374733 0 0.0380295 0 0 -0.0378676  0.13895 0 0.299239 0 0 0.191726  0 0 0 0 0 0  
89.5354 2.09254 0.0234631 -3.00103 0 2 0 0 -2.72262  -3.10197 0 1.67892 0 0 -2.88888  -0.0412016 0 0.0320102 0 0 -0.0395004  0.142147 0 0.289068 0 0 0.205762  0 0 0 0 0 0  
90.4779 2.11412 0.0213923 -3.0418 0 2 0 0 -2.81994  -3.14402 0 1.70918 0 0 -2.9697  -0.0402284 0 0.0310591 0 0 -0.0341991  0.142452 0 0.25976 0 0 0.18396  0 0 0 0 0 0  
91.4203 2.13349 0.0202194 -3.08787 0 2 0 0 -2.84727  -3.17893 0 1.74332 0 0 -2.97429  -0.0261707 0 0.0309999 0 0 -0.0241504  0.117223 0 0.225678 0 0 0.151173  0 0 0 0 0 0  
92.3628 2.1523 0.0200332 -3.13107 0 2 0 0 -2.86088  -3.20829 0 1.75969 0 0 -2.96624  -0.0234769 0 0.0285509 0 0 -0.0219013  0.100691 0 0.211756 0 0 0.127265  0 0 0 0 0 0  
93.3053 2.17159 0.0209733 -3.0806 0 2 0 0 -2.86271  -3.17111 0 1.74303 0 0 -2.97993  -0.0254884 0 0.0280099 0 0 -0.028434  0.115998 0 0.228962 0 0 0.145653  0 0 0 0 0 0  
94.2478 2.1923 0.0229023 -3.01852 0 2 0 0 -2.71707  -3.1364 0 1.70683 0 0 -2.84741  -0.0380669 0 0.0307338 0 0 -0.0337454  0.155941 0 0.262433 0 0 0.16408  0 0 0 0 0 0  
95.1903 2.21359 0.0222457 -2.94472 0 2 0 0 -2.64019  -3.05621 0 1.70447 0 0 -2.77351  -0.0403808 0 0.0303919 0 0 -0.0400767  0.151875 0 0.265141 0 0 0.173401  0 0 0 0 0 0  
96.1327 2.23486 0.0223762 -3.02519 0 2 0 0 -2.72446  -3.12861 0 1.69808 0 0 -2.84446  -0.0381688 0 0.0325839 0 0 -0.0502564  0.141589 0 0.269337 0 0 0.170252  0 0 0 0 0 0  
97.0752 2.25624 0.022651 -3.11737 0 2 0 0 -2.78144  -3.21913 0 1.70785 0 0 -2.89143  -0.0357561 0 0.0329294 0 0 -0.0447392  0.137518 0 0.259223 0 0 0.15473  0 0 0 0 0 0  
98.0177 2.27699 0.0217077 -3.16366 0 2 0 0 -2.8497  -3.24919 0 1.72268 0 0 -2.94858  -0.0359476 0 0.0359896 0 0 -0.0458406  0.121476 0 0.241334 0 0 0.144712  0 0 0 0 0 0  
98.9602 2.29791 0.0225388 -3.08555 0 2 0 0 -2.87931  -3.19352 0 1.71127 0 0 -3.00225  -0.0365719 0 0.0312254 0 0 -0.0429784  0.144538 0 0.2575 0 0 0.165923  0 0 0 0 0 0  
99.9026 2.31948 0.0234912 -3.01002 0 2 0 0 -2.84647  -3.13011 0 1.70261 0 0 -2.98353  -0.0333979 0 0.0291006 0 0 -0.0427733  0.153484 0 0.268285 0 0 0.179834  0 0 0 0 0 0  
100.845 2.34172 0.0237272 -3.0316 0 2 0 0 -2.8683  -3.12917 0 1.69171 0 0 -2.97993  -0.0314451 0 0.0317211 0 0 -0.0403323  0.129015 0 0.276574 0 0 0.151957  0 0 0 0 0 0  
101.788 2.36479 0.0248116 -3.1019 0 2 0 0 -2.89215  -3.19747 0 1.6776 0 0 -3.019  -0.0331086 0 0.0375127 0 0 -0.0473188  0.128678 0 0.284885 0 0 0.174161  0 0 0 0 0 0  
102.73 2.38857 0.0255907 -3.07174 0 2 0 0 -2.84075  -3.18145 0 1.65252 0 0 -2.9937  -0.038891 0 0.0352262 0 0 -0.052721  0.148599 0 0.312254 0 0 0.20567  0 0 0 0 0 0  
103.673 2.41301 0.0265301 -2.99925 0 2 0 0 -2.72225  -3.13048 0 1.63445 0 0 -2.91483  -0.0468926 0 0.0323689 0 0 -0.0644965  0.178121 0 0.333179 0 0 0.25708  0 0 0 0 0 0  
104.615 2.43819 0.0258823 -3.05688 0 2 0 0 -2.6384  -3.19564 0 1.63181 0 0 -2.83586  -0.0549835 0 0.0294163 0 0 -0.059503  0.19374 0 0.338774 0 0 0.256965  0 0 0 0 0 0  
105.558 2.46124 0.0236258 -3.12671 0 2 0 0 -2.62861  -3.25282 0 1.66539 0 0 -2.79461  -0.0387224 0 0.0299132 0 0 -0.0454384  0.164837 0 0.304701 0 0 0.211438  0 0 0 0 0 0  
106.5 2.48325 0.0236716 -3.1097 0 2 0 0 -2.65964  -3.2362 0 1.66981 0 0 -2.81432  -0.0325676 0 0.0287871 0 0 -0.0441682  0.159066 0 0.301406 0 0 0.198844  0 0 0 0 0 0  
107.442 2.50608 0.0244576 -3.12282 0 2 0 0 -2.65938  -3.23162 0 1.66143 0 0 -2.82122  -0.0343234 0 0.0326027 0 0 -0.0420222  0.143124 0 0.305969 0 0 0.203855  0 0 0 0 0 0  
108.385 2.52968 0.0257685 -3.1013 0 2 0 0 -2.54158  -3.21551 0 1.64548 0 0 -2.72978  -0.04007 0 0.0337739 0 0 -0.0447359  0.154277 0 0.320748 0 0 0.232937  0 0 0 0 0 0  
109.327 2.55381 0.0251753 -3.07426 0 2 0 0 -2.46618  -3.17418 0 1.65128 0 0 -2.64154  -0.0328135 0 0.041858 0 0 -0.0425325  0.132739 0 0.306862 0 0 0.2179  0 0 0 0 0 0  
110.27 2.57627 0.0232761 -3.0157 0 2 0 0 -2.56517  -3.13339 0 1.68358 0 0 -2.71877  -0.0277299 0 0.0354801 0 0 -0.033029  0.145415 0 0.280939 0 0 0.186631  0 0 0 0 0 0  
111.212 2.59756 0.0224315 -3.13278 0 2 0 0 -2.75746  -3.22438 0 1.70005 0 0 -2.88391  -0.031502 0 0.0314711 0 0 -0.0401881  0.123107 0 0.268477 0 0 0.166636  0 0 0 0 0 0  
112.155 2.61949 0.0240769 -3.26942 0 2 0 0 -2.88562  -3.35658 0 1.69259 0 0 -3.01283  -0.0332228 0 0.0349637 0 0 -0.0363155  0.120381 0 0.272447 0 0 0.163525  0 0 0 0 0 0  
113.097 2.6429 0.0253345 -3.32056 0 2 0 0 -2.9333  -3.40151 0 1.68358 0 0 -3.04455  -0.0369859 0 0.0389421 0 0 -0.0373092  0.117932 0 0.277477 0 0 0.148566  0 0 0 0 0 0  
114.04 2.66747 0.0262849 -3.16321 0 2 0 0 -2.85742  -3.25916 0 1.67347 0 0 -2.97175  -0.0444462 0 0.0421307 0 0 -0.0468862  0.140397 0 0.284403 0 0 0.161217  0 0 0 0 0 0  
114.982 2.69165 0.025205 -2.95431 0 2 0 0 -2.74426  -3.06099 0 1.65257 0 0 -2.89641  -0.0492125 0 0.0427533 0 0 -0.0448437  0.155884 0 0.30468 0 0 0.196998  0 0 0 0 0 0  
115.925 2.71415 0.0231822 -2.94401 0 2 0 0 -2.81457  -3.0501 0 1.68572 0 0 -2.96292  -0.0456421 0 0.0353683 0 0 -0.0434375  0.151729 0 0.278915 0 0 0.191793  0 0 0 0 0 0  
116.867 2.73574 0.0223857 -2.9417 0 2 0 0 -2.94656  -3.04774 0 1.70725 0 0 -3.0878  -0.0474708 0 0.0302808 0 0 -0.0439236  0.153505 0 0.262466 0 0 0.185158  0 0 0 0 0 0  
117.81 2.75685 0.0221582 -2.94826 0 2 0 0 -3.06046  -3.02846 0 1.72231 0 0 -3.17434  -0.044928 0 0.0320307 0 0 -0.0408658  0.125123 0 0.245658 0 0 0.154752  0 0 0 0 0 0  
118.752 2.77774 0.0218042 -3.00008 0 2 0 0 -3.12862  -3.06682 0 1.72612 0 0 -3.23237  -0.0438219 0 0.0347462 0 0 -0.0416258  0.110559 0 0.239129 0 0 0.145382  0 0 0 0 0 0  
119.695 2.79819 0.0209927 -3.02093 0 2 0 0 -3.14719  -3.07904 0 1.74288 0 0 -3.24612  -0.0371571 0 0.0375295 0 0 -0.0308272  0.0952728 0 0.219591 0 0 0.129758  0 0 0 0 0 0  
120.637 2.81826 0.0218548 -3.08918 0 2 0 0 -3.10339  -3.16949 0 1.73418 0 0 -3.21265  -0.0345835 0 0.0330186 0 0 -0.0270886  0.114887 0 0.232803 0 0 0.136346  0 0 0 0 0 0  
121.58 2.83884 0.0223249 -3.15497 0 2 0 0 -3.07361  -3.24328 0 1.7255 0 0 -3.2014  -0.0351189 0 0.0335467 0 0 -0.0278216  0.123432 0 0.24095 0 0 0.155613  0 0 0 0 0 0  
122.522 2.86035 0.022995 -3.19415 0 2 0 0 -3.03598  -3.30651 0 1.71924 0 0 -3.17635  -0.0378121 0 0.0327332 0 0 -0.0214089  0.15017 0 0.248022 0 0 0.161774  0 0 0 0 0 0  
123.465 2.88226 0.023279 -3.20296 0 2 0 0 -3.07243  -3.30296 0 1.70462 0 0 -3.21927  -0.0460446 0 0.0312724 0 0 -0.0314839  0.146051 0 0.264108 0 0 0.17832  0 0 0 0 0 0  
124.407 2.90371 0.0218665 -3.24516 0 2 0 0 -3.20188  -3.3175 0 1.72835 0 0 -3.33197  -0.0520463 0 0.0303837 0 0 -0.0341106  0.124386 0 0.241268 0 0 0.164207  0 0 0 0 0 0  
125.35 2.92438 0.0216848 -3.27108 0 2 0 0 -3.1807  -3.34751 0 1.73798 0 0 -3.32398  -0.0476172 0 0.0244464 0 0 -0.0317161  0.124046 0 0.237575 0 0 0.175004  0 0 0 0 0 0  
126.292 2.94538 0.0227576 -3.16037 0 2 0 0 -3.12596  -3.24663 0 1.72284 0 0 -3.27137  -0.0438507 0 0.0281762 0 0 -0.0201504  0.130107 0 0.24898 0 0 0.165563  0 0 0 0 0 0  
127.235 2.96717 0.0234237 -3.12687 0 2 0 0 -3.08412  -3.21188 0 1.71634 0 0 -3.22715  -0.0465158 0 0.0314478 0 0 -0.0279815  0.131534 0 0.252215 0 0 0.171008  0 0 0 0 0 0  
128.177 2.98942 0.0231796 -3.12406 0 2 0 0 -3.05887  -3.19678 0 1.72025 0 0 -3.19558  -0.0438041 0 0.0336351 0 0 -0.0308918  0.11653 0 0.246116 0 0 0.167605  0 0 0 0 0 0  
129.119 3.01171 0.024034 -3.01333 0 2 0 0 -2.98144  -3.10373 0 1.71039 0 0 -3.13452  -0.0434238 0 0.0337358 0 0 -0.0311354  0.133826 0 0.255876 0 0 0.18421  0 0 0 0 0 0  
130.062 3.03468 0.0247024 -2.87677 0 2 0 0 -2.87541  -2.9947 0 1.67759 0 0 -3.05712  -0.0428542 0 0.0308242 0 0 -0.0390626  0.160783 0 0.291585 0 0 0.220769  0 0 0 0 0 0  
131.004 3.058 0.0242171 -2.74632 0 2 0 0 -2.7499  -2.86037 0 1.6589 0 0 -2.92502  -0.0496167 0 0.0347977 0 0 -0.0395485  0.163669 0 0.306305 0 0 0.214667  0 0 0 0 0 0  
131.947 3.08081 0.0240455 -2.78794 0 2 0 0 -2.70494  -2.92139 0 1.66666 0 0 -2.8928  -0.0460187 0 0.0286376 0 0 -0.039083  0.179469 0 0.304705 0 0 0.226944  0 0 0 0 0 0  
132.889 3.10335 0.0241341 -2.90666 0 2 0 0 -2.77006  -3.02272 0 1.68367 0 0 -2.94584  -0.0435557 0 0.0266485 0 0 -0.0300073  0.159618 0 0.289686 0 0 0.205788  0 0 0 0 0 0  
133.832 3.12567 0.0233456 -2.94291 0 2 0 0 -2.82049  -3.0484 0 1.69531 0 0 -2.98602  -0.0417471 0 0.0277875 0 0 -0.0335688  0.14724 0 0.276898 0 0 0.199099  0 0 0 0 0 0  
134.774 3.14776 0.0230878 -3.01672 0 2 0 0 -2.82091  -3.11586 0 1.69192 0 0 -2.9879  -0.0454269 0 0.0280185 0 0 -0.033544  0.144562 0 0.280064 0 0 0.200537  0 0 0 0 0 0  
135.717 3.16949 0.0225469 -3.04703 0 2 0 0 -2.80038  -3.14134 0 1.7013 0 0 -2.94961  -0.0327007 0 0.0307353 0 0 -0.0298518  0.127013 0 0.267966 0 0 0.179076  0 0 0 0 0 0  
136.659 3.19127 0.0231032 -2.99854 0 2 0 0 -2.80937  -3.09086 0 1.68783 0 0 -2.95704  -0.0361087 0 0.0279033 0 0 -0.0367919  0.128437 0 0.284263 0 0 0.18446  0 0 0 0 0 0  
137.602 3.21305 0.0229517 -2.99993 0 2 0 0 -2.87786  -3.07853 0 1.68889 0 0 -3.01215  -0.0364397 0 0.0308544 0 0 -0.038389  0.115041 0 0.280252 0 0 0.172685  0 0 0 0 0 0  
138.544 3.23492 0.0233227 -2.99485 0 2 0 0 -2.90013  -3.07084 0 1.69645 0 0 -3.03878  -0.0366584 0 0.0294393 0 0 -0.0383563  0.112644 0 0.274114 0 0 0.177004  0 0 0 0 0 0  
139.487 3.25721 0.0238172 -3.00803 0 2 0 0 -2.87164  -3.07828 0 1.69539 0 0 -3.01823  -0.033503 0 0.0329316 0 0 -0.0298234  0.103757 0 0.271683 0 0 0.176411  0 0 0 0 0 0  
140.429 3.27956 0.0235205 -2.96839 0 2 0 0 -2.86304  -3.04472 0 1.68504 0 0 -3.02569  -0.0354801 0 0.0351499 0 0 -0.0317113  0.111813 0 0.27981 0 0 0.194357  0 0 0 0 0 0  
141.372 3.30222 0.0242854 -2.98054 0 2 0 0 -2.91065  -3.06579 0 1.67019 0 0 -3.08908  -0.0278282 0 0.0371945 0 0 -0.0273548  0.113084 0 0.292611 0 0 0.205785  0 0 0 0 0 0  
142.314 3.32485 0.023792 -2.99619 0 2 0 0 -2.95895  -3.10055 0 1.6655 0 0 -3.1235  -0.0419558 0 0.0376238 0 0 -0.0379528  0.146321 0 0.296872 0 0 0.202507  0 0 0 0 0 0  
143.257 3.34652 0.0215319 -2.99545 0 2 0 0 -3.0163  -3.10263 0 1.68201 0 0 -3.18366  -0.0523438 0 0.0324378 0 0 -0.0520543  0.159526 0 0.285555 0 0 0.219415  0 0 0 0 0 0  
144.199 3.36603 0.0197021 -3.05531 0 2 0 0 -3.07251  -3.15004 0 1.71086 0 0 -3.22529  -0.0355975 0 0.0290142 0 0 -0.0361402  0.130329 0 0.260129 0 0 0.188924  0 0 0 0 0 0  
145.142 3.38388 0.0183069 -3.13775 0 2 0 0 -3.14696  -3.22471 0 1.73859 0 0 -3.27138  -0.0341518 0 0.0267977 0 0 -0.0333015  0.12112 0 0.234614 0 0 0.157723  0 0 0 0 0 0  
146.084 3.40129 0.018303 -3.19616 0 2 0 0 -3.24088  -3.28084 0 1.74187 0 0 -3.35524  -0.0364677 0 0.0241459 0 0 -0.034014  0.121148 0 0.233979 0 0 0.148375  0 0 0 0 0 0  
147.027 3.41888 0.0191727 -3.16316 0 2 0 0 -3.26084  -3.23745 0 1.74649 0 0 -3.37132  -0.0335228 0 0.0276202 0 0 -0.0264212  0.107819 0 0.225889 0 0 0.136898  0 0 0 0 0 0  
147.969 3.43688 0.0189725 -3.1098 0 2 0 0 -3.24998  -3.1848 0 1.7436 0 0 -3.36521  -0.0294387 0 0.0316645 0 0 -0.0213439  0.104437 0 0.224739 0 0 0.136575  0 0 0 0 0 0  
148.911 3.45453 0.0189201 -3.1097 0 2 0 0 -3.17375  -3.19791 0 1.73525 0 0 -3.31998  -0.0367828 0 0.0309399 0 0 -0.0278574  0.124997 0 0.233812 0 0 0.174081  0 0 0 0 0 0  
149.854 3.47209 0.0182793 -3.17008 0 2 0 0 -3.15645  -3.24973 0 1.74995 0 0 -3.29277  -0.0361607 0 0.0298302 0 0 -0.0283634  0.115808 0 0.220221 0 0 0.164683  0 0 0 0 0 0  
150.796 3.48929 0.0182243 -3.20259 0 2 0 0 -3.17164  -3.274 0 1.7573 0 0 -3.2934  -0.0296048 0 0.0301188 0 0 -0.0234895  0.101007 0 0.212582 0 0 0.145257  0 0 0 0 0 0  
151.739 3.50699 0.019099 -3.22513 0 2 0 0 -3.14047  -3.29682 0 1.74779 0 0 -3.25139  -0.0355025 0 0.0320254 0 0 -0.0250718  0.107193 0 0.220187 0 0 0.135987  0 0 0 0 0 0  
152.681 3.52547 0.0204584 -3.16829 0 2 0 0 -3.11592  -3.24929 0 1.7226 0 0 -3.23288  -0.0405541 0 0.0330213 0 0 -0.0291246  0.121556 0 0.244383 0 0 0.146079  0 0 0 0 0 0  
153.624 3.54517 0.0207031 -3.12215 0 2 0 0 -3.05776  -3.20223 0 1.72473 0 0 -3.17843  -0.0398637 0 0.0347017 0 0 -0.0305611  0.119944 0 0.240565 0 0 0.151234  0 0 0 0 0 0  
154.566 3.56471 0.0209293 -3.05506 0 2 0 0 -3.04161  -3.14116 0 1.7162 0 0 -3.16993  -0.0466789 0 0.0331717 0 0 -0.0305615  0.132775 0 0.250631 0 0 0.158883  0 0 0 0 0 0  
155.509 3.5847 0.0215242 -3.0744 0 2 0 0 -3.02951  -3.16565 0 1.71659 0 0 -3.15601  -0.0371003 0 0.0355347 0 0 -0.0240314  0.128354 0 0.24788 0 0 0.150527  0 0 0 0 0 0  
156.451 3.60512 0.0218973 -3.16558 0 2 0 0 -3.12065  -3.24894 0 1.70906 0 0 -3.24497  -0.0366932 0 0.0364002 0 0 -0.0205129  0.12005 0 0.254538 0 0 0.144834  0 0 0 0 0 0  
157.394 3.62561 0.0216321 -3.28755 0 2 0 0 -3.20334  -3.36954 0 1.71662 0 0 -3.31267  -0.0413506 0 0.0376416 0 0 -0.0203109  0.123336 0 0.245737 0 0 0.129642  0 0 0 0 0 0  
158.336 3.64534 0.0202046 -3.34826 0 2 0 0 -3.22806  -3.42003 0 1.7433 0 0 -3.33919  -0.0385306 0 0.0350471 0 0 -0.0213491  0.110296 0 0.221655 0 0 0.132476  0 0 0 0 0 0  
159.279 3.66402 0.0197153 -3.38276 0 2 0 0 -3.19118  -3.4679 0 1.75219 0 0 -3.3328  -0.0336964 0 0.0309008 0 0 -0.0200744  0.118833 0 0.216908 0 0 0.161697  0 0 0 0 0 0  
160.221 3.6827 0.0201826 -3.41776 0 2 0 0 -3.24242  -3.4994 0 1.74952 0 0 -3.36229  -0.0327456 0 0.0350203 0 0 -0.0216753  0.114385 0 0.215456 0 0 0.141538  0 0 0 0 0 0  
161.164 3.70198 0.020802 -3.40602 0 2 0 0 -3.23745  -3.48675 0 1.74478 0 0 -3.35242  -0.0347483 0 0.0357382 0 0 -0.0201174  0.115478 0 0.219486 0 0 0.135087  0 0 0 0 0 0  
162.106 3.7219 0.0214146 -3.31011 0 2 0 0 -3.12005  -3.40494 0 1.72444 0 0 -3.26933  -0.0359578 0 0.0368873 0 0 -0.0155417  0.130783 0 0.238676 0 0 0.164823  0 0 0 0 0 0  
163.049 3.742 0.0213108 -3.20553 0 2 0 0 -3.08566  -3.33498 0 1.71869 0 0 -3.25234  -0.0351024 0 0.0320235 0 0 -0.0228748  0.164558 0 0.249286 0 0 0.189552  0 0 0 0 0 0  
163.991 3.7629 0.0231287 -3.07897 0 2 0 0 -3.08969  -3.20014 0 1.70788 0 0 -3.25465  -0.0388519 0 0.033783 0 0 -0.0156721  0.16002 0 0.258333 0 0 0.180637  0 0 0 0 0 0  
164.934 3.78504 0.0236788 -2.97495 0 2 0 0 -3.03272  -3.11457 0 1.6901 0 0 -3.19982  -0.0453316 0 0.0314402 0 0 -0.0273228  0.184953 0 0.278464 0 0 0.194424  0 0 0 0 0 0  
165.876 3.80805 0.0247414 -2.89135 0 2 0 0 -2.99173  -3.00961 0 1.66972 0 0 -3.16046  -0.0522606 0 0.0375889 0 0 -0.0313713  0.170517 0 0.29269 0 0 0.200099  0 0 0 0 0 0  
166.819 3.83201 0.0258693 -2.86487 0 2 0 0 -3.01709  -2.98421 0 1.66074 0 0 -3.19805  -0.0584449 0 0.0393748 0 0 -0.0351248  0.177787 0 0.299884 0 0 0.216081  0 0 0 0 0 0  
167.761 3.85655 0.0262852 -2.96733 0 2 0 0 -2.95787  -3.09146 0 1.63704 0 0 -3.1544  -0.0578067 0 0.0332486 0 0 -0.0406869  0.181935 0 0.32971 0 0 0.237211  0 0 0 0 0 0  
168.704 3.88195 0.0273849 -3.06383 0 2 0 0 -2.88493  -3.19051 0 1.63907 0 0 -3.07655  -0.0570387 0 0.0357255 0 0 -0.0560393  0.183718 0 0.3252 0 0 0.247666  0 0 0 0 0 0  
169.646 3.90781 0.0270217 -3.12711 0 2 0 0 -2.82177  -3.25133 0 1.62138 0 0 -3.01384  -0.0631231 0 0.0362651 0 0 -0.067207  0.18735 0 0.342359 0 0 0.259279  0 0 0 0 0 0  
170.588 3.93357 0.0277866 -3.18588 0 2 0 0 -2.78677  -3.30616 0 1.61166 0 0 -2.98518  -0.073064 0 0.0334591 0 0 -0.0688595  0.193344 0 0.35488 0 0 0.26727  0 0 0 0 0 0  
171.531 3.95934 0.0273706 -3.16491 0 2 0 0 -2.78927  -3.29509 0 1.63323 0 0 -2.98495  -0.0578774 0 0.0356615 0 0 -0.0453798  0.188055 0 0.331108 0 0 0.241063  0 0 0 0 0 0  
172.473 3.98409 0.0260581 -3.19201 0 2 0 0 -2.85101  -3.31525 0 1.66246 0 0 -3.02844  -0.0435647 0 0.0338511 0 0 -0.0352477  0.166804 0 0.303684 0 0 0.212676  0 0 0 0 0 0  
173.416 4.00879 0.0265107 -3.17436 0 2 0 0 -2.82924  -3.29239 0 1.65447 0 0 -3.0053  -0.0468129 0 0.0331769 0 0 -0.034244  0.164844 0 0.312353 0 0 0.21031  0 0 0 0 0 0  
174.358 4.03438 0.0280256 -3.09125 0 2 0 0 -2.75128  -3.22042 0 1.6163 0 0 -2.93882  -0.0564698 0 0.0347094 0 0 -0.049149  0.185637 0 0.348991 0 0 0.236691  0 0 0 0 0 0  
175.301 4.06055 0.0275149 -2.95756 0 2 0 0 -2.55133  -3.09385 0 1.61971 0 0 -2.76535  -0.0493761 0 0.0360768 0 0 -0.0528325  0.185665 0 0.34421 0 0 0.266846  0 0 0 0 0 0  
176.243 4.08593 0.0258185 -2.96061 0 2 0 0 -2.37622  -3.0964 0 1.63051 0 0 -2.58934  -0.0520994 0 0.0322801 0 0 -0.0433375  0.187885 0 0.337208 0 0 0.256449  0 0 0 0 0 0  
177.186 4.10881 0.0232383 -3.0497 0 2 0 0 -2.41233  -3.17959 0 1.66242 0 0 -2.60706  -0.0455736 0 0.0288489 0 0 -0.0453302  0.175463 0 0.30873 0 0 0.240051  0 0 0 0 0 0  
178.128 4.13026 0.0226421 -3.15753 0 2 0 0 -2.5362  -3.27043 0 1.67731 0 0 -2.70996  -0.0417478 0 0.0322801 0 0 -0.0385326  0.154649 0 0.290407 0 0 0.212291  0 0 0 0 0 0  
179.071 4.15133 0.0222487 -3.19336 0 2 0 0 -2.68458  -3.3003 0 1.69557 0 0 -2.83474  -0.0337771 0 0.0357637 0 0 -0.03591  0.140712 0 0.268669 0 0 0.18607  0 0 0 0 0 0  
180.013 4.1731 0.0231851 -3.1609 0 2 0 0 -2.7904  -3.27692 0 1.6918 0 0 -2.97017  -0.0255066 0 0.0343421 0 0 -0.0360041  0.141527 0 0.273857 0 0 0.215777  0 0 0 0 0 0  
180.956 4.19507 0.0234485 -3.17146 0 2 0 0 -2.82629  -3.28485 0 1.68971 0 0 -2.9878  -0.0305746 0 0.0324923 0 0 -0.038167  0.143959 0 0.2778 0 0 0.199678  0 0 0 0 0 0  
181.898 4.217 0.0235168 -3.12308 0 2 0 0 -2.83011  -3.23564 0 1.69876 0 0 -2.98408  -0.0341838 0 0.0311986 0 0 -0.031645  0.146746 0 0.270038 0 0 0.185609  0 0 0 0 0 0  
182.841 4.23936 0.0239463 -3.13821 0 2 0 0 -2.77144  -3.2487 0 1.68991 0 0 -2.92901  -0.0338822 0 0.0325462 0 0 -0.0224049  0.144371 0 0.277547 0 0 0.179978  0 0 0 0 0 0  
183.783 4.26235 0.0249641 -3.1804 0 2 0 0 -2.77753  -3.28313 0 1.67749 0 0 -2.92326  -0.042372 0 0.0323451 0 0 -0.0272919  0.145103 0 0.290161 0 0 0.173023  0 0 0 0 0 0  
184.726 4.28631 0.0259915 -3.24044 0 2 0 0 -2.77082  -3.32525 0 1.65309 0 0 -2.91565  -0.0419688 0 0.0395964 0 0 -0.0343645  0.126779 0 0.307314 0 0 0.179188  0 0 0 0 0 0  
185.668 4.31077 0.0256728 -3.16701 0 2 0 0 -2.67017  -3.25102 0 1.65159 0 0 -2.82343  -0.0451621 0 0.0364203 0 0 -0.0345313  0.129179 0 0.31199 0 0 0.187786  0 0 0 0 0 0  
186.611 4.33527 0.0261961 -3.10537 0 2 0 0 -2.68178  -3.2038 0 1.6508 0 0 -2.85371  -0.0434228 0 0.0354525 0 0 -0.0452319  0.141861 0 0.313746 0 0 0.217171  0 0 0 0 0 0  
187.553 4.36007 0.025546 -3.02156 0 2 0 0 -2.7267  -3.13423 0 1.64071 0 0 -2.90172  -0.0428078 0 0.0379456 0 0 -0.0536969  0.155476 0 0.321347 0 0 0.228721  0 0 0 0 0 0  
188.496 4.38383 0.0248122 -2.90132 0 2 0 0 -2.79687  -3.0521 0 1.61936 0 0 -2.9999  -0.0513739 0 0.0382427 0 0 -0.0597403  0.202154 0 0.342398 0 0 0.262768  0 0 0 0 0 0  
189.438 4.40672 0.0235157 -2.89633 0 2 0 0 -2.80505  -3.04073 0 1.65576 0 0 -3.00976  -0.034436 0 0.0363451 0 0 -0.0466373  0.178836 0 0.307894 0 0 0.251352  0 0 0 0 0 0  
190.381 4.42812 0.021998 -2.98569 0 2 0 0 -2.84432  -3.11583 0 1.67867 0 0 -3.03284  -0.0353737 0 0.0327359 0 0 -0.0362036  0.165514 0 0.288592 0 0 0.224721  0 0 0 0 0 0  
191.323 4.44909 0.0219268 -3.00167 0 2 0 0 -2.83848  -3.13792 0 1.67838 0 0 -3.02548  -0.0329171 0 0.0363012 0 0 -0.0294914  0.169173 0 0.285319 0 0 0.21649  0 0 0 0 0 0  
192.265 4.46992 0.0225415 -3.0744 0 2 0 0 -2.82681  -3.19926 0 1.68158 0 0 -3.01762  -0.0279649 0 0.0367573 0 0 -0.0232957  0.152824 0 0.28166 0 0 0.214102  0 0 0 0 0 0  
193.208 4.49193 0.0242055 -3.12248 0 2 0 0 -2.79065  -3.25661 0 1.65712 0 0 -2.9937  -0.0360134 0 0.0343245 0 0 -0.0305372  0.170139 0 0.308557 0 0 0.23358  0 0 0 0 0 0  
194.15 4.51515 0.0247935 -3.15662 0 2 0 0 -2.70348  -3.29696 0 1.64252 0 0 -2.89197  -0.0377434 0 0.0320826 0 0 -0.0386086  0.178087 0 0.325397 0 0 0.227102  0 0 0 0 0 0  
195.093 4.53822 0.0244302 -3.14142 0 2 0 0 -2.74079  -3.27746 0 1.65588 0 0 -2.92738  -0.0403289 0 0.0306954 0 0 -0.035649  0.176362 0 0.313426 0 0 0.222236  0 0 0 0 0 0  
196.035 4.56186 0.0257329 -3.03583 0 2 0 0 -2.79219  -3.19729 0 1.64032 0 0 -3.00988  -0.0452532 0 0.0304019 0 0 -0.0420793  0.20671 0 0.32928 0 0 0.259768  0 0 0 0 0 0  
196.978 4.58669 0.0268192 -2.935 0 2 0 0 -2.80912  -3.10641 0 1.61728 0 0 -3.03339  -0.0568274 0 0.0328439 0 0 -0.050713  0.22823 0 0.349875 0 0 0.274987  0 0 0 0 0 0  
197.92 4.61271 0.0281199 -2.82289 0 2 0 0 -2.77782  -2.98049 0 1.60902 0 0 -2.98086  -0.0568617 0 0.0406645 0 0 -0.0511516  0.214457 0 0.350319 0 0 0.254191  0 0 0 0 0 0  
198.863 4.63892 0.0277713 -2.77548 0 2 0 0 -2.77677  -2.91679 0 1.6144 0 0 -2.97095  -0.0654761 0 0.0380739 0 0 -0.05529  0.206792 0 0.347531 0 0 0.249465  0 0 0 0 0 0  
199.805 4.66468 0.0268214 -2.70715 0 2 0 0 -2.8108  -2.83033 0 1.63214 0 0 -2.99794  -0.0598409 0 0.0392807 0 0 -0.0491791  0.183013 0 0.328576 0 0 0.236317  0 0 0 0 0 0  
200.748 4.68923 0.0256948 -2.68888 0 2 0 0 -2.85337  -2.81248 0 1.65437 0 0 -3.00842  -0.0533158 0 0.0351609 0 0 -0.0586045  0.17691 0 0.310469 0 0 0.213658  0 0 0 0 0 0  
201.69 4.71338 0.0258954 -2.71216 0 2 0 0 -2.88428  -2.85325 0 1.65297 0 0 -3.04706  -0.0500971 0 0.0301956 0 0 -0.054318  0.191181 0 0.316833 0 0 0.217091  0 0 0 0 0 0  
202.633 4.73853 0.0270844 -2.64704 0 2 0 0 -2.89221  -2.79916 0 1.63159 0 0 -3.07617  -0.0524798 0 0.0292313 0 0 -0.0607711  0.2046 0 0.339181 0 0 0.244726  0 0 0 0 0 0  
203.575 4.76373 0.0263818 -2.67903 0 2 0 0 -3.00531  -2.80343 0 1.648 0 0 -3.17716  -0.0508121 0 0.0309657 0 0 -0.0613444  0.175212 0 0.321031 0 0 0.233194  0 0 0 0 0 0  
204.518 4.78877 0.0269358 -2.73645 0 2 0 0 -3.0663  -2.87116 0 1.63438 0 0 -3.25657  -0.0540441 0 0.0294807 0 0 -0.0609782  0.188755 0 0.336143 0 0 0.251251  0 0 0 0 0 0  
205.46 4.81301 0.0245078 -2.85348 0 2 0 0 -3.16597  -2.97928 0 1.66529 0 0 -3.3355  -0.0553077 0 0.028951 0 0 -0.0642221  0.181107 0 0.305761 0 0 0.23375  0 0 0 0 0 0  
206.403 4.83549 0.0231935 -3.01052 0 2 0 0 -3.22538  -3.13299 0 1.69073 0 0 -3.3986  -0.0528034 0 0.0248931 0 0 -0.0565308  0.175281 0 0.284379 0 0 0.22975  0 0 0 0 0 0  
207.345 4.85706 0.0225051 -3.12796 0 2 0 0 -3.28647  -3.23787 0 1.71887 0 0 -3.44384  -0.0368626 0 0.0229601 0 0 -0.0389199  0.146772 0 0.258171 0 0 0.19629  0 0 0 0 0 0  
208.288 4.87757 0.0212909 -3.27092 0 2 0 0 -3.39977  -3.3753 0 1.73466 0 0 -3.54334  -0.0318136 0 0.0235942 0 0 -0.0323219  0.136199 0 0.241744 0 0 0.175896  0 0 0 0 0 0  
209.23 4.89705 0.0203066 -3.43118 0 2 0 0 -3.43743  -3.52539 0 1.75069 0 0 -3.58875  -0.0302656 0 0.0236905 0 0 -0.024246  0.124475 0 0.225618 0 0 0.175569  0 0 0 0 0 0  
210.173 4.91605 0.0205923 -3.47951 0 2 0 0 -3.43674  -3.56694 0 1.74887 0 0 -3.59083  -0.0328753 0 0.0255662 0 0 -0.0234034  0.120308 0 0.225566 0 0 0.177501  0 0 0 0 0 0  
211.115 4.93572 0.0212535 -3.51438 0 2 0 0 -3.43515  -3.59428 0 1.73722 0 0 -3.58626  -0.0333565 0 0.028314 0 0 -0.0240135  0.113253 0 0.234464 0 0 0.175127  0 0 0 0 0 0  
212.058 4.95644 0.0217941 -3.48107 0 2 0 0 -3.42505  -3.5559 0 1.73366 0 0 -3.57131  -0.0348816 0 0.0331968 0 0 -0.0209401  0.109709 0 0.233146 0 0 0.167194  0 0 0 0 0 0  
213 4.97695 0.0221668 -3.45219 0 2 0 0 -3.33729  -3.53203 0 1.715 0 0 -3.48331  -0.0381943 0 0.0341313 0 0 -0.0251083  0.118029 0 0.250869 0 0 0.171126  0 0 0 0 0 0  
213.942 4.99831 0.0225045 -3.40931 0 2 0 0 -3.1615  -3.50925 0 1.7033 0 0 -3.33228  -0.0389887 0 0.0350883 0 0 -0.019535  0.13893 0 0.261611 0 0 0.19032  0 0 0 0 0 0  
214.885 5.02024 0.023862 -3.31539 0 2 0 0 -2.95817  -3.43888 0 1.67096 0 0 -3.15466  -0.0482947 0 0.0347018 0 0 -0.0293217  0.171788 0 0.294339 0 0 0.225807  0 0 0 0 0 0  
