# LF_DEM version v3.0-126-gb72fb1a
# np 1000
# VF 0.76
# Lx 73.993
# Ly 0
# Lz 73.993
# flow_type shear
# data in cl units.
#1: time
#2: cumulated strain
#3: shear rate
#4-9: total stress tensor (xx, xy, xz, yz, yy, zz)
#10-15: contact stress tensor (xx, xy, xz, yz, yy, zz)
#16-21: dashpot stress tensor (xx, xy, xz, yz, yy, zz)
#22-27: hydro stress tensor (xx, xy, xz, yz, yy, zz)
#28-33: repulsion stress tensor (xx, xy, xz, yz, yy, zz)

0.00471239 0.000421159 0.0893728 -5.09178 0 4 0 0 -4.59274  -5.6252 0 2.78867 0 0 -5.47448  -0.155277 0 0.095901 0 0 -0.169464  0.688693 0 1.11543 0 0 1.0512  0 0 0 0 0 0  
0.471239 0.0244903 0.0447632 -5.2721 0 4 0 0 -4.80839  -5.53445 0 3.36592 0 0 -5.2219  -0.106684 0 0.0429513 0 0 -0.0926  0.369031 0 0.591124 0 0 0.506113  0 0 0 0 0 0  
0.942478 0.0448043 0.041803 -5.67259 0 4 0 0 -5.28109  -5.87381 0 3.41223 0 0 -5.595  -0.0851307 0 0.0528962 0 0 -0.0878945  0.286347 0 0.53487 0 0 0.401801  0 0 0 0 0 0  
1.41372 0.0640036 0.0394885 -6.10946 0 4 0 0 -5.59158  -6.27829 0 3.45575 0 0 -5.86761  -0.0678047 0 0.0558285 0 0 -0.070053  0.236629 0 0.488419 0 0 0.346076  0 0 0 0 0 0  
1.88496 0.0824859 0.0387476 -6.3883 0 4 0 0 -5.84112  -6.54065 0 3.48842 0 0 -6.12107  -0.056191 0 0.0542969 0 0 -0.0537823  0.208545 0 0.457279 0 0 0.333732  0 0 0 0 0 0  
2.35619 0.0999526 0.0360882 -6.57459 0 4 0 0 -6.10067  -6.70127 0 3.53532 0 0 -6.32258  -0.0532709 0 0.0523315 0 0 -0.0437524  0.179955 0 0.412344 0 0 0.265665  0 0 0 0 0 0  
2.82743 0.116776 0.0348464 -6.73053 0 4 0 0 -6.22834  -6.8344 0 3.54109 0 0 -6.41248  -0.0681667 0 0.0548162 0 0 -0.0548888  0.172041 0 0.404093 0 0 0.239032  0 0 0 0 0 0  
3.29867 0.133265 0.0344456 -6.7323 0 4 0 0 -6.36096  -6.834 0 3.56983 0 0 -6.55709  -0.0586639 0 0.0529576 0 0 -0.0474061  0.160364 0 0.377214 0 0 0.243545  0 0 0 0 0 0  
3.76991 0.149143 0.0330453 -6.84461 0 4 0 0 -6.50446  -6.94543 0 3.59499 0 0 -6.67389  -0.0572465 0 0.0508264 0 0 -0.0490007  0.158064 0 0.354184 0 0 0.218436  0 0 0 0 0 0  
4.24115 0.164587 0.0319426 -6.82715 0 4 0 0 -6.66679  -6.91084 0 3.61528 0 0 -6.81099  -0.0597782 0 0.0479186 0 0 -0.0497398  0.143467 0 0.3368 0 0 0.193943  0 0 0 0 0 0  
4.71239 0.179864 0.0325162 -6.69803 0 4 0 0 -6.52985  -6.77464 0 3.6125 0 0 -6.68422  -0.0555833 0 0.0477898 0 0 -0.0467233  0.132198 0 0.339709 0 0 0.201098  0 0 0 0 0 0  
5.18363 0.195104 0.0325302 -6.72715 0 4 0 0 -6.39989  -6.79846 0 3.60303 0 0 -6.58821  -0.055358 0 0.0479408 0 0 -0.0440554  0.126675 0 0.34903 0 0 0.232375  0 0 0 0 0 0  
5.65487 0.21049 0.0322488 -6.71528 0 4 0 0 -6.31697  -6.80802 0 3.60049 0 0 -6.51165  -0.0604844 0 0.045169 0 0 -0.0381585  0.153223 0 0.354337 0 0 0.232829  0 0 0 0 0 0  
6.12611 0.225651 0.0318788 -6.73185 0 4 0 0 -6.24926  -6.83864 0 3.59886 0 0 -6.45561  -0.0592592 0 0.0398276 0 0 -0.0512812  0.16605 0 0.361311 0 0 0.257629  0 0 0 0 0 0  
6.59734 0.240275 0.0309139 -6.72549 0 4 0 0 -6.32948  -6.81596 0 3.60298 0 0 -6.51135  -0.0585339 0 0.0420954 0 0 -0.0416192  0.149009 0 0.354924 0 0 0.223486  0 0 0 0 0 0  
7.06858 0.254863 0.0306669 -6.93952 0 4 0 0 -6.46181  -7.0217 0 3.60533 0 0 -6.62514  -0.0571205 0 0.0451755 0 0 -0.0408733  0.139303 0 0.349499 0 0 0.204206  0 0 0 0 0 0  
7.53982 0.269278 0.030956 -7.08883 0 4 0 0 -6.50444  -7.17233 0 3.60345 0 0 -6.64802  -0.0549895 0 0.0470268 0 0 -0.0401501  0.138488 0 0.349523 0 0 0.183739  0 0 0 0 0 0  
8.01106 0.283982 0.031396 -7.15295 0 4 0 0 -6.53327  -7.24123 0 3.5997 0 0 -6.67307  -0.0566087 0 0.054488 0 0 -0.0308658  0.144887 0 0.345813 0 0 0.170668  0 0 0 0 0 0  
8.4823 0.298817 0.0310129 -7.05118 0 4 0 0 -6.47778  -7.14424 0 3.59366 0 0 -6.64042  -0.0653389 0 0.0475464 0 0 -0.0510286  0.158402 0 0.358797 0 0 0.213668  0 0 0 0 0 0  
8.95354 0.313101 0.029338 -7.07198 0 4 0 0 -6.42999  -7.15818 0 3.61926 0 0 -6.57435  -0.0655915 0 0.0458918 0 0 -0.0500869  0.151794 0 0.334853 0 0 0.19445  0 0 0 0 0 0  
9.42478 0.326502 0.0276401 -7.23042 0 4 0 0 -6.58174  -7.31657 0 3.63768 0 0 -6.74335  -0.0606778 0 0.0385147 0 0 -0.051679  0.146832 0 0.323805 0 0 0.213282  0 0 0 0 0 0  
9.89602 0.339202 0.0262317 -7.26775 0 4 0 0 -6.72625  -7.34666 0 3.68165 0 0 -6.85681  -0.0517075 0 0.0384881 0 0 -0.0293614  0.130622 0 0.27986 0 0 0.159924  0 0 0 0 0 0  
10.3673 0.35094 0.0235653 -7.28951 0 4 0 0 -6.88777  -7.35795 0 3.7304 0 0 -6.99806  -0.0327599 0 0.0348554 0 0 -0.0216171  0.101203 0 0.234746 0 0 0.13191  0 0 0 0 0 0  
10.8385 0.361973 0.0234516 -7.26905 0 4 0 0 -6.96109  -7.34677 0 3.7165 0 0 -7.08995  -0.0318464 0 0.0359141 0 0 -0.0267812  0.10957 0 0.24759 0 0 0.155642  0 0 0 0 0 0  
11.3097 0.372952 0.0229746 -7.48237 0 4 0 0 -7.26563  -7.55573 0 3.7237 0 0 -7.37868  -0.0321281 0 0.0352468 0 0 -0.0281205  0.105482 0 0.241056 0 0 0.141171  0 0 0 0 0 0  
11.781 0.383544 0.021897 -7.75142 0 4 0 0 -7.64492  -7.82642 0 3.74604 0 0 -7.75092  -0.0307938 0 0.0325395 0 0 -0.0301952  0.105794 0 0.22142 0 0 0.136194  0 0 0 0 0 0  
12.2522 0.393931 0.0227615 -7.92056 0 4 0 0 -7.86587  -7.99816 0 3.74776 0 0 -7.97224  -0.0278895 0 0.0327332 0 0 -0.0285342  0.105486 0 0.21951 0 0 0.134899  0 0 0 0 0 0  
12.7235 0.404654 0.0229821 -8.18092 0 4 0 0 -8.0354  -8.25501 0 3.74942 0 0 -8.14497  -0.0266028 0 0.0338457 0 0 -0.0239644  0.100699 0 0.216738 0 0 0.133535  0 0 0 0 0 0  
13.1947 0.415552 0.0238676 -8.33908 0 4 0 0 -8.07373  -8.41291 0 3.74832 0 0 -8.17824  -0.0260698 0 0.0345896 0 0 -0.025586  0.0999069 0 0.217094 0 0 0.130095  0 0 0 0 0 0  
13.6659 0.426678 0.0237558 -8.38082 0 4 0 0 -8.02843  -8.4452 0 3.74683 0 0 -8.11827  -0.0217501 0 0.0370463 0 0 -0.0198788  0.0861284 0 0.216124 0 0 0.109728  0 0 0 0 0 0  
14.1372 0.438305 0.0251651 -8.15809 0 4 0 0 -7.96139  -8.23217 0 3.72613 0 0 -8.05134  -0.0274324 0 0.0372118 0 0 -0.0263415  0.101508 0 0.236662 0 0 0.116292  0 0 0 0 0 0  
14.6084 0.450505 0.0264709 -7.76034 0 4 0 0 -7.73574  -7.84957 0 3.6969 0 0 -7.83456  -0.0264169 0 0.0432867 0 0 -0.022644  0.115641 0 0.25981 0 0 0.121466  0 0 0 0 0 0  
15.0796 0.463327 0.0274376 -7.56781 0 4 0 0 -7.52426  -7.66099 0 3.67874 0 0 -7.6061  -0.0273167 0 0.045392 0 0 -0.0275176  0.1205 0 0.275866 0 0 0.109355  0 0 0 0 0 0  
15.5509 0.476369 0.027598 -7.56292 0 4 0 0 -7.40722  -7.64025 0 3.66953 0 0 -7.47887  -0.0286002 0 0.0467668 0 0 -0.0234726  0.105921 0 0.283704 0 0 0.095118  0 0 0 0 0 0  
16.0221 0.48932 0.0270592 -7.56037 0 4 0 0 -7.37783  -7.64514 0 3.67911 0 0 -7.45672  -0.0217499 0 0.0434791 0 0 -0.0231399  0.106519 0 0.277409 0 0 0.102025  0 0 0 0 0 0  
16.4934 0.502046 0.0268233 -7.50923 0 4 0 0 -7.28003  -7.60457 0 3.66595 0 0 -7.37419  -0.0318563 0 0.0436168 0 0 -0.0287578  0.127188 0 0.290438 0 0 0.12292  0 0 0 0 0 0  
16.9646 0.514648 0.027265 -7.3622 0 4 0 0 -7.16902  -7.46309 0 3.66184 0 0 -7.29514  -0.0326111 0 0.0472206 0 0 -0.0327751  0.133502 0 0.290938 0 0 0.158889  0 0 0 0 0 0  
17.4358 0.527309 0.0271033 -7.20087 0 4 0 0 -7.1225  -7.29654 0 3.66228 0 0 -7.23973  -0.0273603 0 0.0465233 0 0 -0.0284252  0.123032 0 0.291196 0 0 0.145656  0 0 0 0 0 0  
17.9071 0.53978 0.0255406 -7.26858 0 4 0 0 -7.28365  -7.35558 0 3.68053 0 0 -7.39206  -0.0332409 0 0.0448092 0 0 -0.0343185  0.120244 0 0.274662 0 0 0.142721  0 0 0 0 0 0  
18.3783 0.551905 0.0254482 -7.43054 0 4 0 0 -7.39565  -7.51022 0 3.69874 0 0 -7.49924  -0.026097 0 0.0422328 0 0 -0.0288366  0.105779 0 0.259026 0 0 0.132432  0 0 0 0 0 0  
18.8496 0.563943 0.0258754 -7.50872 0 4 0 0 -7.5239  -7.58115 0 3.69608 0 0 -7.62589  -0.023751 0 0.0414157 0 0 -0.0323984  0.0961857 0 0.262506 0 0 0.134386  0 0 0 0 0 0  
19.3208 0.576228 0.0260447 -7.4825 0 4 0 0 -7.53955  -7.56395 0 3.69775 0 0 -7.64795  -0.0185988 0 0.0413894 0 0 -0.0230411  0.100049 0 0.260862 0 0 0.131436  0 0 0 0 0 0  
19.792 0.588607 0.0262581 -7.39622 0 4 0 0 -7.5221  -7.48169 0 3.69809 0 0 -7.62516  -0.0175259 0 0.0435797 0 0 -0.0171713  0.102995 0 0.258331 0 0 0.120226  0 0 0 0 0 0  
20.2633 0.601231 0.027612 -7.32117 0 4 0 0 -7.38854  -7.40908 0 3.66949 0 0 -7.50845  -0.0179746 0 0.0479221 0 0 -0.0206908  0.105879 0 0.282592 0 0 0.140597  0 0 0 0 0 0  
20.7345 0.614294 0.0269902 -7.18661 0 4 0 0 -7.26795  -7.28192 0 3.67247 0 0 -7.40587  -0.0214334 0 0.0443256 0 0 -0.0293118  0.116744 0 0.283199 0 0 0.167235  0 0 0 0 0 0  
21.2058 0.626911 0.0269102 -6.96953 0 4 0 0 -7.10323  -7.08863 0 3.66814 0 0 -7.27557  -0.0302284 0 0.0394062 0 0 -0.0240843  0.149331 0 0.292452 0 0 0.196419  0 0 0 0 0 0  
21.677 0.64007 0.0290381 -6.729 0 4 0 0 -6.81299  -6.86169 0 3.63461 0 0 -7.00461  -0.0323353 0 0.0434297 0 0 -0.0239678  0.165023 0 0.321959 0 0 0.21559  0 0 0 0 0 0  
22.1482 0.654471 0.0314461 -6.4808 0 4 0 0 -6.66349  -6.60431 0 3.59495 0 0 -6.86942  -0.0458069 0 0.0514485 0 0 -0.0269422  0.169312 0 0.353601 0 0 0.232873  0 0 0 0 0 0  
22.6195 0.669699 0.0326879 -6.56203 0 4 0 0 -6.55411  -6.69051 0 3.58487 0 0 -6.74261  -0.0462904 0 0.0581603 0 0 -0.0257256  0.174763 0 0.356966 0 0 0.214221  0 0 0 0 0 0  
23.0907 0.685417 0.0330093 -6.72612 0 4 0 0 -6.24569  -6.88138 0 3.58046 0 0 -6.4395  -0.048016 0 0.0504055 0 0 -0.0349897  0.203279 0 0.369137 0 0 0.228807  0 0 0 0 0 0  
23.5619 0.700666 0.0313847 -6.7807 0 4 0 0 -6.18982  -6.92741 0 3.58633 0 0 -6.39186  -0.0427482 0 0.0510705 0 0 -0.0332433  0.189455 0 0.362598 0 0 0.235281  0 0 0 0 0 0  
24.0332 0.714748 0.0292483 -6.84086 0 4 0 0 -6.04348  -6.99156 0 3.58876 0 0 -6.2506  -0.0591595 0 0.0439534 0 0 -0.0453801  0.209861 0 0.367286 0 0 0.252495  0 0 0 0 0 0  
24.5044 0.728303 0.0279124 -6.98686 0 4 0 0 -6.12398  -7.11518 0 3.62926 0 0 -6.29697  -0.0440941 0 0.0395736 0 0 -0.0416349  0.172409 0 0.331169 0 0 0.214628  0 0 0 0 0 0  
24.9757 0.74146 0.0277772 -7.04374 0 4 0 0 -6.23778  -7.16818 0 3.63791 0 0 -6.39858  -0.0498088 0 0.0418035 0 0 -0.039424  0.174255 0 0.320291 0 0 0.200232  0 0 0 0 0 0  
25.4469 0.754308 0.0272395 -6.97964 0 4 0 0 -6.25874  -7.0999 0 3.64484 0 0 -6.4148  -0.0462333 0 0.0348737 0 0 -0.036097  0.166492 0 0.320286 0 0 0.192157  0 0 0 0 0 0  
25.9181 0.766622 0.0252152 -6.96386 0 4 0 0 -6.16551  -7.07171 0 3.67695 0 0 -6.31123  -0.0463388 0 0.0362141 0 0 -0.0358709  0.154191 0 0.28684 0 0 0.181589  0 0 0 0 0 0  
26.3894 0.778441 0.0251757 -6.94033 0 4 0 0 -6.22093  -7.0398 0 3.67292 0 0 -6.36234  -0.0498188 0 0.0336948 0 0 -0.0374893  0.149291 0 0.293381 0 0 0.1789  0 0 0 0 0 0  
26.8606 0.790468 0.0256107 -7.05092 0 4 0 0 -6.26403  -7.14639 0 3.66413 0 0 -6.39902  -0.0561797 0 0.0375765 0 0 -0.0458218  0.15165 0 0.298291 0 0 0.180812  0 0 0 0 0 0  
27.3319 0.802243 0.0243209 -7.12639 0 4 0 0 -6.40564  -7.20974 0 3.69371 0 0 -6.52363  -0.0405046 0 0.0379724 0 0 -0.0409754  0.123859 0 0.268315 0 0 0.158965  0 0 0 0 0 0  
27.8031 0.813346 0.0229871 -7.27363 0 4 0 0 -6.43109  -7.35339 0 3.72208 0 0 -6.53916  -0.0331007 0 0.0341598 0 0 -0.0327904  0.112858 0 0.243756 0 0 0.140861  0 0 0 0 0 0  
28.2743 0.824348 0.0232949 -7.43681 0 4 0 0 -6.53694  -7.52855 0 3.72906 0 0 -6.64813  -0.0216134 0 0.0346486 0 0 -0.0253021  0.113362 0 0.236291 0 0 0.136489  0 0 0 0 0 0  
28.7456 0.835197 0.0232348 -7.4786 0 4 0 0 -6.61402  -7.57181 0 3.7283 0 0 -6.72649  -0.0197298 0 0.0333982 0 0 -0.0185438  0.112937 0 0.238298 0 0 0.131016  0 0 0 0 0 0  
29.2168 0.846515 0.0242559 -7.33311 0 4 0 0 -6.67042  -7.42902 0 3.71124 0 0 -6.77941  -0.0259029 0 0.033834 0 0 -0.0197659  0.121808 0 0.254931 0 0 0.128763  0 0 0 0 0 0  
29.6881 0.857914 0.0249982 -7.17514 0 4 0 0 -6.79103  -7.27143 0 3.69717 0 0 -6.91519  -0.0284044 0 0.0339549 0 0 -0.0199751  0.124695 0 0.268879 0 0 0.144144  0 0 0 0 0 0  
30.1593 0.869927 0.0257731 -7.02988 0 4 0 0 -6.83323  -7.12735 0 3.68547 0 0 -6.96669  -0.0334297 0 0.0352784 0 0 -0.0201441  0.130898 0 0.279251 0 0 0.15361  0 0 0 0 0 0  
30.6305 0.8825 0.0267901 -6.85058 0 4 0 0 -6.84013  -6.95058 0 3.67123 0 0 -6.99845  -0.0445673 0 0.0387564 0 0 -0.024013  0.144569 0 0.290016 0 0 0.182332  0 0 0 0 0 0  
31.1018 0.895018 0.0263447 -6.83286 0 4 0 0 -6.86408  -6.93057 0 3.68833 0 0 -7.01189  -0.0409422 0 0.0369842 0 0 -0.0223139  0.138654 0 0.274685 0 0 0.170124  0 0 0 0 0 0  
31.573 0.90755 0.0273549 -6.78832 0 4 0 0 -6.97641  -6.8689 0 3.67915 0 0 -7.11126  -0.0309145 0 0.0397787 0 0 -0.0204295  0.111493 0 0.281067 0 0 0.155278  0 0 0 0 0 0  
32.0442 0.920453 0.0282067 -6.73693 0 4 0 0 -6.88366  -6.84838 0 3.6433 0 0 -7.02921  -0.0271171 0 0.0440533 0 0 -0.0187071  0.138569 0 0.312647 0 0 0.164255  0 0 0 0 0 0  
32.5155 0.93366 0.0286089 -6.70019 0 4 0 0 -6.75774  -6.81373 0 3.62559 0 0 -6.911  -0.0320191 0 0.0446743 0 0 -0.0216637  0.145559 0 0.329735 0 0 0.174926  0 0 0 0 0 0  
32.9867 0.946588 0.0268838 -6.77905 0 4 0 0 -6.76944  -6.90195 0 3.63148 0 0 -6.92324  -0.0413527 0 0.0415731 0 0 -0.0277357  0.164258 0 0.326948 0 0 0.181542  0 0 0 0 0 0  
33.458 0.958792 0.0256375 -6.902 0 4 0 0 -6.78472  -7.01376 0 3.66144 0 0 -6.9226  -0.0390892 0 0.0403277 0 0 -0.0320888  0.150844 0 0.29823 0 0 0.169971  0 0 0 0 0 0  
33.9292 0.97069 0.0254675 -6.95339 0 4 0 0 -6.75429  -7.0662 0 3.66511 0 0 -6.89572  -0.0393668 0 0.0411069 0 0 -0.0320894  0.152179 0 0.293783 0 0 0.173524  0 0 0 0 0 0  
34.4004 0.982547 0.0256954 -6.92319 0 4 0 0 -6.69538  -7.04048 0 3.65904 0 0 -6.8298  -0.0370445 0 0.0436077 0 0 -0.0309923  0.15434 0 0.297354 0 0 0.165419  0 0 0 0 0 0  
34.8717 0.993478 0.0216666 -6.73583 0 4 0 0 -6.79905  -6.83991 0 3.70966 0 0 -6.90917  -0.0299956 0 0.0389366 0 0 -0.0303822  0.134075 0 0.251408 0 0 0.140503  0 0 0 0 0 0  
35.3429 1.00372 0.0219036 -6.71209 0 4 0 0 -6.91672  -6.82601 0 3.72196 0 0 -7.03194  -0.0249365 0 0.0347508 0 0 -0.0214054  0.138849 0 0.243285 0 0 0.136632  0 0 0 0 0 0  
35.8142 1.01419 0.0224752 -6.67844 0 4 0 0 -6.86003  -6.78202 0 3.72457 0 0 -6.96456  -0.0179256 0 0.0379369 0 0 -0.0193337  0.121506 0 0.237496 0 0 0.123861  0 0 0 0 0 0  
36.2854 1.02494 0.0227998 -6.59413 0 4 0 0 -6.75701  -6.69731 0 3.71222 0 0 -6.86779  -0.0284392 0 0.0362979 0 0 -0.0192392  0.131618 0 0.251484 0 0 0.130013  0 0 0 0 0 0  
36.7566 1.03623 0.0246867 -6.37697 0 4 0 0 -6.52984  -6.4961 0 3.67607 0 0 -6.66347  -0.0282692 0 0.0396292 0 0 -0.0235186  0.147404 0 0.284304 0 0 0.157149  0 0 0 0 0 0  
37.2279 1.04835 0.0263256 -6.19475 0 4 0 0 -6.35536  -6.31033 0 3.6423 0 0 -6.4926  -0.0291167 0 0.0421961 0 0 -0.025878  0.144696 0 0.315502 0 0 0.163123  0 0 0 0 0 0  
37.6991 1.0611 0.028294 -5.97401 0 4 0 0 -6.28901  -6.09118 0 3.6153 0 0 -6.43507  -0.0256672 0 0.049167 0 0 -0.0311423  0.142836 0 0.335537 0 0 0.177203  0 0 0 0 0 0  
38.1704 1.07474 0.028895 -5.75185 0 4 0 0 -6.25187  -5.8761 0 3.61948 0 0 -6.41459  -0.0281423 0 0.0462497 0 0 -0.0346927  0.15239 0 0.334271 0 0 0.197409  0 0 0 0 0 0  
38.6416 1.08845 0.029437 -5.72479 0 4 0 0 -6.21065  -5.85381 0 3.60784 0 0 -6.36522  -0.0350208 0 0.046626 0 0 -0.0397399  0.16404 0 0.345533 0 0 0.194306  0 0 0 0 0 0  
39.1128 1.10252 0.0303384 -5.67146 0 4 0 0 -6.08531  -5.81298 0 3.59892 0 0 -6.25476  -0.042722 0 0.045086 0 0 -0.0455157  0.184242 0 0.355993 0 0 0.214967  0 0 0 0 0 0  
39.5841 1.11685 0.030288 -5.4273 0 4 0 0 -6.00039  -5.56774 0 3.58576 0 0 -6.19109  -0.0409694 0 0.0377385 0 0 -0.046109  0.181411 0 0.376503 0 0 0.236809  0 0 0 0 0 0  
40.0553 1.13104 0.0294824 -5.33116 0 4 0 0 -6.13781  -5.44951 0 3.59236 0 0 -6.31613  -0.0444229 0 0.0355301 0 0 -0.0306537  0.162775 0 0.37211 0 0 0.208968  0 0 0 0 0 0  
40.5265 1.14508 0.0302065 -5.29553 0 4 0 0 -6.2264  -5.39399 0 3.58398 0 0 -6.39136  -0.0440337 0 0.0424482 0 0 -0.0313509  0.142498 0 0.373577 0 0 0.196316  0 0 0 0 0 0  
40.9978 1.15937 0.0303227 -5.13602 0 4 0 0 -6.27256  -5.2298 0 3.58366 0 0 -6.42589  -0.0441628 0 0.0433481 0 0 -0.0400911  0.13794 0 0.372993 0 0 0.193422  0 0 0 0 0 0  
41.469 1.17357 0.0297322 -5.00275 0 4 0 0 -6.4444  -5.13496 0 3.58562 0 0 -6.60579  -0.0454667 0 0.0416629 0 0 -0.0440507  0.177677 0 0.372715 0 0 0.205448  0 0 0 0 0 0  
41.9403 1.18786 0.0297587 -5.11786 0 4 0 0 -6.62088  -5.26182 0 3.5946 0 0 -6.776  -0.0607086 0 0.0349209 0 0 -0.0498127  0.204674 0 0.370478 0 0 0.204932  0 0 0 0 0 0  
42.4115 1.20129 0.0282826 -5.27066 0 4 0 0 -6.69496  -5.40074 0 3.62264 0 0 -6.83355  -0.0596235 0 0.0327185 0 0 -0.0468344  0.189699 0 0.344641 0 0 0.185432  0 0 0 0 0 0  
42.8827 1.21449 0.0277685 -5.46311 0 4 0 0 -6.77725  -5.58744 0 3.64219 0 0 -6.90582  -0.0511871 0 0.0344054 0 0 -0.0418071  0.17552 0 0.323402 0 0 0.170375  0 0 0 0 0 0  
43.354 1.22815 0.0296162 -5.61914 0 4 0 0 -6.82036  -5.74638 0 3.62953 0 0 -6.94572  -0.0465643 0 0.0353735 0 0 -0.040629  0.173802 0 0.335093 0 0 0.165987  0 0 0 0 0 0  
43.8252 1.24236 0.030466 -5.76423 0 4 0 0 -6.99314  -5.87104 0 3.6275 0 0 -7.10738  -0.0448667 0 0.0434996 0 0 -0.0390661  0.151677 0 0.328999 0 0 0.153307  0 0 0 0 0 0  
44.2965 1.25672 0.0304297 -5.89215 0 4 0 0 -7.12477  -5.99667 0 3.64004 0 0 -7.24001  -0.0434849 0 0.0467785 0 0 -0.0400518  0.148012 0 0.313183 0 0 0.155295  0 0 0 0 0 0  
44.7677 1.27133 0.030812 -6.01699 0 4 0 0 -7.07243  -6.12704 0 3.63093 0 0 -7.20606  -0.0497615 0 0.046372 0 0 -0.0443821  0.159809 0 0.322697 0 0 0.178007  0 0 0 0 0 0  
45.2389 1.28538 0.0285207 -6.28199 0 4 0 0 -7.05696  -6.36738 0 3.64541 0 0 -7.17813  -0.0506314 0 0.0471226 0 0 -0.0490077  0.136025 0 0.307469 0 0 0.170185  0 0 0 0 0 0  
45.7102 1.29855 0.0269251 -6.50324 0 4 0 0 -7.09739  -6.5704 0 3.67142 0 0 -7.20838  -0.0451746 0 0.0438808 0 0 -0.0367232  0.112335 0 0.284697 0 0 0.147711  0 0 0 0 0 0  
46.1814 1.31135 0.0259624 -6.5912 0 4 0 0 -7.03189  -6.66254 0 3.68956 0 0 -7.1366  -0.0409876 0 0.0355732 0 0 -0.0360093  0.112325 0 0.274871 0 0 0.140711  0 0 0 0 0 0  
46.6527 1.32281 0.023343 -6.68475 0 4 0 0 -7.00193  -6.74041 0 3.71192 0 0 -7.08054  -0.042305 0 0.0358104 0 0 -0.0357072  0.0979581 0 0.252274 0 0 0.11431  0 0 0 0 0 0  
47.1239 1.33336 0.0213189 -6.71673 0 4 0 0 -7.2207  -6.75644 0 3.73399 0 0 -7.27775  -0.038539 0 0.0373478 0 0 -0.0356194  0.0782467 0 0.228664 0 0 0.0926755  0 0 0 0 0 0  
47.5951 1.34321 0.0210477 -6.69888 0 4 0 0 -7.35957  -6.74976 0 3.74115 0 0 -7.42769  -0.0392886 0 0.0335447 0 0 -0.0307392  0.0901611 0 0.225301 0 0 0.0988555  0 0 0 0 0 0  
48.0664 1.35299 0.0209608 -6.68809 0 4 0 0 -7.5911  -6.73938 0 3.74092 0 0 -7.66136  -0.0383203 0 0.0349196 0 0 -0.0270274  0.0896098 0 0.224161 0 0 0.0972887  0 0 0 0 0 0  
48.5376 1.36307 0.0215881 -6.70341 0 4 0 0 -7.69863  -6.75866 0 3.73901 0 0 -7.77373  -0.0320155 0 0.0374453 0 0 -0.0233638  0.0872696 0 0.223549 0 0 0.0984576  0 0 0 0 0 0  
49.0088 1.37346 0.0220943 -6.82754 0 4 0 0 -7.78306  -6.88733 0 3.73416 0 0 -7.86387  -0.031717 0 0.0356191 0 0 -0.0247643  0.0915055 0 0.230221 0 0 0.105576  0 0 0 0 0 0  
49.4801 1.3842 0.0239256 -6.92606 0 4 0 0 -7.78163  -6.99684 0 3.71255 0 0 -7.88744  -0.0400394 0 0.0350917 0 0 -0.031744  0.110817 0 0.252363 0 0 0.137553  0 0 0 0 0 0  
49.9513 1.39576 0.0251325 -6.99254 0 4 0 0 -7.82256  -7.06641 0 3.70861 0 0 -7.93334  -0.0439219 0 0.036713 0 0 -0.0250478  0.117791 0 0.254674 0 0 0.135832  0 0 0 0 0 0  
50.4226 1.40759 0.0247137 -7.10334 0 4 0 0 -7.71008  -7.17817 0 3.70968 0 0 -7.82047  -0.0384837 0 0.0384318 0 0 -0.0262818  0.113307 0 0.251893 0 0 0.136667  0 0 0 0 0 0  
50.8938 1.41933 0.0246923 -7.18298 0 4 0 0 -7.46021  -7.25879 0 3.69452 0 0 -7.57183  -0.0484315 0 0.0377133 0 0 -0.0315975  0.124242 0 0.267769 0 0 0.14322  0 0 0 0 0 0  
51.365 1.43056 0.0230481 -7.28778 0 4 0 0 -7.41696  -7.36607 0 3.70883 0 0 -7.52887  -0.0419593 0 0.0351418 0 0 -0.0320405  0.12025 0 0.256023 0 0 0.143952  0 0 0 0 0 0  
51.8363 1.4407 0.0205315 -7.40518 0 4 0 0 -7.46471  -7.47315 0 3.73773 0 0 -7.57058  -0.0363509 0 0.0297612 0 0 -0.0267294  0.104321 0 0.232505 0 0 0.1326  0 0 0 0 0 0  
52.3075 1.44998 0.0199399 -7.46985 0 4 0 0 -7.53773  -7.53086 0 3.75829 0 0 -7.6239  -0.028863 0 0.0301234 0 0 -0.0149155  0.0898725 0 0.211587 0 0 0.101088  0 0 0 0 0 0  
52.7788 1.45889 0.018662 -7.53498 0 4 0 0 -7.54803  -7.5955 0 3.76894 0 0 -7.65087  -0.0222024 0 0.0283254 0 0 -0.0061381  0.082721 0 0.202734 0 0 0.108978  0 0 0 0 0 0  
53.25 1.46744 0.0180565 -7.56585 0 4 0 0 -7.55669  -7.62721 0 3.77801 0 0 -7.64737  -0.0215832 0 0.0270019 0 0 -0.00848324  0.0829364 0 0.194985 0 0 0.0991692  0 0 0 0 0 0  
53.7212 1.47604 0.0187762 -7.63497 0 4 0 0 -7.56613  -7.6919 0 3.77315 0 0 -7.64697  -0.0254692 0 0.0307572 0 0 -0.0100485  0.0823972 0 0.196093 0 0 0.090887  0 0 0 0 0 0  
54.1925 1.48518 0.0196767 -7.70298 0 4 0 0 -7.52581  -7.76268 0 3.76225 0 0 -7.61696  -0.0271165 0 0.0339716 0 0 -0.0143322  0.0868162 0 0.203779 0 0 0.105479  0 0 0 0 0 0  
54.6637 1.49461 0.0202596 -7.6588 0 4 0 0 -7.48138  -7.72458 0 3.75942 0 0 -7.57247  -0.0232268 0 0.0344683 0 0 -0.0213535  0.0890086 0 0.206107 0 0 0.112447  0 0 0 0 0 0  
55.135 1.50412 0.0202613 -7.60975 0 4 0 0 -7.43799  -7.67097 0 3.76464 0 0 -7.52557  -0.0209862 0 0.0353602 0 0 -0.0212566  0.082207 0 0.199995 0 0 0.108836  0 0 0 0 0 0  
55.6062 1.51332 0.0193328 -7.52195 0 4 0 0 -7.45126  -7.5764 0 3.78371 0 0 -7.532  -0.0205642 0 0.0322671 0 0 -0.0176759  0.0750161 0 0.184025 0 0 0.0984197  0 0 0 0 0 0  
56.0774 1.52216 0.0185019 -7.41421 0 4 0 0 -7.41329  -7.45942 0 3.79239 0 0 -7.48674  -0.0179184 0 0.030773 0 0 -0.0158733  0.0631274 0 0.176842 0 0 0.0893229  0 0 0 0 0 0  
56.5487 1.5309 0.0195834 -7.2468 0 4 0 0 -7.24403  -7.30441 0 3.77751 0 0 -7.32971  -0.021012 0 0.0318326 0 0 -0.0150555  0.0786191 0 0.190661 0 0 0.100732  0 0 0 0 0 0  
57.0199 1.5402 0.0202278 -7.05921 0 4 0 0 -6.83811  -7.13249 0 3.76751 0 0 -6.93614  -0.0206855 0 0.029371 0 0 -0.0156784  0.0939709 0 0.203123 0 0 0.113704  0 0 0 0 0 0  
57.4911 1.55044 0.0229761 -6.92611 0 4 0 0 -6.62406  -7.00646 0 3.73546 0 0 -6.72752  -0.0278116 0 0.0349682 0 0 -0.023118  0.108163 0 0.229574 0 0 0.12658  0 0 0 0 0 0  
57.9624 1.56129 0.0225263 -6.93538 0 4 0 0 -6.54701  -7.01447 0 3.73135 0 0 -6.65219  -0.0321471 0 0.0346329 0 0 -0.0314203  0.111234 0 0.234013 0 0 0.136597  0 0 0 0 0 0  
58.4336 1.57214 0.0227302 -7.04055 0 4 0 0 -6.64848  -7.11514 0 3.72868 0 0 -6.76429  -0.0375816 0 0.031842 0 0 -0.0363309  0.112165 0 0.239476 0 0 0.152141  0 0 0 0 0 0  
58.9049 1.58228 0.0210365 -7.09145 0 4 0 0 -6.70594  -7.16558 0 3.74718 0 0 -6.81585  -0.0337509 0 0.0302812 0 0 -0.0319223  0.107877 0 0.222544 0 0 0.141832  0 0 0 0 0 0  
59.3761 1.5923 0.0218492 -7.16393 0 4 0 0 -6.73892  -7.2344 0 3.73063 0 0 -6.83588  -0.0311968 0 0.0337407 0 0 -0.0368537  0.101665 0 0.235628 0 0 0.133811  0 0 0 0 0 0  
59.8473 1.60259 0.0218151 -7.22159 0 4 0 0 -6.82038  -7.2786 0 3.73318 0 0 -6.89763  -0.0270535 0 0.0341257 0 0 -0.0367691  0.0840621 0 0.232691 0 0 0.114015  0 0 0 0 0 0  
60.3186 1.61282 0.0218059 -7.33569 0 4 0 0 -6.85345  -7.39285 0 3.73078 0 0 -6.93056  -0.029027 0 0.0348367 0 0 -0.0351494  0.0861865 0 0.234388 0 0 0.112255  0 0 0 0 0 0  
60.7898 1.62305 0.0216553 -7.36445 0 4 0 0 -6.88612  -7.43981 0 3.72398 0 0 -6.98077  -0.0293717 0 0.0311975 0 0 -0.0379327  0.104732 0 0.244821 0 0 0.132584  0 0 0 0 0 0  
61.2611 1.63323 0.0209277 -7.51612 0 4 0 0 -7.06099  -7.58737 0 3.7315 0 0 -7.15944  -0.0328633 0 0.030548 0 0 -0.0363338  0.104118 0 0.237954 0 0 0.134788  0 0 0 0 0 0  
61.7323 1.64256 0.0191736 -7.50963 0 4 0 0 -7.09255  -7.57243 0 3.76873 0 0 -7.18078  -0.0216467 0 0.0271112 0 0 -0.0292419  0.084442 0 0.204154 0 0 0.117472  0 0 0 0 0 0  
62.2035 1.65128 0.0183865 -7.46232 0 4 0 0 -7.12669  -7.51954 0 3.78113 0 0 -7.20388  -0.0196062 0 0.0272595 0 0 -0.0262953  0.0768227 0 0.191612 0 0 0.103486  0 0 0 0 0 0  
62.6748 1.65993 0.0190374 -7.5169 0 4 0 0 -7.27862  -7.56272 0 3.77225 0 0 -7.34666  -0.0199195 0 0.029395 0 0 -0.022676  0.0657409 0 0.198351 0 0 0.0907196  0 0 0 0 0 0  
63.146 1.66885 0.0186943 -7.57576 0 4 0 0 -7.35341  -7.62116 0 3.77682 0 0 -7.42179  -0.0299449 0 0.0273703 0 0 -0.0255426  0.075338 0 0.195811 0 0 0.093917  0 0 0 0 0 0  
63.6173 1.67773 0.0183485 -7.65057 0 4 0 0 -7.34227  -7.69173 0 3.78521 0 0 -7.40872  -0.0242612 0 0.0290115 0 0 -0.0194327  0.0654289 0 0.185778 0 0 0.0858856  0 0 0 0 0 0  
64.0885 1.68623 0.0180606 -7.77916 0 4 0 0 -7.28145  -7.81776 0 3.79176 0 0 -7.33861  -0.0242807 0 0.0286249 0 0 -0.0208324  0.0628816 0 0.179612 0 0 0.0779953  0 0 0 0 0 0  
64.5597 1.69464 0.0176503 -7.84764 0 4 0 0 -7.22331  -7.89163 0 3.80071 0 0 -7.2839  -0.0193202 0 0.024411 0 0 -0.0180741  0.063315 0 0.174878 0 0 0.0786662  0 0 0 0 0 0  
65.031 1.70298 0.0184597 -7.84971 0 4 0 0 -7.09411  -7.89599 0 3.7876 0 0 -7.16056  -0.0217247 0 0.0253956 0 0 -0.0206261  0.0680003 0 0.187005 0 0 0.0870716  0 0 0 0 0 0  
65.5022 1.71188 0.0193422 -7.73812 0 4 0 0 -6.99587  -7.77048 0 3.77792 0 0 -7.0565  -0.025231 0 0.0284585 0 0 -0.0214388  0.0575914 0 0.193626 0 0 0.0820759  0 0 0 0 0 0  
65.9734 1.72123 0.0204251 -7.7341 0 4 0 0 -6.90097  -7.79065 0 3.76303 0 0 -6.97749  -0.022041 0 0.0304489 0 0 -0.0212351  0.0785923 0 0.206525 0 0 0.0977569  0 0 0 0 0 0  
66.4447 1.73131 0.0221825 -7.60065 0 4 0 0 -6.75342  -7.6679 0 3.74977 0 0 -6.85403  -0.0239009 0 0.0340463 0 0 -0.0191305  0.091148 0 0.216181 0 0 0.119737  0 0 0 0 0 0  
66.9159 1.74204 0.0236818 -7.52044 0 4 0 0 -6.69365  -7.58953 0 3.72549 0 0 -6.79205  -0.0284034 0 0.0369309 0 0 -0.0241238  0.0974895 0 0.237575 0 0 0.122523  0 0 0 0 0 0  
67.3872 1.75343 0.0241506 -7.55277 0 4 0 0 -6.65364  -7.62077 0 3.71083 0 0 -6.75186  -0.0318488 0 0.0380258 0 0 -0.0200239  0.0998513 0 0.251143 0 0 0.118236  0 0 0 0 0 0  
67.8584 1.76489 0.0241844 -7.57399 0 4 0 0 -6.67883  -7.64441 0 3.70432 0 0 -6.78129  -0.0328956 0 0.0389049 0 0 -0.0251753  0.103316 0 0.256779 0 0 0.127643  0 0 0 0 0 0  
68.3296 1.77647 0.0247383 -7.62474 0 4 0 0 -6.73818  -7.69799 0 3.70321 0 0 -6.85121  -0.0277762 0 0.0408839 0 0 -0.0230691  0.101021 0 0.255909 0 0 0.136101  0 0 0 0 0 0  
68.8009 1.78802 0.0241491 -7.65643 0 4 0 0 -6.88954  -7.72241 0 3.71867 0 0 -6.99121  -0.0253735 0 0.0417686 0 0 -0.0219862  0.0913496 0 0.239564 0 0 0.12366  0 0 0 0 0 0  
69.2721 1.7994 0.0241846 -7.69891 0 4 0 0 -7.0428  -7.76314 0 3.71576 0 0 -7.13237  -0.0239887 0 0.0403471 0 0 -0.025326  0.0882168 0 0.243895 0 0 0.114903  0 0 0 0 0 0  
69.7434 1.81054 0.023193 -7.83334 0 4 0 0 -7.21139  -7.89132 0 3.72741 0 0 -7.2915  -0.0268528 0 0.0382103 0 0 -0.02665  0.0848346 0 0.23438 0 0 0.106756  0 0 0 0 0 0  
70.2146 1.82144 0.0230553 -7.96564 0 4 0 0 -7.4244  -8.02622 0 3.74447 0 0 -7.49423  -0.0206579 0 0.038135 0 0 -0.0258018  0.0812408 0 0.217397 0 0 0.0956367  0 0 0 0 0 0  
70.6858 1.83216 0.0225506 -7.94939 0 4 0 0 -7.59209  -8.00296 0 3.74695 0 0 -7.65973  -0.0287937 0 0.0343883 0 0 -0.0299499  0.0823562 0 0.218661 0 0 0.0975936  0 0 0 0 0 0  
71.1571 1.84262 0.0221674 -7.84074 0 4 0 0 -7.83468  -7.89744 0 3.75193 0 0 -7.90281  -0.0269348 0 0.0357218 0 0 -0.0290115  0.0836342 0 0.212348 0 0 0.0971353  0 0 0 0 0 0  
71.6283 1.85291 0.02178 -7.85297 0 4 0 0 -7.94643  -7.89436 0 3.75734 0 0 -8.009  -0.021048 0 0.0385366 0 0 -0.0262831  0.062442 0 0.204126 0 0 0.0888626  0 0 0 0 0 0  
72.0996 1.86338 0.022491 -7.88815 0 4 0 0 -7.94835  -7.93341 0 3.75159 0 0 -8.01574  -0.0153099 0 0.0386021 0 0 -0.0240339  0.0605623 0 0.20981 0 0 0.0914254  0 0 0 0 0 0  
72.5708 1.87399 0.0228216 -7.85345 0 4 0 0 -7.99735  -7.89329 0 3.74812 0 0 -8.0612  -0.0152107 0 0.0386338 0 0 -0.0278717  0.0550446 0 0.213245 0 0 0.091722  0 0 0 0 0 0  
73.042 1.88488 0.0232182 -7.79993 0 4 0 0 -7.97926  -7.82873 0 3.73735 0 0 -8.04312  -0.0240206 0 0.0400522 0 0 -0.0240992  0.0528193 0 0.222603 0 0 0.0879669  0 0 0 0 0 0  
73.5133 1.89597 0.0235697 -7.58966 0 4 0 0 -7.86821  -7.62362 0 3.73301 0 0 -7.93183  -0.0240448 0 0.0433896 0 0 -0.0292372  0.0580026 0 0.223601 0 0 0.0928575  0 0 0 0 0 0  
73.9845 1.90717 0.0239942 -7.36463 0 4 0 0 -7.72986  -7.41668 0 3.71109 0 0 -7.81733  -0.0199245 0 0.0457747 0 0 -0.0333089  0.0719718 0 0.243132 0 0 0.120779  0 0 0 0 0 0  
74.4557 1.91824 0.0239734 -7.11017 0 4 0 0 -7.56325  -7.17505 0 3.7085 0 0 -7.66066  -0.0214183 0 0.0455663 0 0 -0.031479  0.0862927 0 0.245929 0 0 0.128884  0 0 0 0 0 0  
74.927 1.92965 0.0242994 -6.98923 0 4 0 0 -7.20911  -7.07015 0 3.69692 0 0 -7.34212  -0.0215346 0 0.0436923 0 0 -0.0280111  0.102448 0 0.259388 0 0 0.161024  0 0 0 0 0 0  
75.3982 1.94068 0.0228989 -6.92786 0 4 0 0 -7.12829  -6.99818 0 3.70745 0 0 -7.26795  -0.0210741 0 0.0380074 0 0 -0.0222347  0.0913927 0 0.254538 0 0 0.161899  0 0 0 0 0 0  
75.8695 1.95128 0.0220828 -6.94633 0 4 0 0 -7.07394  -7.03079 0 3.72015 0 0 -7.2288  -0.0128242 0 0.0326237 0 0 -0.0191236  0.0972794 0 0.247231 0 0 0.173989  0 0 0 0 0 0  
76.3407 1.96144 0.02132 -7.04647 0 4 0 0 -7.16681  -7.14291 0 3.73111 0 0 -7.31294  -0.0131541 0 0.0322495 0 0 -0.0212745  0.109599 0 0.236642 0 0 0.167403  0 0 0 0 0 0  
76.8119 1.97159 0.0214128 -7.22245 0 4 0 0 -7.49153  -7.31373 0 3.734 0 0 -7.62292  -0.0157056 0 0.0314329 0 0 -0.0210606  0.106987 0 0.234568 0 0 0.152447  0 0 0 0 0 0  
77.2832 1.9814 0.0196174 -7.34815 0 4 0 0 -7.75139  -7.42091 0 3.76188 0 0 -7.86057  -0.0125232 0 0.031796 0 0 -0.0138752  0.0852835 0 0.206325 0 0 0.123061  0 0 0 0 0 0  
77.7544 1.99035 0.0180866 -7.4031 0 4 0 0 -7.8756  -7.46346 0 3.78146 0 0 -7.96842  -0.0119679 0 0.0296669 0 0 -0.0114612  0.0723328 0 0.188874 0 0 0.104277  0 0 0 0 0 0  
78.2257 1.99884 0.0179285 -7.33594 0 4 0 0 -7.90668  -7.38345 0 3.78498 0 0 -7.9845  -0.0131575 0 0.0280259 0 0 -0.00974947  0.0606665 0 0.186997 0 0 0.0875632  0 0 0 0 0 0  
78.6969 2.00743 0.0182113 -7.42018 0 4 0 0 -7.89513  -7.46953 0 3.78301 0 0 -7.97643  -0.0160773 0 0.0268248 0 0 -0.0108913  0.0654291 0 0.190169 0 0 0.0921903  0 0 0 0 0 0  
79.1681 2.01597 0.0185841 -7.39344 0 4 0 0 -7.93946  -7.44498 0 3.77727 0 0 -8.03054  -0.0169642 0 0.0281666 0 0 -0.0120583  0.0685052 0 0.194568 0 0 0.103141  0 0 0 0 0 0  
79.6394 2.02489 0.019551 -7.40022 0 4 0 0 -7.94086  -7.46273 0 3.76879 0 0 -8.04045  -0.0199157 0 0.0287319 0 0 -0.0172889  0.082424 0 0.202478 0 0 0.116888  0 0 0 0 0 0  
80.1106 2.03424 0.0203683 -7.40183 0 4 0 0 -7.80841  -7.47601 0 3.75757 0 0 -7.9185  -0.0150067 0 0.0310225 0 0 -0.0168808  0.0891892 0 0.211405 0 0 0.126972  0 0 0 0 0 0  
80.5819 2.04374 0.0199603 -7.40607 0 4 0 0 -7.68048  -7.48441 0 3.75705 0 0 -7.78758  -0.0125993 0 0.0328525 0 0 -0.0145748  0.0909325 0 0.210093 0 0 0.121681  0 0 0 0 0 0  
81.0531 2.05299 0.0192116 -7.34454 0 4 0 0 -7.44854  -7.40576 0 3.76002 0 0 -7.55118  -0.0163502 0 0.0326041 0 0 -0.0204526  0.0775729 0 0.207375 0 0 0.123094  0 0 0 0 0 0  
81.5243 2.06227 0.0204865 -7.22804 0 4 0 0 -7.39517  -7.30325 0 3.7513 0 0 -7.50262  -0.0127104 0 0.0318869 0 0 -0.0144208  0.087925 0 0.216815 0 0 0.121873  0 0 0 0 0 0  
81.9956 2.07192 0.0207175 -7.05932 0 4 0 0 -7.18263  -7.14345 0 3.74365 0 0 -7.29083  -0.00877518 0 0.0363294 0 0 -0.0174872  0.0929049 0 0.22002 0 0 0.125696  0 0 0 0 0 0  
82.4668 2.082 0.0215189 -6.86026 0 4 0 0 -7.00498  -6.96068 0 3.73451 0 0 -7.12911  -0.00628439 0 0.0358601 0 0 -0.015541  0.106707 0 0.229633 0 0 0.139673  0 0 0 0 0 0  
82.938 2.09232 0.0224938 -6.61566 0 4 0 0 -6.77535  -6.7026 0 3.71411 0 0 -6.90476  -0.0154729 0 0.040478 0 0 -0.0169531  0.102415 0 0.24541 0 0 0.146355  0 0 0 0 0 0  
83.4093 2.10333 0.0236222 -6.36892 0 4 0 0 -6.54874  -6.46356 0 3.68038 0 0 -6.68678  -0.0168839 0 0.0409279 0 0 -0.0223713  0.11152 0 0.278694 0 0 0.160405  0 0 0 0 0 0  
83.8805 2.11485 0.0250416 -6.26029 0 4 0 0 -6.54317  -6.37156 0 3.65037 0 0 -6.69569  -0.0301368 0 0.0412801 0 0 -0.0290325  0.141412 0 0.308351 0 0 0.181557  0 0 0 0 0 0  
84.3518 2.12656 0.0248629 -6.32812 0 4 0 0 -6.49064  -6.41883 0 3.64895 0 0 -6.63029  -0.031019 0 0.0456194 0 0 -0.0277378  0.121732 0 0.305432 0 0 0.167386  0 0 0 0 0 0  
84.823 2.13789 0.0239445 -6.28888 0 4 0 0 -6.39604  -6.38315 0 3.6729 0 0 -6.53338  -0.0369349 0 0.0395709 0 0 -0.0311115  0.131202 0 0.287524 0 0 0.16845  0 0 0 0 0 0  
85.2942 2.14886 0.0228509 -6.40912 0 4 0 0 -6.47068  -6.48771 0 3.68703 0 0 -6.58884  -0.0356287 0 0.0388772 0 0 -0.0249537  0.114214 0 0.274091 0 0 0.143112  0 0 0 0 0 0  
85.7655 2.15928 0.0219706 -6.51167 0 4 0 0 -6.46803  -6.58903 0 3.70735 0 0 -6.56987  -0.0292075 0 0.0381399 0 0 -0.0238522  0.106574 0 0.254512 0 0 0.125687  0 0 0 0 0 0  
86.2367 2.1697 0.0220871 -6.57649 0 4 0 0 -6.29981  -6.66681 0 3.70971 0 0 -6.41949  -0.032996 0 0.0346308 0 0 -0.0259688  0.123315 0 0.255661 0 0 0.145648  0 0 0 0 0 0  
86.708 2.18016 0.022756 -6.60041 0 4 0 0 -6.29013  -6.69529 0 3.70472 0 0 -6.40139  -0.0360729 0 0.0365104 0 0 -0.0314469  0.130953 0 0.258765 0 0 0.142705  0 0 0 0 0 0  
87.1792 2.19079 0.0225103 -6.72603 0 4 0 0 -6.29117  -6.81861 0 3.70472 0 0 -6.39797  -0.0374748 0 0.038581 0 0 -0.0355687  0.130058 0 0.256704 0 0 0.142371  0 0 0 0 0 0  
87.6504 2.20136 0.0226603 -6.75363 0 4 0 0 -6.29769  -6.83072 0 3.69911 0 0 -6.39398  -0.0401469 0 0.0433159 0 0 -0.0360635  0.117246 0 0.25757 0 0 0.13236  0 0 0 0 0 0  
88.1217 2.21204 0.0222348 -6.89844 0 4 0 0 -6.38782  -6.97017 0 3.71074 0 0 -6.48081  -0.0313668 0 0.0439117 0 0 -0.0344682  0.103099 0 0.245349 0 0 0.127459  0 0 0 0 0 0  
88.5929 2.2225 0.0219685 -6.99841 0 4 0 0 -6.52261  -7.07328 0 3.7019 0 0 -6.63582  -0.0374726 0 0.0440448 0 0 -0.0325262  0.112341 0 0.254055 0 0 0.145733  0 0 0 0 0 0  
89.0642 2.23272 0.0213558 -7.06096 0 4 0 0 -6.58598  -7.14046 0 3.70699 0 0 -6.69537  -0.0361811 0 0.0416027 0 0 -0.0324447  0.115682 0 0.251406 0 0 0.141837  0 0 0 0 0 0  
89.5354 2.24257 0.0205822 -7.19176 0 4 0 0 -6.72673  -7.28102 0 3.73105 0 0 -6.84236  -0.0283745 0 0.0367778 0 0 -0.0233866  0.117641 0 0.232167 0 0 0.13901  0 0 0 0 0 0  
90.0066 2.25229 0.0208532 -7.29027 0 4 0 0 -6.83839  -7.38157 0 3.72816 0 0 -6.95305  -0.0284767 0 0.0371046 0 0 -0.0233929  0.119772 0 0.234739 0 0 0.138061  0 0 0 0 0 0  
90.4779 2.26189 0.0196843 -7.35741 0 4 0 0 -6.95624  -7.44039 0 3.7405 0 0 -7.05696  -0.0250728 0 0.0373299 0 0 -0.0223118  0.108058 0 0.222174 0 0 0.123031  0 0 0 0 0 0  
90.9491 2.271 0.0187901 -7.37616 0 4 0 0 -7.09044  -7.44837 0 3.75019 0 0 -7.17783  -0.0257453 0 0.0358434 0 0 -0.0220054  0.0979544 0 0.213967 0 0 0.109393  0 0 0 0 0 0  
91.4203 2.27988 0.0191282 -7.421 0 4 0 0 -7.12311  -7.48854 0 3.75302 0 0 -7.2113  -0.026123 0 0.0345405 0 0 -0.0250646  0.0936622 0 0.212437 0 0 0.113256  0 0 0 0 0 0  
91.8916 2.28874 0.0184211 -7.4709 0 4 0 0 -7.22828  -7.5474 0 3.76711 0 0 -7.318  -0.019201 0 0.0312116 0 0 -0.0164155  0.0957003 0 0.201682 0 0 0.106137  0 0 0 0 0 0  
92.3628 2.29744 0.0186737 -7.58862 0 4 0 0 -7.29634  -7.66718 0 3.77007 0 0 -7.37861  -0.0164105 0 0.0313452 0 0 -0.0171703  0.0949692 0 0.198581 0 0 0.0994452  0 0 0 0 0 0  
92.8341 2.3064 0.0193376 -7.59275 0 4 0 0 -7.32416  -7.66683 0 3.77051 0 0 -7.40441  -0.012582 0 0.0341147 0 0 -0.0148315  0.0866644 0 0.195376 0 0 0.0950851  0 0 0 0 0 0  
93.3053 2.31597 0.0206829 -7.72722 0 4 0 0 -7.48909  -7.79717 0 3.75982 0 0 -7.56427  -0.00993834 0 0.0373517 0 0 -0.012735  0.0798927 0 0.202828 0 0 0.0879155  0 0 0 0 0 0  
93.7765 2.32573 0.0211067 -7.83072 0 4 0 0 -7.60078  -7.89808 0 3.75273 0 0 -7.66695  -0.0141739 0 0.0386016 0 0 -0.0167716  0.0815354 0 0.208663 0 0 0.0829444  0 0 0 0 0 0  
94.2478 2.33601 0.0217654 -7.97026 0 4 0 0 -7.56855  -8.04151 0 3.74529 0 0 -7.64274  -0.0163837 0 0.0374381 0 0 -0.0164825  0.0876345 0 0.217271 0 0 0.0906713  0 0 0 0 0 0  
94.719 2.34609 0.0216853 -8.04225 0 4 0 0 -7.56715  -8.11023 0 3.74746 0 0 -7.64037  -0.0156354 0 0.0386323 0 0 -0.0192821  0.0836128 0 0.213912 0 0 0.092502  0 0 0 0 0 0  
95.1903 2.35669 0.0224403 -8.15686 0 4 0 0 -7.51825  -8.23128 0 3.74679 0 0 -7.58752  -0.0161937 0 0.0361852 0 0 -0.021925  0.0906133 0 0.217026 0 0 0.0911908  0 0 0 0 0 0  
95.6615 2.36746 0.0228757 -8.32697 0 4 0 0 -7.42348  -8.39296 0 3.74859 0 0 -7.48939  -0.0139919 0 0.0383393 0 0 -0.0142977  0.0799822 0 0.213067 0 0 0.0802112  0 0 0 0 0 0  
96.1327 2.3781 0.0220317 -8.33531 0 4 0 0 -7.38857  -8.40312 0 3.75979 0 0 -7.46067  -0.0116704 0 0.0377588 0 0 -0.0101054  0.0794846 0 0.202456 0 0 0.082205  0 0 0 0 0 0  
96.604 2.38872 0.0232948 -8.1179 0 4 0 0 -7.25573  -8.19076 0 3.74049 0 0 -7.33824  -0.00956562 0 0.0393433 0 0 -0.0143504  0.0824319 0 0.220164 0 0 0.0968618  0 0 0 0 0 0  
97.0752 2.39976 0.023475 -8.00015 0 4 0 0 -7.16765  -8.08116 0 3.72546 0 0 -7.2578  -0.0117895 0 0.0408229 0 0 -0.0184094  0.0927945 0 0.233721 0 0 0.108553  0 0 0 0 0 0  
97.5465 2.41133 0.0245291 -7.75748 0 4 0 0 -7.12536  -7.8478 0 3.70676 0 0 -7.23065  -0.019084 0 0.042443 0 0 -0.0203073  0.109399 0 0.250794 0 0 0.125597  0 0 0 0 0 0  
98.0177 2.42321 0.0261888 -7.61607 0 4 0 0 -7.01209  -7.71321 0 3.68162 0 0 -7.13495  -0.0227814 0 0.0439157 0 0 -0.0231232  0.119916 0 0.27446 0 0 0.14598  0 0 0 0 0 0  
98.4889 2.43585 0.0275934 -7.45036 0 4 0 0 -6.92656  -7.55184 0 3.66295 0 0 -7.06332  -0.026375 0 0.0463645 0 0 -0.0221317  0.127849 0 0.290683 0 0 0.158886  0 0 0 0 0 0  
98.9602 2.44924 0.0287974 -7.33974 0 4 0 0 -6.81223  -7.44319 0 3.64028 0 0 -6.95854  -0.0219009 0 0.0500731 0 0 -0.0244463  0.125352 0 0.30965 0 0 0.170751  0 0 0 0 0 0  
99.4314 2.46304 0.0286987 -7.27268 0 4 0 0 -6.55933  -7.38426 0 3.6371 0 0 -6.70885  -0.0208079 0 0.052634 0 0 -0.0315364  0.132389 0 0.310263 0 0 0.18106  0 0 0 0 0 0  
99.9026 2.47635 0.0274561 -7.28452 0 4 0 0 -6.52073  -7.40261 0 3.64715 0 0 -6.66313  -0.0263592 0 0.0496604 0 0 -0.0314844  0.144453 0 0.303189 0 0 0.173883  0 0 0 0 0 0  
100.374 2.48902 0.0271614 -7.35424 0 4 0 0 -6.57772  -7.469 0 3.65432 0 0 -6.71802  -0.0234883 0 0.0513782 0 0 -0.0239107  0.138245 0 0.294302 0 0 0.164212  0 0 0 0 0 0  
100.845 2.50133 0.0259117 -7.42342 0 4 0 0 -6.60044  -7.52377 0 3.67998 0 0 -6.74106  -0.0189427 0 0.0514876 0 0 -0.024001  0.119292 0 0.268534 0 0 0.16462  0 0 0 0 0 0  
101.316 2.51331 0.0255619 -7.48427 0 4 0 0 -6.56383  -7.58337 0 3.67835 0 0 -6.70064  -0.0196372 0 0.0505673 0 0 -0.0206193  0.118742 0 0.271078 0 0 0.157429  0 0 0 0 0 0  
101.788 2.52528 0.0253006 -7.45974 0 4 0 0 -6.58104  -7.55961 0 3.68063 0 0 -6.70884  -0.0210997 0 0.0499419 0 0 -0.0214107  0.120961 0 0.269427 0 0 0.14921  0 0 0 0 0 0  
102.259 2.53732 0.0250342 -7.53724 0 4 0 0 -6.38475  -7.63443 0 3.68796 0 0 -6.51312  -0.0183795 0 0.0462723 0 0 -0.0230769  0.115564 0 0.26577 0 0 0.15144  0 0 0 0 0 0  
102.73 2.54882 0.0237558 -7.60308 0 4 0 0 -6.22966  -7.7125 0 3.68232 0 0 -6.36822  -0.0186491 0 0.0431586 0 0 -0.0244646  0.128068 0 0.274517 0 0 0.163027  0 0 0 0 0 0  
103.201 2.5597 0.0230216 -7.62396 0 4 0 0 -6.23859  -7.72577 0 3.69025 0 0 -6.36897  -0.0192367 0 0.0408223 0 0 -0.0243853  0.121041 0 0.268928 0 0 0.154759  0 0 0 0 0 0  
103.673 2.57035 0.0224193 -7.60817 0 4 0 0 -6.26364  -7.7086 0 3.70968 0 0 -6.38894  -0.0105887 0 0.042182 0 0 -0.018485  0.111016 0 0.248136 0 0 0.143785  0 0 0 0 0 0  
104.144 2.58063 0.0216977 -7.52798 0 4 0 0 -6.29602  -7.62362 0 3.72569 0 0 -6.41042  -0.0118236 0 0.0395317 0 0 -0.0192552  0.107463 0 0.23478 0 0 0.13366  0 0 0 0 0 0  
104.615 2.59078 0.0213444 -7.5911 0 4 0 0 -6.4056  -7.67569 0 3.73741 0 0 -6.49493  -0.0088207 0 0.0413478 0 0 -0.0206425  0.0934119 0 0.221239 0 0 0.109975  0 0 0 0 0 0  
105.086 2.60109 0.0222507 -7.63241 0 4 0 0 -6.52553  -7.71832 0 3.73217 0 0 -6.62057  -0.00737837 0 0.0414645 0 0 -0.0229432  0.0932896 0 0.226365 0 0 0.117991  0 0 0 0 0 0  
105.558 2.6116 0.0221104 -7.67804 0 4 0 0 -6.70455  -7.74824 0 3.72987 0 0 -6.80137  -0.0138432 0 0.0411337 0 0 -0.0223903  0.0840418 0 0.228991 0 0 0.11921  0 0 0 0 0 0  
106.029 2.62202 0.0221782 -7.71691 0 4 0 0 -6.89261  -7.78298 0 3.72693 0 0 -6.98884  -0.0131161 0 0.0415952 0 0 -0.0210219  0.0791846 0 0.231477 0 0 0.117251  0 0 0 0 0 0  
106.5 2.6326 0.0219587 -7.71046 0 4 0 0 -6.94802  -7.7829 0 3.74143 0 0 -7.03771  -0.00888297 0 0.0378455 0 0 -0.0212505  0.0813225 0 0.220719 0 0 0.110942  0 0 0 0 0 0  
106.971 2.64328 0.0232933 -7.59676 0 4 0 0 -6.93176  -7.66695 0 3.71958 0 0 -7.01759  -0.0135096 0 0.0412569 0 0 -0.0286547  0.0836933 0 0.239166 0 0 0.114489  0 0 0 0 0 0  
107.442 2.65465 0.0244659 -7.57974 0 4 0 0 -6.84882  -7.65893 0 3.69921 0 0 -6.93559  -0.0182176 0 0.0427554 0 0 -0.0324176  0.0974074 0 0.258037 0 0 0.119191  0 0 0 0 0 0  
107.914 2.66601 0.023813 -7.72047 0 4 0 0 -6.834  -7.79132 0 3.7121 0 0 -6.91655  -0.0229798 0 0.0388803 0 0 -0.0332169  0.0938299 0 0.249016 0 0 0.11576  0 0 0 0 0 0  
108.385 2.67717 0.0233743 -7.81082 0 4 0 0 -6.82952  -7.87047 0 3.70884 0 0 -6.91673  -0.0274712 0 0.040617 0 0 -0.0342198  0.0871199 0 0.250544 0 0 0.121428  0 0 0 0 0 0  
108.856 2.68813 0.0231115 -7.88925 0 4 0 0 -6.91363  -7.95793 0 3.71257 0 0 -7.00381  -0.0290961 0 0.036941 0 0 -0.0377423  0.0977836 0 0.250492 0 0 0.127927  0 0 0 0 0 0  
109.327 2.69885 0.0220543 -7.97966 0 4 0 0 -7.04998  -8.04024 0 3.7325 0 0 -7.14145  -0.0297577 0 0.0348046 0 0 -0.0327327  0.0903373 0 0.232695 0 0 0.124201  0 0 0 0 0 0  
109.799 2.70943 0.0218581 -7.92358 0 4 0 0 -7.21821  -7.98508 0 3.74239 0 0 -7.32  -0.0284045 0 0.0359828 0 0 -0.0224248  0.0899084 0 0.221625 0 0 0.124207  0 0 0 0 0 0  
110.27 2.71956 0.0208304 -7.86009 0 4 0 0 -7.28747  -7.90772 0 3.74078 0 0 -7.37976  -0.023537 0 0.0375326 0 0 -0.0189256  0.0711655 0 0.221683 0 0 0.111223  0 0 0 0 0 0  
110.741 2.72926 0.020611 -7.87032 0 4 0 0 -7.40814  -7.92349 0 3.74805 0 0 -7.49839  -0.0216845 0 0.0371609 0 0 -0.014449  0.0748506 0 0.214789 0 0 0.104702  0 0 0 0 0 0  
111.212 2.7391 0.020925 -7.9122 0 4 0 0 -7.5749  -7.95707 0 3.74966 0 0 -7.65178  -0.0180284 0 0.0391049 0 0 -0.0117878  0.0628907 0 0.211238 0 0 0.0886659  0 0 0 0 0 0  
111.684 2.74918 0.0211555 -7.90301 0 4 0 0 -7.67849  -7.94885 0 3.75186 0 0 -7.75696  -0.0223548 0 0.0387922 0 0 -0.0133649  0.0682003 0 0.209343 0 0 0.0918291  0 0 0 0 0 0  
112.155 2.75911 0.0210744 -7.77763 0 4 0 0 -7.67377  -7.84686 0 3.74109 0 0 -7.76023  -0.0249267 0 0.0400411 0 0 -0.0145356  0.094159 0 0.218867 0 0 0.10099  0 0 0 0 0 0  
112.626 2.76918 0.021511 -7.77077 0 4 0 0 -7.6423  -7.84294 0 3.73968 0 0 -7.73321  -0.0233774 0 0.0407838 0 0 -0.0218687  0.0955429 0 0.219538 0 0 0.112774  0 0 0 0 0 0  
113.097 2.77919 0.0211641 -7.81522 0 4 0 0 -7.48672  -7.88889 0 3.74069 0 0 -7.57923  -0.0245335 0 0.040587 0 0 -0.0234357  0.0982056 0 0.218719 0 0 0.115937  0 0 0 0 0 0  
113.569 2.78909 0.020615 -7.80075 0 4 0 0 -7.27884  -7.87589 0 3.73612 0 0 -7.3761  -0.0226282 0 0.0412462 0 0 -0.0193649  0.0977657 0 0.222638 0 0 0.116627  0 0 0 0 0 0  
114.04 2.7985 0.0198344 -7.80491 0 4 0 0 -7.24845  -7.87627 0 3.7456 0 0 -7.33795  -0.0225567 0 0.0396466 0 0 -0.0203435  0.093914 0 0.214749 0 0 0.109844  0 0 0 0 0 0  
114.511 2.80768 0.0189504 -7.89001 0 4 0 0 -7.4394  -7.95328 0 3.7656 0 0 -7.52375  -0.0207363 0 0.0349228 0 0 -0.0179467  0.0840005 0 0.199473 0 0 0.102299  0 0 0 0 0 0  
114.982 2.81652 0.0181212 -7.91707 0 4 0 0 -7.56598  -7.98167 0 3.78579 0 0 -7.64481  -0.0150353 0 0.0328565 0 0 -0.0120388  0.0796396 0 0.181351 0 0 0.0908605  0 0 0 0 0 0  
115.454 2.82471 0.0172353 -7.86019 0 4 0 0 -7.56172  -7.92236 0 3.80177 0 0 -7.63509  -0.0143586 0 0.0310322 0 0 -0.0111757  0.0765313 0 0.167196 0 0 0.0845403  0 0 0 0 0 0  
115.925 2.8331 0.0179085 -7.8294 0 4 0 0 -7.61423  -7.88723 0 3.79727 0 0 -7.68469  -0.0146185 0 0.032465 0 0 -0.0130649  0.0724569 0 0.170267 0 0 0.083525  0 0 0 0 0 0  
116.396 2.84185 0.0190432 -7.81022 0 4 0 0 -7.59426  -7.86419 0 3.77896 0 0 -7.66851  -0.0167321 0 0.0334576 0 0 -0.0128971  0.0707066 0 0.187579 0 0 0.0871467  0 0 0 0 0 0  
116.867 2.85095 0.0193928 -7.86182 0 4 0 0 -7.48503  -7.92309 0 3.77261 0 0 -7.56877  -0.0145932 0 0.0364663 0 0 -0.0160492  0.0758687 0 0.190926 0 0 0.0997849  0 0 0 0 0 0  
117.338 2.86015 0.0197497 -7.81903 0 4 0 0 -7.43168  -7.87824 0 3.76278 0 0 -7.51307  -0.0184124 0 0.035956 0 0 -0.0155046  0.0776138 0 0.201262 0 0 0.0968992  0 0 0 0 0 0  
117.81 2.86978 0.0207667 -7.75903 0 4 0 0 -7.38279  -7.83165 0 3.74937 0 0 -7.45844  -0.0221885 0 0.0362972 0 0 -0.0208936  0.09481 0 0.214333 0 0 0.0965404  0 0 0 0 0 0  
118.281 2.87992 0.0220578 -7.74518 0 4 0 0 -7.39081  -7.81756 0 3.72712 0 0 -7.46116  -0.0220266 0 0.0362049 0 0 -0.0248842  0.0944039 0 0.236678 0 0 0.0952296  0 0 0 0 0 0  
118.752 2.8903 0.0219893 -7.67672 0 4 0 0 -7.42345  -7.74706 0 3.72642 0 0 -7.49691  -0.0219595 0 0.0374726 0 0 -0.0257337  0.0922971 0 0.236109 0 0 0.0991962  0 0 0 0 0 0  
119.223 2.90066 0.0218775 -7.6984 0 4 0 0 -7.39547  -7.76869 0 3.72753 0 0 -7.48312  -0.030738 0 0.0364618 0 0 -0.0258909  0.101028 0 0.236011 0 0 0.113545  0 0 0 0 0 0  
119.695 2.91078 0.0204468 -7.78555 0 4 0 0 -7.31632  -7.84376 0 3.74109 0 0 -7.39242  -0.0296195 0 0.0354483 0 0 -0.0306845  0.0878224 0 0.223463 0 0 0.106785  0 0 0 0 0 0  
120.166 2.9206 0.0205521 -7.88474 0 4 0 0 -7.18934  -7.94086 0 3.75007 0 0 -7.26127  -0.0237808 0 0.0346163 0 0 -0.0245162  0.0799015 0 0.215313 0 0 0.0964492  0 0 0 0 0 0  
120.637 2.93024 0.0203088 -7.98685 0 4 0 0 -7.15315  -8.04088 0 3.75588 0 0 -7.21426  -0.0348875 0 0.0325232 0 0 -0.0263499  0.0889176 0 0.211598 0 0 0.0874596  0 0 0 0 0 0  
121.108 2.94015 0.0212275 -8.0355 0 4 0 0 -7.07106  -8.07629 0 3.74497 0 0 -7.13194  -0.0335434 0 0.0381708 0 0 -0.0255063  0.074335 0 0.216861 0 0 0.0863919  0 0 0 0 0 0  
121.58 2.95037 0.0215747 -8.16631 0 4 0 0 -6.9758  -8.20643 0 3.73636 0 0 -7.0314  -0.0361443 0 0.0374036 0 0 -0.0274365  0.076261 0 0.226235 0 0 0.0830332  0 0 0 0 0 0  
122.051 2.96068 0.0222755 -8.01442 0 4 0 0 -6.89378  -8.06363 0 3.73725 0 0 -6.96082  -0.0332656 0 0.0358902 0 0 -0.0223326  0.0824748 0 0.226864 0 0 0.0893729  0 0 0 0 0 0  
122.522 2.97133 0.0232888 -7.88759 0 4 0 0 -6.78517  -7.94349 0 3.73003 0 0 -6.86158  -0.0354312 0 0.0370939 0 0 -0.0215544  0.0913369 0 0.232879 0 0 0.097961  0 0 0 0 0 0  
122.993 2.98243 0.0240294 -7.61833 0 4 0 0 -6.60731  -7.68954 0 3.72391 0 0 -6.70001  -0.0300578 0 0.0365841 0 0 -0.023981  0.101271 0 0.239511 0 0 0.116678  0 0 0 0 0 0  
123.465 2.99383 0.0243097 -7.57682 0 4 0 0 -6.44509  -7.65747 0 3.71647 0 0 -6.54834  -0.0304376 0 0.0345544 0 0 -0.0301528  0.111086 0 0.248975 0 0 0.1334  0 0 0 0 0 0  
123.936 3.00508 0.0237849 -7.46794 0 4 0 0 -6.52463  -7.55018 0 3.70193 0 0 -6.64212  -0.0214891 0 0.0351971 0 0 -0.0296462  0.103728 0 0.262876 0 0 0.147137  0 0 0 0 0 0  
124.407 3.01597 0.023206 -7.29006 0 4 0 0 -6.4438  -7.37523 0 3.72173 0 0 -6.57056  -0.014395 0 0.0336437 0 0 -0.0267234  0.0995701 0 0.24463 0 0 0.153484  0 0 0 0 0 0  
124.878 3.02691 0.0232639 -7.11619 0 4 0 0 -6.33914  -7.20139 0 3.71661 0 0 -6.48234  -0.0181414 0 0.0348798 0 0 -0.0187321  0.103338 0 0.248506 0 0 0.161935  0 0 0 0 0 0  
125.35 3.03828 0.0245773 -7.06891 0 4 0 0 -6.27189  -7.15367 0 3.70435 0 0 -6.40691  -0.0202543 0 0.0382398 0 0 -0.0112674  0.105014 0 0.257412 0 0 0.146284  0 0 0 0 0 0  
125.821 3.05009 0.0256974 -6.99112 0 4 0 0 -6.20166  -7.06862 0 3.69247 0 0 -6.34047  -0.0252698 0 0.0398247 0 0 -0.0170007  0.102773 0 0.267707 0 0 0.155815  0 0 0 0 0 0  
126.292 3.06229 0.0260855 -6.97943 0 4 0 0 -6.23292  -7.04921 0 3.68234 0 0 -6.37139  -0.0330144 0 0.0373496 0 0 -0.0235782  0.102801 0 0.280309 0 0 0.162052  0 0 0 0 0 0  
126.763 3.07439 0.0256815 -6.93187 0 4 0 0 -6.32465  -7.01352 0 3.69152 0 0 -6.46434  -0.026761 0 0.0362746 0 0 -0.0181516  0.108411 0 0.272206 0 0 0.157833  0 0 0 0 0 0  
127.235 3.08596 0.0240588 -6.8601 0 4 0 0 -6.58896  -6.93951 0 3.70815 0 0 -6.70769  -0.0211915 0 0.0329095 0 0 -0.0223721  0.100602 0 0.258939 0 0 0.1411  0 0 0 0 0 0  
127.706 3.0972 0.0239553 -6.78795 0 4 0 0 -6.75372  -6.86282 0 3.70717 0 0 -6.86518  -0.0204133 0 0.03336 0 0 -0.0236403  0.0952828 0 0.259472 0 0 0.135099  0 0 0 0 0 0  
128.177 3.10845 0.0233861 -6.83313 0 4 0 0 -6.97489  -6.90392 0 3.71262 0 0 -7.08833  -0.0204864 0 0.0364862 0 0 -0.0264802  0.0912778 0 0.250898 0 0 0.139913  0 0 0 0 0 0  
128.648 3.11954 0.0238975 -6.88257 0 4 0 0 -7.09055  -6.95229 0 3.72051 0 0 -7.1962  -0.0144049 0 0.0394527 0 0 -0.0236845  0.0841313 0 0.240038 0 0 0.129338  0 0 0 0 0 0  
129.119 3.13106 0.0243909 -6.83219 0 4 0 0 -7.21714  -6.90732 0 3.70354 0 0 -7.32791  -0.0217033 0 0.0402851 0 0 -0.0292551  0.096838 0 0.256176 0 0 0.140018  0 0 0 0 0 0  
129.591 3.14275 0.0251812 -6.79289 0 4 0 0 -7.40196  -6.86254 0 3.69762 0 0 -7.51309  -0.0179839 0 0.0419611 0 0 -0.0273502  0.0876341 0 0.260423 0 0 0.138489  0 0 0 0 0 0  
130.062 3.1545 0.0246288 -6.74696 0 4 0 0 -7.57174  -6.80976 0 3.71003 0 0 -7.68631  -0.0233603 0 0.0431539 0 0 -0.0239527  0.0861612 0 0.246813 0 0 0.138522  0 0 0 0 0 0  
130.533 3.16636 0.0249878 -6.69451 0 4 0 0 -7.79258  -6.75713 0 3.7033 0 0 -7.92585  -0.0233823 0 0.0448678 0 0 -0.0206226  0.0859958 0 0.251836 0 0 0.153893  0 0 0 0 0 0  
131.004 3.1779 0.0239612 -6.8263 0 4 0 0 -7.96972  -6.87813 0 3.71972 0 0 -8.09868  -0.0311138 0 0.0448802 0 0 -0.0199783  0.0829492 0 0.235399 0 0 0.148937  0 0 0 0 0 0  
131.476 3.1892 0.0238075 -6.964 0 4 0 0 -8.09039  -7.01726 0 3.73281 0 0 -8.20505  -0.0254437 0 0.0440078 0 0 -0.0141775  0.078708 0 0.22318 0 0 0.128836  0 0 0 0 0 0  
131.947 3.20027 0.0232429 -7.22122 0 4 0 0 -8.23214  -7.26478 0 3.7396 0 0 -8.32008  -0.0248775 0 0.0418502 0 0 -0.0196255  0.06844 0 0.218548 0 0 0.107567  0 0 0 0 0 0  
132.418 3.21126 0.0225801 -7.5049 0 4 0 0 -8.21802  -7.52825 0 3.74852 0 0 -8.29636  -0.0217869 0 0.0417931 0 0 -0.0180745  0.0451363 0 0.209684 0 0 0.0964086  0 0 0 0 0 0  
132.889 3.22159 0.0213722 -7.77878 0 4 0 0 -8.16584  -7.81856 0 3.75101 0 0 -8.25181  -0.0251641 0 0.0409207 0 0 -0.0200003  0.0649416 0 0.208066 0 0 0.105974  0 0 0 0 0 0  
133.361 3.23147 0.0203985 -7.85434 0 4 0 0 -7.92515  -7.90904 0 3.75255 0 0 -8.01746  -0.017269 0 0.0370647 0 0 -0.0139519  0.0719646 0 0.210381 0 0 0.106254  0 0 0 0 0 0  
133.832 3.24105 0.020114 -7.88806 0 4 0 0 -7.74662  -7.95286 0 3.74833 0 0 -7.84601  -0.0197134 0 0.0348198 0 0 -0.00910654  0.084515 0 0.216853 0 0 0.108494  0 0 0 0 0 0  
134.303 3.25037 0.019605 -8.02342 0 4 0 0 -7.62574  -8.08397 0 3.74864 0 0 -7.72539  -0.017044 0 0.0346045 0 0 -0.00643902  0.0775932 0 0.216759 0 0 0.106089  0 0 0 0 0 0  
134.774 3.25967 0.0198419 -8.18197 0 4 0 0 -7.62902  -8.23187 0 3.75025 0 0 -7.7264  -0.0154462 0 0.0336527 0 0 -0.00034584  0.0653456 0 0.216098 0 0 0.0977255  0 0 0 0 0 0  
135.246 3.26906 0.0195686 -8.22965 0 4 0 0 -7.64671  -8.28181 0 3.76341 0 0 -7.7463  -0.0177402 0 0.0321781 0 0 -0.00152634  0.0699032 0 0.204415 0 0 0.101124  0 0 0 0 0 0  
135.717 3.27875 0.021002 -8.16971 0 4 0 0 -7.43316  -8.22122 0 3.74736 0 0 -7.53369  -0.0208836 0 0.0337716 0 0 -0.00113161  0.0723915 0 0.218869 0 0 0.101662  0 0 0 0 0 0  
136.188 3.28846 0.0202614 -8.10173 0 4 0 0 -7.31132  -8.15979 0 3.74801 0 0 -7.40797  -0.0214148 0 0.0323244 0 0 -0.0104024  0.0794782 0 0.219663 0 0 0.107054  0 0 0 0 0 0  
136.659 3.29811 0.0201683 -7.9011 0 4 0 0 -7.12178  -7.96809 0 3.7456 0 0 -7.22371  -0.0185305 0 0.031642 0 0 -0.00878304  0.0855164 0 0.22276 0 0 0.110708  0 0 0 0 0 0  
137.131 3.30784 0.0210155 -7.64129 0 4 0 0 -6.94569  -7.71919 0 3.73294 0 0 -7.06001  -0.0200451 0 0.0349444 0 0 -0.010401  0.0979382 0 0.232115 0 0 0.124726  0 0 0 0 0 0  
137.602 3.31801 0.0223615 -7.52586 0 4 0 0 -6.96533  -7.62021 0 3.72332 0 0 -7.09263  -0.0120717 0 0.0360536 0 0 -0.00738883  0.106421 0 0.240629 0 0 0.134686  0 0 0 0 0 0  
138.073 3.32869 0.0229145 -7.53481 0 4 0 0 -7.02138  -7.62161 0 3.7162 0 0 -7.14821  -0.0168844 0 0.0366164 0 0 -0.0119738  0.103679 0 0.247185 0 0 0.138802  0 0 0 0 0 0  
138.544 3.33975 0.0235771 -7.41679 0 4 0 0 -7.06955  -7.49678 0 3.72373 0 0 -7.18168  -0.00978307 0 0.0391488 0 0 -0.0104374  0.0897672 0 0.237123 0 0 0.122565  0 0 0 0 0 0  
139.015 3.35107 0.0246195 -7.27919 0 4 0 0 -7.05348  -7.35513 0 3.71532 0 0 -7.15209  -0.00491708 0 0.0423309 0 0 -0.00757012  0.0808505 0 0.242354 0 0 0.106182  0 0 0 0 0 0  
139.487 3.36273 0.0249797 -7.13536 0 4 0 0 -6.85197  -7.23255 0 3.68088 0 0 -6.99479  -0.00941614 0 0.0433077 0 0 -0.0113113  0.106604 0 0.275813 0 0 0.154131  0 0 0 0 0 0  
139.958 3.37438 0.0250858 -6.93826 0 4 0 0 -6.75012  -7.04944 0 3.67808 0 0 -6.89773  -0.0179324 0 0.0398088 0 0 -0.022653  0.129117 0 0.282111 0 0 0.170264  0 0 0 0 0 0  
140.429 3.38626 0.0251395 -6.85335 0 4 0 0 -6.73905  -6.95301 0 3.68276 0 0 -6.87381  -0.021478 0 0.0412462 0 0 -0.0253002  0.121145 0 0.275997 0 0 0.160058  0 0 0 0 0 0  
140.9 3.39847 0.0265476 -6.76854 0 4 0 0 -6.78934  -6.86902 0 3.6589 0 0 -6.95231  -0.02934 0 0.0409466 0 0 -0.0337496  0.129815 0 0.300152 0 0 0.196722  0 0 0 0 0 0  
141.372 3.41127 0.0273124 -6.66613 0 4 0 0 -6.95926  -6.77148 0 3.63784 0 0 -7.13256  -0.0393172 0 0.0393996 0 0 -0.0428549  0.144665 0 0.322758 0 0 0.216157  0 0 0 0 0 0  
141.843 3.42417 0.0270367 -6.50935 0 4 0 0 -7.02461  -6.59823 0 3.65468 0 0 -7.19013  -0.0375875 0 0.0426017 0 0 -0.0325123  0.126463 0 0.302719 0 0 0.198036  0 0 0 0 0 0  
142.314 3.43709 0.0273595 -6.54298 0 4 0 0 -7.07707  -6.63277 0 3.65181 0 0 -7.23893  -0.039235 0 0.0408737 0 0 -0.039567  0.129022 0 0.307317 0 0 0.201425  0 0 0 0 0 0  
142.785 3.44996 0.0274596 -6.46264 0 4 0 0 -7.10414  -6.55377 0 3.65211 0 0 -7.25764  -0.0394078 0 0.0449233 0 0 -0.0365432  0.130533 0 0.30297 0 0 0.190051  0 0 0 0 0 0  
143.257 3.46269 0.0261348 -6.38247 0 4 0 0 -6.97555  -6.46741 0 3.65841 0 0 -7.12566  -0.0346364 0 0.042708 0 0 -0.0326088  0.11957 0 0.298885 0 0 0.182717  0 0 0 0 0 0  
143.728 3.47508 0.0256345 -6.37568 0 4 0 0 -6.89656  -6.46425 0 3.66367 0 0 -7.0502  -0.0420847 0 0.0408839 0 0 -0.0306553  0.130657 0 0.295448 0 0 0.184303  0 0 0 0 0 0  
144.199 3.4869 0.0252072 -6.19803 0 4 0 0 -6.8838  -6.2793 0 3.66905 0 0 -7.02009  -0.0346341 0 0.0418462 0 0 -0.0314189  0.11591 0 0.289104 0 0 0.167709  0 0 0 0 0 0  
144.67 3.49881 0.024458 -6.15751 0 4 0 0 -6.73822  -6.24393 0 3.67271 0 0 -6.8718  -0.0416711 0 0.0358687 0 0 -0.0336747  0.128095 0 0.291424 0 0 0.167253  0 0 0 0 0 0  
145.142 3.51022 0.0241635 -6.02749 0 4 0 0 -6.83922  -6.12032 0 3.67757 0 0 -6.97306  -0.0468431 0 0.0358408 0 0 -0.0341044  0.139673 0 0.286586 0 0 0.167946  0 0 0 0 0 0  
145.613 3.52123 0.022581 -6.10954 0 4 0 0 -7.01218  -6.20835 0 3.69803 0 0 -7.14415  -0.0412277 0 0.0338633 0 0 -0.0280167  0.140043 0 0.268105 0 0 0.159991  0 0 0 0 0 0  
146.084 3.53194 0.0228037 -6.25271 0 4 0 0 -7.22142  -6.34877 0 3.70664 0 0 -7.33999  -0.0402111 0 0.0347493 0 0 -0.0268915  0.136265 0 0.258615 0 0 0.145465  0 0 0 0 0 0  
146.555 3.54267 0.0228298 -6.36913 0 4 0 0 -7.57301  -6.46976 0 3.69941 0 0 -7.68924  -0.0298525 0 0.0364015 0 0 -0.0215885  0.130484 0 0.26419 0 0 0.137823  0 0 0 0 0 0  
147.027 3.55336 0.0230177 -6.51151 0 4 0 0 -7.85287  -6.59817 0 3.70727 0 0 -7.96615  -0.0224263 0 0.0360102 0 0 -0.0242678  0.10909 0 0.25672 0 0 0.137554  0 0 0 0 0 0  
147.498 3.56428 0.0230691 -6.62648 0 4 0 0 -8.0389  -6.70741 0 3.70965 0 0 -8.14674  -0.0220572 0 0.0387287 0 0 -0.0216926  0.102987 0 0.25162 0 0 0.129526  0 0 0 0 0 0  
147.969 3.57511 0.0228389 -6.74176 0 4 0 0 -8.10831  -6.81347 0 3.70978 0 0 -8.2083  -0.0256802 0 0.0378082 0 0 -0.0251489  0.0973974 0 0.252414 0 0 0.125138  0 0 0 0 0 0  
148.44 3.58624 0.023954 -6.81132 0 4 0 0 -8.04733  -6.87883 0 3.69318 0 0 -8.14807  -0.029999 0 0.0432788 0 0 -0.0258206  0.0975131 0 0.263545 0 0 0.126563  0 0 0 0 0 0  
148.911 3.59775 0.0249391 -6.86987 0 4 0 0 -7.96402  -6.92787 0 3.68219 0 0 -8.05358  -0.0330648 0 0.0454721 0 0 -0.0266436  0.0910596 0 0.272333 0 0 0.116212  0 0 0 0 0 0  
149.383 3.60945 0.0246055 -6.83596 0 4 0 0 -7.89816  -6.89176 0 3.69321 0 0 -7.98439  -0.0368048 0 0.0437156 0 0 -0.032397  0.0925998 0 0.263074 0 0 0.118631  0 0 0 0 0 0  
149.854 3.62067 0.0230108 -6.71914 0 4 0 0 -7.83291  -6.77456 0 3.70643 0 0 -7.90331  -0.0369679 0 0.04247 0 0 -0.0293796  0.0923882 0 0.251102 0 0 0.0997754  0 0 0 0 0 0  
150.325 3.63121 0.0222244 -6.69132 0 4 0 0 -7.76712  -6.75443 0 3.71168 0 0 -7.83967  -0.0336251 0 0.0410004 0 0 -0.0250837  0.0967321 0 0.247323 0 0 0.0976289  0 0 0 0 0 0  
150.796 3.64169 0.021948 -6.54896 0 4 0 0 -7.59698  -6.63386 0 3.72241 0 0 -7.70942  -0.0314323 0 0.0345869 0 0 -0.0205864  0.116333 0 0.243007 0 0 0.133021  0 0 0 0 0 0  
151.268 3.65202 0.022112 -6.42942 0 4 0 0 -7.41888  -6.51839 0 3.71874 0 0 -7.53443  -0.0302723 0 0.035144 0 0 -0.0201962  0.119245 0 0.246116 0 0 0.135746  0 0 0 0 0 0  
151.739 3.66232 0.0216759 -6.34482 0 4 0 0 -7.26594  -6.44353 0 3.71927 0 0 -7.38467  -0.0290377 0 0.0328058 0 0 -0.0224376  0.127753 0 0.247927 0 0 0.141167  0 0 0 0 0 0  
152.21 3.6727 0.0222251 -6.09392 0 4 0 0 -7.1718  -6.19823 0 3.71739 0 0 -7.30497  -0.0257436 0 0.0332097 0 0 -0.0231854  0.130046 0 0.249399 0 0 0.156349  0 0 0 0 0 0  
152.681 3.68322 0.0222855 -5.96594 0 4 0 0 -7.17309  -6.06503 0 3.71742 0 0 -7.30064  -0.024761 0 0.0307079 0 0 -0.0267018  0.123849 0 0.251875 0 0 0.154252  0 0 0 0 0 0  
153.153 3.69367 0.0222506 -5.98174 0 4 0 0 -7.27399  -6.07053 0 3.72481 0 0 -7.39278  -0.0266699 0 0.0303065 0 0 -0.0299068  0.115461 0 0.244884 0 0 0.148696  0 0 0 0 0 0  
153.624 3.70416 0.0224547 -5.98971 0 4 0 0 -7.39856  -6.07418 0 3.73393 0 0 -7.50743  -0.0249557 0 0.0314173 0 0 -0.0256846  0.109425 0 0.234655 0 0 0.134559  0 0 0 0 0 0  
154.095 3.71465 0.022199 -5.99339 0 4 0 0 -7.44447  -6.0742 0 3.73679 0 0 -7.55638  -0.026291 0 0.0302828 0 0 -0.0222078  0.107099 0 0.232925 0 0 0.134119  0 0 0 0 0 0  
154.566 3.72499 0.022341 -6.10059 0 4 0 0 -7.50413  -6.16927 0 3.72617 0 0 -7.62367  -0.0375914 0 0.0286528 0 0 -0.0293504  0.10627 0 0.245179 0 0 0.148888  0 0 0 0 0 0  
155.038 3.73565 0.0227906 -6.22963 0 4 0 0 -7.60335  -6.28863 0 3.72445 0 0 -7.7165  -0.0436151 0 0.0301704 0 0 -0.0317082  0.102608 0 0.245382 0 0 0.144861  0 0 0 0 0 0  
155.509 3.74648 0.0232408 -6.31693 0 4 0 0 -7.57879  -6.3689 0 3.72292 0 0 -7.69452  -0.0391511 0 0.0332227 0 0 -0.032396  0.091122 0 0.243861 0 0 0.148124  0 0 0 0 0 0  
155.98 3.75789 0.0246079 -6.40476 0 4 0 0 -7.55123  -6.44687 0 3.7102 0 0 -7.65375  -0.0378765 0 0.0354589 0 0 -0.0357333  0.0799899 0 0.254339 0 0 0.138249  0 0 0 0 0 0  
156.451 3.76962 0.0251356 -6.35057 0 4 0 0 -7.25107  -6.40154 0 3.7096 0 0 -7.36205  -0.0328537 0 0.0386528 0 0 -0.028614  0.0838248 0 0.251747 0 0 0.139597  0 0 0 0 0 0  
156.923 3.78126 0.0246073 -6.267 0 4 0 0 -6.90717  -6.31546 0 3.71652 0 0 -7.00665  -0.0284746 0 0.0398283 0 0 -0.0273795  0.0769295 0 0.243651 0 0 0.126852  0 0 0 0 0 0  
157.394 3.79308 0.0256675 -6.21032 0 4 0 0 -6.64817  -6.28513 0 3.69714 0 0 -6.76993  -0.0260749 0 0.0399217 0 0 -0.0211611  0.100886 0 0.262935 0 0 0.142922  0 0 0 0 0 0  
157.865 3.80565 0.0275757 -6.24856 0 4 0 0 -6.55775  -6.3344 0 3.66171 0 0 -6.72034  -0.0300804 0 0.0422036 0 0 -0.0292848  0.115919 0 0.296082 0 0 0.191881  0 0 0 0 0 0  
158.336 3.81875 0.0282382 -6.38293 0 4 0 0 -6.67406  -6.47278 0 3.64027 0 0 -6.83977  -0.0330813 0 0.0429439 0 0 -0.0314859  0.122935 0 0.316786 0 0 0.197198  0 0 0 0 0 0  
158.808 3.8323 0.0290529 -6.48731 0 4 0 0 -6.75346  -6.58401 0 3.63273 0 0 -6.92843  -0.0353484 0 0.0396277 0 0 -0.0276967  0.132048 0 0.327643 0 0 0.202667  0 0 0 0 0 0  
159.279 3.84611 0.029765 -6.53914 0 4 0 0 -6.77616  -6.64725 0 3.60378 0 0 -6.99492  -0.0323221 0 0.0455733 0 0 -0.0246935  0.140426 0 0.350643 0 0 0.243461  0 0 0 0 0 0  
159.75 3.8603 0.0302811 -6.45861 0 4 0 0 -6.82464  -6.57156 0 3.60112 0 0 -7.02673  -0.0324962 0 0.0439101 0 0 -0.0257957  0.145444 0 0.354971 0 0 0.227882  0 0 0 0 0 0  
160.221 3.87476 0.0306152 -6.51028 0 4 0 0 -6.91216  -6.60655 0 3.60107 0 0 -7.09285  -0.0340865 0 0.0448494 0 0 -0.0317243  0.130361 0 0.354081 0 0 0.212414  0 0 0 0 0 0  
160.692 3.88943 0.0314554 -6.53519 0 4 0 0 -6.82889  -6.63181 0 3.58986 0 0 -7.02409  -0.0481368 0 0.0466256 0 0 -0.043138  0.144749 0 0.36351 0 0 0.238337  0 0 0 0 0 0  
161.164 3.9044 0.0322679 -6.57805 0 4 0 0 -6.6508  -6.67315 0 3.58243 0 0 -6.83113  -0.0414916 0 0.0504693 0 0 -0.0376318  0.136586 0 0.367104 0 0 0.217955  0 0 0 0 0 0  
161.635 3.91983 0.0340594 -6.66041 0 4 0 0 -6.49393  -6.7713 0 3.55422 0 0 -6.66348  -0.0454934 0 0.0576065 0 0 -0.0391207  0.156392 0 0.388169 0 0 0.208672  0 0 0 0 0 0  
162.106 3.93589 0.0337972 -6.69287 0 4 0 0 -6.11918  -6.80445 0 3.54591 0 0 -6.31291  -0.0447926 0 0.0595981 0 0 -0.0403822  0.156379 0 0.394492 0 0 0.234119  0 0 0 0 0 0  
162.577 3.95197 0.0343757 -6.58712 0 4 0 0 -5.94675  -6.71154 0 3.52494 0 0 -6.15688  -0.044912 0 0.0642716 0 0 -0.0339238  0.169332 0 0.410785 0 0 0.244055  0 0 0 0 0 0  
163.049 3.96777 0.0321 -6.63163 0 4 0 0 -6.04375  -6.75028 0 3.55989 0 0 -6.23736  -0.0421263 0 0.0620251 0 0 -0.0241784  0.160772 0 0.37808 0 0 0.217783  0 0 0 0 0 0  
163.52 3.98268 0.0306999 -6.60441 0 4 0 0 -6.14532  -6.70584 0 3.58403 0 0 -6.30061  -0.0298604 0 0.0605121 0 0 -0.0225882  0.131291 0 0.355455 0 0 0.177871  0 0 0 0 0 0  
163.991 3.99673 0.0288913 -6.76154 0 4 0 0 -6.35472  -6.85359 0 3.62469 0 0 -6.4834  -0.0324898 0 0.0608155 0 0 -0.0212767  0.124534 0 0.314498 0 0 0.149956  0 0 0 0 0 0  
164.462 4.01012 0.027388 -7.04557 0 4 0 0 -6.60003  -7.13264 0 3.6625 0 0 -6.71814  -0.0362295 0 0.0537796 0 0 -0.0256114  0.123296 0 0.283724 0 0 0.143721  0 0 0 0 0 0  
164.934 4.02265 0.0253552 -7.20485 0 4 0 0 -6.78546  -7.2884 0 3.6917 0 0 -6.89567  -0.035258 0 0.0487452 0 0 -0.0269326  0.11881 0 0.259556 0 0 0.137135  0 0 0 0 0 0  
165.405 4.03408 0.0234647 -7.37115 0 4 0 0 -6.83381  -7.44473 0 3.72032 0 0 -6.92688  -0.0320201 0 0.0442309 0 0 -0.0233024  0.105597 0 0.235445 0 0 0.11637  0 0 0 0 0 0  
165.876 4.045 0.0228243 -7.51449 0 4 0 0 -6.75993  -7.59437 0 3.73615 0 0 -6.85548  -0.0248447 0 0.0405174 0 0 -0.0265721  0.104726 0 0.223335 0 0 0.122124  0 0 0 0 0 0  
166.347 4.05587 0.022791 -7.64413 0 4 0 0 -6.65933  -7.71834 0 3.72798 0 0 -6.75081  -0.0240353 0 0.0447565 0 0 -0.0277564  0.0982367 0 0.227264 0 0 0.119241  0 0 0 0 0 0  
166.819 4.06636 0.0216076 -7.8024 0 4 0 0 -6.69458  -7.86216 0 3.73096 0 0 -6.77849  -0.0269131 0 0.0417987 0 0 -0.0255243  0.0866777 0 0.227246 0 0 0.109434  0 0 0 0 0 0  
167.29 4.07611 0.0195851 -7.98186 0 4 0 0 -6.72359  -8.04145 0 3.75759 0 0 -6.8199  -0.0224105 0 0.0345319 0 0 -0.0266873  0.0819997 0 0.207882 0 0 0.123  0 0 0 0 0 0  
167.761 4.08533 0.0195474 -7.9563 0 4 0 0 -6.54691  -8.01917 0 3.76659 0 0 -6.64445  -0.0177249 0 0.0322631 0 0 -0.0190307  0.0806029 0 0.201148 0 0 0.116563  0 0 0 0 0 0  
168.232 4.09459 0.0200966 -7.9196 0 4 0 0 -6.52035  -7.97805 0 3.7602 0 0 -6.609  -0.0148494 0 0.0357234 0 0 -0.0155705  0.0732979 0 0.204074 0 0 0.104226  0 0 0 0 0 0  
168.704 4.10409 0.020553 -7.84168 0 4 0 0 -6.57499  -7.89954 0 3.75844 0 0 -6.66366  -0.0179957 0 0.0385186 0 0 -0.0170426  0.0758535 0 0.203042 0 0 0.105717  0 0 0 0 0 0  
169.175 4.11359 0.0196096 -7.83949 0 4 0 0 -6.67974  -7.89236 0 3.76638 0 0 -6.76313  -0.0188476 0 0.039061 0 0 -0.015437  0.0717242 0 0.194562 0 0 0.0988269  0 0 0 0 0 0  
169.646 4.12287 0.0192501 -7.74091 0 4 0 0 -6.77048  -7.79087 0 3.77707 0 0 -6.85326  -0.0180503 0 0.0367107 0 0 -0.0131379  0.068009 0 0.186219 0 0 0.0959193  0 0 0 0 0 0  
170.117 4.13178 0.0187387 -7.5852 0 4 0 0 -6.83111  -7.64128 0 3.78928 0 0 -6.89663  -0.0152605 0 0.0365811 0 0 -0.0107445  0.0713408 0 0.174136 0 0 0.0762649  0 0 0 0 0 0  
170.588 4.14061 0.0186928 -7.47549 0 4 0 0 -6.72645  -7.54095 0 3.78372 0 0 -6.79807  -0.0134694 0 0.0353318 0 0 -0.00710372  0.0789254 0 0.180945 0 0 0.0787199  0 0 0 0 0 0  
171.06 4.14897 0.0170878 -7.44992 0 4 0 0 -6.69364  -7.51606 0 3.79418 0 0 -6.76962  -0.00956033 0 0.0327624 0 0 -0.00873949  0.0757076 0 0.173056 0 0 0.084726  0 0 0 0 0 0  
171.531 4.15718 0.0177385 -7.33046 0 4 0 0 -6.59285  -7.39569 0 3.78077 0 0 -6.6705  -0.0157768 0 0.0331015 0 0 -0.0121162  0.0810103 0 0.186128 0 0 0.0897597  0 0 0 0 0 0  
172.002 4.16592 0.0182316 -7.18082 0 4 0 0 -6.49132  -7.24375 0 3.7682 0 0 -6.56873  -0.0168299 0 0.0328568 0 0 -0.017321  0.0797582 0 0.198938 0 0 0.0947317  0 0 0 0 0 0  
172.473 4.17462 0.0186544 -7.12547 0 4 0 0 -6.5877  -7.18386 0 3.7609 0 0 -6.64694  -0.0179005 0 0.0301246 0 0 -0.0139245  0.0762925 0 0.208971 0 0 0.0731617  0 0 0 0 0 0  
172.945 4.18339 0.0184208 -7.15593 0 4 0 0 -6.79374  -7.1925 0 3.77077 0 0 -6.83996  -0.0214503 0 0.030315 0 0 -0.0135448  0.0580276 0 0.198915 0 0 0.0597693  0 0 0 0 0 0  
173.416 4.19216 0.018706 -7.15228 0 4 0 0 -6.96703  -7.18491 0 3.76716 0 0 -7.00839  -0.0269257 0 0.0294103 0 0 -0.0163086  0.0595521 0 0.203434 0 0 0.0576672  0 0 0 0 0 0  
173.887 4.20124 0.0198131 -7.12669 0 4 0 0 -7.04036  -7.16526 0 3.75248 0 0 -7.08104  -0.0316142 0 0.0316664 0 0 -0.0224168  0.0701836 0 0.215849 0 0 0.063103  0 0 0 0 0 0  
174.358 4.21051 0.0196609 -7.04602 0 4 0 0 -7.03857  -7.07628 0 3.74862 0 0 -7.07954  -0.0281212 0 0.0318241 0 0 -0.0221958  0.0583849 0 0.219553 0 0 0.0631591  0 0 0 0 0 0  
174.83 4.21966 0.0195415 -6.92948 0 4 0 0 -7.02554  -6.94813 0 3.73629 0 0 -7.0634  -0.0314748 0 0.0348063 0 0 -0.0269164  0.0501203 0 0.228901 0 0 0.0647763  0 0 0 0 0 0  
175.301 4.22865 0.0186222 -6.94692 0 4 0 0 -7.06798  -6.96862 0 3.76109 0 0 -7.1161  -0.0340833 0 0.0327702 0 0 -0.0229173  0.0557847 0 0.206142 0 0 0.0710419  0 0 0 0 0 0  
175.772 4.23747 0.0187918 -6.95346 0 4 0 0 -7.06339  -6.97871 0 3.76391 0 0 -7.12469  -0.0363266 0 0.032387 0 0 -0.0257656  0.0615773 0 0.203702 0 0 0.0870623  0 0 0 0 0 0  
176.243 4.24658 0.0195758 -7.05398 0 4 0 0 -7.1087  -7.08716 0 3.75546 0 0 -7.18329  -0.0393039 0 0.0329534 0 0 -0.0277789  0.0724863 0 0.211587 0 0 0.102366  0 0 0 0 0 0  
176.715 4.2558 0.0196142 -7.12538 0 4 0 0 -7.02696  -7.16217 0 3.75125 0 0 -7.09892  -0.0362473 0 0.0309375 0 0 -0.0299188  0.0730375 0 0.217813 0 0 0.101878  0 0 0 0 0 0  
177.186 4.26507 0.0196674 -7.12467 0 4 0 0 -7.00801  -7.17412 0 3.74721 0 0 -7.0896  -0.0358496 0 0.0303752 0 0 -0.0262486  0.0853005 0 0.222415 0 0 0.107838  0 0 0 0 0 0  
177.657 4.27429 0.0196883 -7.0185 0 4 0 0 -7.01137  -7.0727 0 3.75383 0 0 -7.09212  -0.0300022 0 0.0296263 0 0 -0.0240008  0.084201 0 0.216539 0 0 0.10475  0 0 0 0 0 0  
178.128 4.28333 0.0190763 -7.07025 0 4 0 0 -6.95888  -7.11781 0 3.75915 0 0 -7.0313  -0.0213132 0 0.027814 0 0 -0.0170028  0.0688768 0 0.213033 0 0 0.0894252  0 0 0 0 0 0  
178.6 4.2924 0.0195088 -7.13918 0 4 0 0 -7.05452  -7.18696 0 3.76224 0 0 -7.12417  -0.0206912 0 0.0284268 0 0 -0.0207485  0.0684721 0 0.209336 0 0 0.0903967  0 0 0 0 0 0  
179.071 4.30165 0.0196388 -7.11852 0 4 0 0 -7.20998  -7.16109 0 3.76329 0 0 -7.27438  -0.0180361 0 0.0272924 0 0 -0.0164087  0.0606117 0 0.209417 0 0 0.0808091  0 0 0 0 0 0  
179.542 4.31087 0.0196483 -7.16698 0 4 0 0 -7.31182  -7.20792 0 3.76541 0 0 -7.38004  -0.0192591 0 0.0306272 0 0 -0.0145692  0.0602046 0 0.203962 0 0 0.0827937  0 0 0 0 0 0  
180.013 4.3201 0.0196541 -7.2673 0 4 0 0 -7.3864  -7.30863 0 3.76879 0 0 -7.44932  -0.0192039 0 0.0323366 0 0 -0.0125656  0.0605245 0 0.19887 0 0 0.0754919  0 0 0 0 0 0  
180.484 4.32923 0.0188985 -7.35972 0 4 0 0 -7.3608  -7.39719 0 3.77928 0 0 -7.42456  -0.0189254 0 0.0302333 0 0 -0.0136586  0.0563964 0 0.190483 0 0 0.0774169  0 0 0 0 0 0  
180.956 4.33835 0.0192023 -7.33698 0 4 0 0 -7.26379  -7.37238 0 3.78038 0 0 -7.34279  -0.022442 0 0.0292742 0 0 -0.0147048  0.0578387 0 0.190346 0 0 0.0937082  0 0 0 0 0 0  
181.427 4.34735 0.0189778 -7.22734 0 4 0 0 -7.09634  -7.25959 0 3.78148 0 0 -7.16676  -0.0186202 0 0.0306332 0 0 -0.0101001  0.0508678 0 0.187883 0 0 0.0805213  0 0 0 0 0 0  
181.898 4.35656 0.0200617 -7.03924 0 4 0 0 -6.83737  -7.09006 0 3.7666 0 0 -6.92498  -0.0223787 0 0.0325084 0 0 -0.00898799  0.0732041 0 0.200891 0 0 0.0965918  0 0 0 0 0 0  
182.369 4.36661 0.0220435 -6.90412 0 4 0 0 -6.70063  -6.96303 0 3.74148 0 0 -6.80798  -0.0276299 0 0.0321916 0 0 -0.0151053  0.086539 0 0.226329 0 0 0.122455  0 0 0 0 0 0  
182.841 4.37736 0.0240153 -6.87084 0 4 0 0 -6.77601  -6.95142 0 3.71352 0 0 -6.89258  -0.0287329 0 0.0351208 0 0 -0.0210181  0.109314 0 0.251363 0 0 0.137585  0 0 0 0 0 0  
183.312 4.38869 0.0244031 -6.87703 0 4 0 0 -6.73424  -6.96924 0 3.70355 0 0 -6.85895  -0.0265286 0 0.0310358 0 0 -0.0169228  0.118732 0 0.265416 0 0 0.141632  0 0 0 0 0 0  
183.783 4.40009 0.0245166 -7.01987 0 4 0 0 -6.82898  -7.10444 0 3.69641 0 0 -6.95789  -0.0289541 0 0.0343329 0 0 -0.0153357  0.113526 0 0.269254 0 0 0.144243  0 0 0 0 0 0  
184.254 4.41204 0.0260068 -7.14957 0 4 0 0 -6.88315  -7.23123 0 3.67388 0 0 -7.00502  -0.0282141 0 0.039106 0 0 -0.0160035  0.109877 0 0.287019 0 0 0.137869  0 0 0 0 0 0  
184.726 4.42423 0.0259634 -7.36788 0 4 0 0 -6.90297  -7.4604 0 3.6789 0 0 -7.03509  -0.0241807 0 0.0354314 0 0 -0.0236671  0.116691 0 0.285667 0 0 0.155781  0 0 0 0 0 0  
185.197 4.43603 0.0248543 -7.48607 0 4 0 0 -7.07192  -7.57015 0 3.70167 0 0 -7.18809  -0.0216499 0 0.0367777 0 0 -0.0276713  0.105727 0 0.261554 0 0 0.143837  0 0 0 0 0 0  
185.668 4.44742 0.0242202 -7.6645 0 4 0 0 -7.28912  -7.7328 0 3.71305 0 0 -7.38683  -0.0144574 0 0.0351573 0 0 -0.0253139  0.0827565 0 0.251794 0 0 0.123021  0 0 0 0 0 0  
186.139 4.45892 0.0245134 -7.5786 0 4 0 0 -7.33931  -7.65695 0 3.71056 0 0 -7.43028  -0.0183929 0 0.0354091 0 0 -0.0354394  0.0967383 0 0.254028 0 0 0.126416  0 0 0 0 0 0  
186.611 4.47031 0.0239706 -7.58509 0 4 0 0 -7.32349  -7.66229 0 3.71192 0 0 -7.4243  -0.021099 0 0.0368575 0 0 -0.0319306  0.0982973 0 0.251222 0 0 0.132747  0 0 0 0 0 0  
187.082 4.48158 0.0236046 -7.59177 0 4 0 0 -7.42463  -7.66703 0 3.72169 0 0 -7.51693  -0.0214003 0 0.0361949 0 0 -0.0334286  0.0966557 0 0.242119 0 0 0.125735  0 0 0 0 0 0  
187.553 4.49266 0.0228116 -7.66483 0 4 0 0 -7.54737  -7.75126 0 3.7267 0 0 -7.64705  -0.022529 0 0.0336315 0 0 -0.0348356  0.108958 0 0.239668 0 0 0.134515  0 0 0 0 0 0  
188.024 4.50313 0.0218147 -7.86067 0 4 0 0 -7.79056  -7.95094 0 3.74641 0 0 -7.88659  -0.0124445 0 0.0320313 0 0 -0.0272162  0.102711 0 0.221558 0 0 0.123249  0 0 0 0 0 0  
188.496 4.5129 0.0206087 -8.06032 0 4 0 0 -8.02657  -8.13853 0 3.76834 0 0 -8.11158  -0.00995928 0 0.0283495 0 0 -0.0243031  0.0881704 0 0.20331 0 0 0.109306  0 0 0 0 0 0  
188.967 4.52244 0.0203769 -8.13759 0 4 0 0 -8.15887  -8.22245 0 3.76565 0 0 -8.24282  -0.0117999 0 0.0304312 0 0 -0.023962  0.0966669 0 0.203916 0 0 0.107914  0 0 0 0 0 0  
189.438 4.5319 0.0198424 -8.11796 0 4 0 0 -8.18642  -8.17567 0 3.77359 0 0 -8.2561  -0.0155995 0 0.0300102 0 0 -0.020195  0.0733118 0 0.196399 0 0 0.0898697  0 0 0 0 0 0  
189.909 4.54131 0.0199389 -7.9993 0 4 0 0 -8.24818  -8.05516 0 3.76795 0 0 -8.30879  -0.0129231 0 0.0314377 0 0 -0.0191819  0.068777 0 0.200616 0 0 0.0797976  0 0 0 0 0 0  
190.381 4.55028 0.0184751 -7.86012 0 4 0 0 -8.23056  -7.91649 0 3.78061 0 0 -8.28771  -0.0157232 0 0.0280921 0 0 -0.0197602  0.0720934 0 0.191302 0 0 0.0769065  0 0 0 0 0 0  
190.852 4.55875 0.0181194 -7.77947 0 4 0 0 -8.15887  -7.84007 0 3.78444 0 0 -8.22153  -0.0202725 0 0.0277199 0 0 -0.026701  0.0808724 0 0.187845 0 0 0.0893535  0 0 0 0 0 0  
191.323 4.56734 0.0179515 -7.72884 0 4 0 0 -8.22445  -7.78859 0 3.78937 0 0 -8.29271  -0.0197133 0 0.0283799 0 0 -0.0290801  0.0794636 0 0.182245 0 0 0.0973363  0 0 0 0 0 0  
191.794 4.57559 0.017262 -7.71642 0 4 0 0 -8.21612  -7.77121 0 3.79195 0 0 -8.27543  -0.0152413 0 0.0310396 0 0 -0.0243645  0.0700361 0 0.177009 0 0 0.0836766  0 0 0 0 0 0  
192.265 4.5837 0.0172891 -7.72252 0 4 0 0 -8.18578  -7.78301 0 3.8 0 0 -8.2493  -0.0124683 0 0.0288981 0 0 -0.0191618  0.0729583 0 0.171099 0 0 0.0826753  0 0 0 0 0 0  
192.737 4.5919 0.0178957 -7.72431 0 4 0 0 -8.16779  -7.79527 0 3.79509 0 0 -8.24281  -0.0151191 0 0.0307732 0 0 -0.019963  0.0860786 0 0.174138 0 0 0.0949785  0 0 0 0 0 0  
193.208 4.60062 0.0189536 -7.79991 0 4 0 0 -8.13946  -7.88187 0 3.78583 0 0 -8.22684  -0.0141279 0 0.0307468 0 0 -0.017999  0.0960853 0 0.183422 0 0 0.10537  0 0 0 0 0 0  
193.679 4.60945 0.0187188 -7.78182 0 4 0 0 -8.05693  -7.85257 0 3.78002 0 0 -8.13252  -0.0173808 0 0.0311623 0 0 -0.0194136  0.0881277 0 0.188817 0 0 0.0950089  0 0 0 0 0 0  
194.15 4.61836 0.0189124 -7.70981 0 4 0 0 -7.99556  -7.77224 0 3.77133 0 0 -8.06115  -0.0147187 0 0.0293174 0 0 -0.0183703  0.0771511 0 0.199353 0 0 0.083968  0 0 0 0 0 0  
194.622 4.62739 0.0192286 -7.7427 0 4 0 0 -7.7751  -7.80947 0 3.76899 0 0 -7.84733  -0.0157007 0 0.0310707 0 0 -0.015892  0.0824657 0 0.199935 0 0 0.0881133  0 0 0 0 0 0  
195.093 4.63656 0.0198212 -7.60323 0 4 0 0 -7.53481  -7.66629 0 3.75884 0 0 -7.61244  -0.0163996 0 0.0332019 0 0 -0.0171457  0.0794516 0 0.207962 0 0 0.0947799  0 0 0 0 0 0  
195.564 4.6461 0.0206208 -7.43303 0 4 0 0 -7.38723  -7.50445 0 3.74008 0 0 -7.4799  -0.018001 0 0.0346412 0 0 -0.0209717  0.0894258 0 0.225282 0 0 0.113644  0 0 0 0 0 0  
196.035 4.656 0.0213952 -7.38299 0 4 0 0 -7.26585  -7.46301 0 3.74119 0 0 -7.36535  -0.0189764 0 0.0318104 0 0 -0.0212753  0.0989938 0 0.226998 0 0 0.120778  0 0 0 0 0 0  
196.507 4.66599 0.0212946 -7.36178 0 4 0 0 -7.32077  -7.4391 0 3.74149 0 0 -7.4182  -0.0230777 0 0.0319397 0 0 -0.0233647  0.1004 0 0.226574 0 0 0.120794  0 0 0 0 0 0  
196.978 4.67583 0.0207542 -7.254 0 4 0 0 -7.34659  -7.32866 0 3.75189 0 0 -7.4367  -0.0211809 0 0.0288742 0 0 -0.0197358  0.0958468 0 0.219237 0 0 0.109846  0 0 0 0 0 0  
197.449 4.68573 0.0211572 -7.27056 0 4 0 0 -7.35478  -7.34138 0 3.74881 0 0 -7.43852  -0.0238227 0 0.0302062 0 0 -0.021496  0.0946405 0 0.220986 0 0 0.105239  0 0 0 0 0 0  
197.92 4.69579 0.0217342 -7.23624 0 4 0 0 -7.45411  -7.30549 0 3.74996 0 0 -7.54222  -0.0144345 0 0.0334381 0 0 -0.017418  0.0836861 0 0.216606 0 0 0.105524  0 0 0 0 0 0  
198.392 4.70611 0.022543 -7.30598 0 4 0 0 -7.54344  -7.37616 0 3.73443 0 0 -7.63349  -0.0125386 0 0.0360949 0 0 -0.0209197  0.0827252 0 0.229477 0 0 0.110965  0 0 0 0 0 0  
198.863 4.71662 0.0222199 -7.33816 0 4 0 0 -7.52338  -7.40509 0 3.72716 0 0 -7.6153  -0.0156807 0 0.036605 0 0 -0.0200695  0.0826169 0 0.236237 0 0 0.111994  0 0 0 0 0 0  
199.334 4.72705 0.0217795 -7.31127 0 4 0 0 -7.48635  -7.37676 0 3.72526 0 0 -7.57462  -0.0190129 0 0.0354561 0 0 -0.0232996  0.0845018 0 0.23928 0 0 0.111565  0 0 0 0 0 0  
199.805 4.73746 0.021803 -7.24987 0 4 0 0 -7.55587  -7.33634 0 3.7268 0 0 -7.64639  -0.0176122 0 0.0360346 0 0 -0.02355  0.104082 0 0.237169 0 0 0.114078  0 0 0 0 0 0  
200.277 4.74787 0.0222745 -7.16303 0 4 0 0 -7.6045  -7.26421 0 3.72049 0 0 -7.7165  -0.00853712 0 0.0360875 0 0 -0.0167722  0.109723 0 0.24342 0 0 0.128779  0 0 0 0 0 0  
200.748 4.75879 0.0234066 -7.04189 0 4 0 0 -7.58953  -7.15065 0 3.70318 0 0 -7.70279  -0.0102235 0 0.0425668 0 0 -0.016032  0.118977 0 0.254257 0 0 0.129296  0 0 0 0 0 0  
201.219 4.77008 0.0242903 -6.87427 0 4 0 0 -7.60048  -6.98342 0 3.68267 0 0 -7.71034  -0.0149617 0 0.0483482 0 0 -0.0218635  0.124121 0 0.268983 0 0 0.131724  0 0 0 0 0 0  
201.69 4.78165 0.02443 -6.79113 0 4 0 0 -7.50613  -6.89977 0 3.66659 0 0 -7.64428  -0.0174373 0 0.0473947 0 0 -0.0291895  0.126076 0 0.286016 0 0 0.167339  0 0 0 0 0 0  
202.161 4.79311 0.0241962 -6.65308 0 4 0 0 -7.37668  -6.7718 0 3.67274 0 0 -7.5349  -0.0154888 0 0.0478907 0 0 -0.0181317  0.134204 0 0.279374 0 0 0.176353  0 0 0 0 0 0  
202.633 4.80412 0.0231888 -6.66097 0 4 0 0 -7.55869  -6.77576 0 3.69743 0 0 -7.7081  -0.018495 0 0.0437351 0 0 -0.0207685  0.13329 0 0.258833 0 0 0.170179  0 0 0 0 0 0  
203.104 4.81472 0.0221719 -6.92241 0 4 0 0 -7.76948  -7.02373 0 3.72048 0 0 -7.88871  -0.0192887 0 0.0417731 0 0 -0.0225661  0.120605 0 0.237751 0 0 0.141792  0 0 0 0 0 0  
203.575 4.82517 0.0218919 -7.05007 0 4 0 0 -7.87719  -7.15965 0 3.72886 0 0 -8.00317  -0.017743 0 0.0400761 0 0 -0.0233562  0.127315 0 0.231068 0 0 0.149342  0 0 0 0 0 0  
204.046 4.83542 0.0215424 -7.1728 0 4 0 0 -7.90238  -7.27368 0 3.73904 0 0 -8.03987  -0.0156203 0 0.037615 0 0 -0.0149199  0.116506 0 0.223343 0 0 0.152404  0 0 0 0 0 0  
204.518 4.8457 0.0218211 -7.27504 0 4 0 0 -8.07746  -7.37086 0 3.7318 0 0 -8.22261  -0.018509 0 0.0364107 0 0 -0.0163289  0.114329 0 0.231787 0 0 0.161478  0 0 0 0 0 0  
204.989 4.85579 0.0208596 -7.35877 0 4 0 0 -8.2314  -7.43699 0 3.74901 0 0 -8.36289  -0.0188911 0 0.0374009 0 0 -0.0115755  0.0971118 0 0.213593 0 0 0.143069  0 0 0 0 0 0  
205.46 4.86549 0.0203053 -7.37219 0 4 0 0 -8.30507  -7.44274 0 3.75312 0 0 -8.42337  -0.0188874 0 0.037669 0 0 -0.0111896  0.089437 0 0.209214 0 0 0.129486  0 0 0 0 0 0  
205.931 4.87489 0.0194455 -7.45919 0 4 0 0 -8.33554  -7.51366 0 3.77485 0 0 -8.42076  -0.020289 0 0.0386426 0 0 -0.00842142  0.0747585 0 0.186505 0 0 0.0936389  0 0 0 0 0 0  
206.403 4.88402 0.0188081 -7.59923 0 4 0 0 -8.40805  -7.64504 0 3.78552 0 0 -8.48307  -0.01646 0 0.0366134 0 0 -0.0081924  0.0622685 0 0.177868 0 0 0.0832105  0 0 0 0 0 0  
206.874 4.89273 0.017852 -7.75336 0 4 0 0 -8.50843  -7.80906 0 3.78982 0 0 -8.59251  -0.0170365 0 0.0318578 0 0 -0.0148525  0.0727317 0 0.17832 0 0 0.0989376  0 0 0 0 0 0  
207.345 4.90093 0.0170516 -7.93594 0 4 0 0 -8.67527  -7.98692 0 3.79326 0 0 -8.75038  -0.0161176 0 0.0301026 0 0 -0.0138522  0.0670985 0 0.176636 0 0 0.0889574  0 0 0 0 0 0  
207.816 4.90903 0.0170931 -8.05488 0 4 0 0 -8.8718  -8.10342 0 3.79777 0 0 -8.94547  -0.0162386 0 0.0304882 0 0 -0.010669  0.0647782 0 0.17174 0 0 0.084334  0 0 0 0 0 0  
208.288 4.91722 0.0174902 -8.15474 0 4 0 0 -9.09489  -8.19647 0 3.79401 0 0 -9.15444  -0.0193097 0 0.0315109 0 0 -0.0121711  0.0610412 0 0.17448 0 0 0.0717219  0 0 0 0 0 0  
208.759 4.92556 0.0174986 -8.27071 0 4 0 0 -9.37499  -8.31116 0 3.79869 0 0 -9.42868  -0.0195059 0 0.032914 0 0 -0.00851309  0.0599552 0 0.168395 0 0 0.0622086  0 0 0 0 0 0  
209.23 4.93349 0.0165431 -8.36047 0 4 0 0 -9.60367  -8.39537 0 3.81438 0 0 -9.65417  -0.0126446 0 0.0317173 0 0 -0.00768943  0.0475425 0 0.153905 0 0 0.0581898  0 0 0 0 0 0  
209.701 4.94112 0.0156202 -8.41708 0 4 0 0 -9.86045  -8.45728 0 3.82586 0 0 -9.90988  -0.0101189 0 0.0297081 0 0 -0.00578013  0.0503249 0 0.144436 0 0 0.0552136  0 0 0 0 0 0  
210.173 4.94824 0.0145285 -8.46246 0 4 0 0 -10.0222  -8.50341 0 3.83466 0 0 -10.0742  -0.0113412 0 0.0284239 0 0 -0.00880627  0.0522887 0 0.136915 0 0 0.0607925  0 0 0 0 0 0  
210.644 4.95504 0.0140429 -8.51414 0 4 0 0 -10.1651  -8.54635 0 3.84536 0 0 -10.2095  -0.00954061 0 0.0277475 0 0 -0.00732381  0.0417513 0 0.126895 0 0 0.0517235  0 0 0 0 0 0  
211.115 4.96172 0.0142234 -8.61299 0 4 0 0 -10.2205  -8.64992 0 3.85132 0 0 -10.2678  -0.0087587 0 0.0250411 0 0 -0.00625512  0.0456896 0 0.123639 0 0 0.0535646  0 0 0 0 0 0  
211.586 4.96854 0.0146002 -8.69248 0 4 0 0 -10.2068  -8.73019 0 3.85163 0 0 -10.254  -0.00907358 0 0.0235773 0 0 -0.00857108  0.046781 0 0.124797 0 0 0.0558018  0 0 0 0 0 0  
212.058 4.97565 0.0156301 -8.65352 0 4 0 0 -10.1228  -8.69284 0 3.84127 0 0 -10.1735  -0.0123151 0 0.0251119 0 0 -0.0106167  0.0516343 0 0.133619 0 0 0.0613385  0 0 0 0 0 0  
212.529 4.98312 0.0162509 -8.46865 0 4 0 0 -9.9335  -8.5044 0 3.83824 0 0 -9.98268  -0.0158422 0 0.0243939 0 0 -0.0140572  0.0515923 0 0.137369 0 0 0.0632423  0 0 0 0 0 0  
213 4.99096 0.0173132 -8.24483 0 4 0 0 -9.74653  -8.28612 0 3.82082 0 0 -9.79858  -0.0177224 0 0.0283756 0 0 -0.017354  0.0590119 0 0.150805 0 0 0.0694085  0 0 0 0 0 0  
213.471 4.99911 0.0177943 -8.09347 0 4 0 0 -9.53929  -8.14384 0 3.81543 0 0 -9.59288  -0.0160657 0 0.0290176 0 0 -0.0202697  0.0664332 0 0.155555 0 0 0.073863  0 0 0 0 0 0  
213.942 5.00752 0.0177781 -7.86625 0 4 0 0 -9.06305  -7.93365 0 3.80867 0 0 -9.13  -0.0121813 0 0.0290873 0 0 -0.0217029  0.0795755 0 0.162245 0 0 0.0886508  0 0 0 0 0 0  
