# LF_DEM version v3.0-126-gb72fb1a
# np 1000
# VF 0.76
# Lx 73.993
# Ly 0
# Lz 73.993
# flow_type shear
# data in cl units.
#1: time
#2: cumulated strain
#3: shear rate
#4-9: total stress tensor (xx, xy, xz, yz, yy, zz)
#10-15: contact stress tensor (xx, xy, xz, yz, yy, zz)
#16-21: dashpot stress tensor (xx, xy, xz, yz, yy, zz)
#22-27: hydro stress tensor (xx, xy, xz, yz, yy, zz)
#28-33: repulsion stress tensor (xx, xy, xz, yz, yy, zz)

0.00628319 0.000421159 0.0670296 -3.81884 0 3 0 0 -3.44456  -4.2189 0 2.0915 0 0 -4.10586  -0.116458 0 0.0719257 0 0 -0.127098  0.51652 0 0.836571 0 0 0.788399  0 0 0 0 0 0  
0.628319 0.0280637 0.0396405 -3.82677 0 3 0 0 -3.50076  -4.06511 0 2.43608 0 0 -3.86788  -0.0927746 0 0.0395758 0 0 -0.08028  0.331121 0 0.524345 0 0 0.447404  0 0 0 0 0 0  
1.25664 0.0521804 0.0371934 -4.147 0 3 0 0 -3.80702  -4.33162 0 2.47304 0 0 -4.09679  -0.0809518 0 0.0447492 0 0 -0.0821724  0.265573 0 0.482209 0 0 0.371949  0 0 0 0 0 0  
1.88496 0.0747358 0.0349883 -4.31545 0 3 0 0 -3.97743  -4.47691 0 2.50647 0 0 -4.26528  -0.0679209 0 0.048589 0 0 -0.0678732  0.229382 0 0.444938 0 0 0.355719  0 0 0 0 0 0  
2.51327 0.0962087 0.0338854 -4.44287 0 3 0 0 -4.17006  -4.57789 0 2.53189 0 0 -4.42731  -0.0572915 0 0.0471301 0 0 -0.0488429  0.192304 0 0.42098 0 0 0.306094  0 0 0 0 0 0  
3.14159 0.117225 0.0329513 -4.66296 0 3 0 0 -4.52177  -4.75588 0 2.55525 0 0 -4.70912  -0.0602955 0 0.0507594 0 0 -0.0528425  0.153212 0 0.393989 0 0 0.24019  0 0 0 0 0 0  
3.76991 0.138028 0.0325854 -4.86906 0 3 0 0 -4.71865  -4.95925 0 2.5963 0 0 -4.90903  -0.053759 0 0.0493774 0 0 -0.0486151  0.143951 0 0.354325 0 0 0.238999  0 0 0 0 0 0  
4.39823 0.158188 0.0314595 -4.99412 0 3 0 0 -4.85541  -5.07889 0 2.62298 0 0 -5.0302  -0.0477356 0 0.044397 0 0 -0.0448583  0.132506 0 0.332628 0 0 0.219646  0 0 0 0 0 0  
5.02655 0.17805 0.0310718 -5.08127 0 3 0 0 -4.96252  -5.15656 0 2.63891 0 0 -5.12008  -0.0557413 0 0.0428005 0 0 -0.0487653  0.131036 0 0.31829 0 0 0.206326  0 0 0 0 0 0  
5.65487 0.197346 0.0305075 -5.13951 0 3 0 0 -4.85151  -5.21591 0 2.64222 0 0 -5.00726  -0.058173 0 0.0392304 0 0 -0.0386907  0.134573 0 0.318552 0 0 0.19444  0 0 0 0 0 0  
6.28319 0.216377 0.0305991 -5.03336 0 3 0 0 -4.67829  -5.10018 0 2.62708 0 0 -4.83766  -0.0639521 0 0.0428229 0 0 -0.0377057  0.130781 0 0.330099 0 0 0.197072  0 0 0 0 0 0  
6.9115 0.235159 0.0291728 -5.04062 0 3 0 0 -4.52254  -5.08651 0 2.63331 0 0 -4.68276  -0.0557824 0 0.0420354 0 0 -0.0331232  0.101675 0 0.324653 0 0 0.19334  0 0 0 0 0 0  
7.53982 0.253425 0.0287669 -5.13657 0 3 0 0 -4.31356  -5.20541 0 2.61648 0 0 -4.50792  -0.0583737 0 0.0396847 0 0 -0.0465507  0.127222 0 0.34384 0 0 0.240913  0 0 0 0 0 0  
8.16814 0.271222 0.0287477 -5.26632 0 3 0 0 -4.25142  -5.34525 0 2.60558 0 0 -4.44493  -0.0592417 0 0.0422574 0 0 -0.048228  0.138172 0 0.352163 0 0 0.241734  0 0 0 0 0 0  
8.79646 0.288678 0.0271042 -5.26298 0 3 0 0 -4.23727  -5.34956 0 2.6107 0 0 -4.42733  -0.0545431 0 0.04456 0 0 -0.0526459  0.14113 0 0.344742 0 0 0.242715  0 0 0 0 0 0  
9.42478 0.305335 0.0261121 -5.37578 0 3 0 0 -4.4083  -5.46631 0 2.62949 0 0 -4.60637  -0.0473958 0 0.0384552 0 0 -0.0465066  0.137921 0 0.332058 0 0 0.244576  0 0 0 0 0 0  
10.0531 0.321608 0.0257932 -5.36144 0 3 0 0 -4.62903  -5.44146 0 2.65249 0 0 -4.8058  -0.0422602 0 0.039426 0 0 -0.0387876  0.122276 0 0.30808 0 0 0.215552  0 0 0 0 0 0  
10.6814 0.33791 0.0260656 -5.30174 0 3 0 0 -4.77085  -5.38551 0 2.66507 0 0 -4.92836  -0.0454955 0 0.0353906 0 0 -0.0370575  0.129262 0 0.299544 0 0 0.194567  0 0 0 0 0 0  
11.3097 0.354317 0.0265235 -5.22413 0 3 0 0 -4.85454  -5.29724 0 2.68019 0 0 -4.98646  -0.0398691 0 0.0383131 0 0 -0.0345966  0.112977 0 0.281497 0 0 0.16652  0 0 0 0 0 0  
11.9381 0.370921 0.0265069 -5.16267 0 3 0 0 -5.07379  -5.23366 0 2.69149 0 0 -5.19026  -0.0384235 0 0.0379423 0 0 -0.0348664  0.109417 0 0.270572 0 0 0.15133  0 0 0 0 0 0  
12.5664 0.387543 0.0259279 -5.27624 0 3 0 0 -5.36368  -5.32755 0 2.70467 0 0 -5.45468  -0.0421502 0 0.0400324 0 0 -0.0312817  0.0934592 0 0.255297 0 0 0.122274  0 0 0 0 0 0  
13.1947 0.403684 0.0253946 -5.41545 0 3 0 0 -5.52122  -5.47471 0 2.72101 0 0 -5.61549  -0.0333552 0 0.0425027 0 0 -0.0264117  0.092616 0 0.236491 0 0 0.120677  0 0 0 0 0 0  
13.823 0.419221 0.0239827 -5.61814 0 3 0 0 -5.63524  -5.67752 0 2.73593 0 0 -5.72444  -0.034154 0 0.0385253 0 0 -0.0271004  0.0935321 0 0.22554 0 0 0.116293  0 0 0 0 0 0  
14.4513 0.434148 0.0229667 -5.67988 0 3 0 0 -5.69271  -5.75079 0 2.74508 0 0 -5.7921  -0.0275429 0 0.0321253 0 0 -0.03299  0.0984568 0 0.222796 0 0 0.132385  0 0 0 0 0 0  
15.0796 0.448124 0.0212419 -5.83701 0 3 0 0 -5.76078  -5.88925 0 2.76691 0 0 -5.83706  -0.0255591 0 0.0337698 0 0 -0.023412  0.0777948 0 0.199319 0 0 0.0996937  0 0 0 0 0 0  
15.708 0.461642 0.021193 -5.96579 0 3 0 0 -5.88658  -6.02058 0 2.76515 0 0 -5.98036  -0.0297122 0 0.0281055 0 0 -0.0250842  0.0845087 0 0.206743 0 0 0.118863  0 0 0 0 0 0  
16.3363 0.474947 0.0208387 -5.96507 0 3 0 0 -5.92962  -6.02208 0 2.76777 0 0 -6.01492  -0.0224366 0 0.0319523 0 0 -0.0216664  0.0794511 0 0.200279 0 0 0.106967  0 0 0 0 0 0  
16.9646 0.48811 0.0208668 -5.87354 0 3 0 0 -6.02036  -5.93279 0 2.75999 0 0 -6.09477  -0.0251201 0 0.0361198 0 0 -0.0279274  0.0843657 0 0.203891 0 0 0.102339  0 0 0 0 0 0  
17.5929 0.501043 0.0196433 -5.85946 0 3 0 0 -6.14387  -5.91516 0 2.78022 0 0 -6.20894  -0.0215016 0 0.0322858 0 0 -0.0265583  0.0772007 0 0.187495 0 0 0.0916204  0 0 0 0 0 0  
18.2212 0.513175 0.0188714 -5.82934 0 3 0 0 -6.19139  -5.87766 0 2.79647 0 0 -6.24345  -0.0156161 0 0.0311553 0 0 -0.0244505  0.0639338 0 0.172379 0 0 0.0765167  0 0 0 0 0 0  
18.8496 0.525016 0.0189408 -5.70094 0 3 0 0 -6.2663  -5.7459 0 2.79817 0 0 -6.31338  -0.0206922 0 0.0301932 0 0 -0.0184865  0.0656452 0 0.171634 0 0 0.065569  0 0 0 0 0 0  
19.4779 0.537294 0.0198986 -5.59725 0 3 0 0 -6.17501  -5.64286 0 2.78934 0 0 -6.21967  -0.0229812 0 0.0309688 0 0 -0.0242565  0.0685862 0 0.179691 0 0 0.0689117  0 0 0 0 0 0  
20.1062 0.550325 0.0224592 -5.42554 0 3 0 0 -5.93972  -5.48226 0 2.76261 0 0 -5.99735  -0.0275103 0 0.0357855 0 0 -0.0282374  0.0842251 0 0.201603 0 0 0.0858635  0 0 0 0 0 0  
20.7345 0.564565 0.0231002 -5.24757 0 3 0 0 -5.81219  -5.31115 0 2.74351 0 0 -5.89164  -0.0376878 0 0.0378583 0 0 -0.0285632  0.101264 0 0.218633 0 0 0.108014  0 0 0 0 0 0  
21.3628 0.579898 0.025602 -5.06501 0 3 0 0 -5.67762  -5.1409 0 2.7056 0 0 -5.7836  -0.0451291 0 0.0410293 0 0 -0.0290112  0.121024 0 0.253366 0 0 0.134992  0 0 0 0 0 0  
21.9911 0.596349 0.0264767 -4.80205 0 3 0 0 -5.3513  -4.90504 0 2.66373 0 0 -5.50783  -0.0531427 0 0.0368663 0 0 -0.0312554  0.15613 0 0.2994 0 0 0.187785  0 0 0 0 0 0  
22.6195 0.613712 0.0284595 -4.73615 0 3 0 0 -5.10255  -4.87948 0 2.62871 0 0 -5.2912  -0.0569931 0 0.0344246 0 0 -0.0354457  0.200325 0 0.336862 0 0 0.2241  0 0 0 0 0 0  
23.2478 0.631963 0.0290963 -4.67492 0 3 0 0 -4.95418  -4.81583 0 2.61986 0 0 -5.1332  -0.0567258 0 0.0392124 0 0 -0.0298036  0.197638 0 0.340923 0 0 0.208827  0 0 0 0 0 0  
23.8761 0.650388 0.0287916 -4.66121 0 3 0 0 -5.00686  -4.81064 0 2.63039 0 0 -5.177  -0.0513327 0 0.0401738 0 0 -0.0289961  0.200767 0 0.329437 0 0 0.19914  0 0 0 0 0 0  
24.5044 0.667791 0.0266182 -4.80148 0 3 0 0 -5.1383  -4.9325 0 2.66049 0 0 -5.28312  -0.0394472 0 0.0378436 0 0 -0.026959  0.170467 0 0.301671 0 0 0.17178  0 0 0 0 0 0  
25.1327 0.683903 0.0261619 -4.95722 0 3 0 0 -5.20258  -5.08145 0 2.64912 0 0 -5.35813  -0.0434528 0 0.0344362 0 0 -0.0256363  0.167683 0 0.316446 0 0 0.181191  0 0 0 0 0 0  
25.7611 0.700023 0.0254718 -5.08921 0 3 0 0 -5.1931  -5.20919 0 2.67454 0 0 -5.3401  -0.040984 0 0.0350925 0 0 -0.0287782  0.16097 0 0.29037 0 0 0.17578  0 0 0 0 0 0  
26.3894 0.716407 0.0266852 -5.17516 0 3 0 0 -5.16328  -5.28619 0 2.67515 0 0 -5.31366  -0.0380872 0 0.0364637 0 0 -0.0248501  0.149112 0 0.288391 0 0 0.175232  0 0 0 0 0 0  
27.0177 0.733238 0.0267523 -5.16027 0 3 0 0 -5.18707  -5.2694 0 2.66581 0 0 -5.33576  -0.0443638 0 0.0390249 0 0 -0.0314203  0.153495 0 0.295166 0 0 0.180117  0 0 0 0 0 0  
27.646 0.750039 0.0270861 -5.05622 0 3 0 0 -5.18617  -5.15218 0 2.65704 0 0 -5.31753  -0.0463602 0 0.0423706 0 0 -0.0293665  0.142314 0 0.300594 0 0 0.160733  0 0 0 0 0 0  
28.2743 0.766853 0.0263525 -4.89097 0 3 0 0 -5.14327  -4.97237 0 2.66271 0 0 -5.26645  -0.0340468 0 0.0460756 0 0 -0.0214079  0.115451 0 0.291214 0 0 0.144593  0 0 0 0 0 0  
28.9027 0.783061 0.0255874 -4.75559 0 3 0 0 -5.03061  -4.83737 0 2.67041 0 0 -5.14655  -0.0342296 0 0.0481546 0 0 -0.0206673  0.116003 0 0.281434 0 0 0.136604  0 0 0 0 0 0  
29.531 0.798619 0.0244511 -4.64615 0 3 0 0 -4.93967  -4.74823 0 2.68301 0 0 -5.07077  -0.0301866 0 0.0414063 0 0 -0.0207734  0.13227 0 0.275582 0 0 0.151866  0 0 0 0 0 0  
30.1593 0.814184 0.0247778 -4.54391 0 3 0 0 -4.79766  -4.67043 0 2.66038 0 0 -4.9716  -0.0329963 0 0.041302 0 0 -0.0207199  0.15952 0 0.298317 0 0 0.194667  0 0 0 0 0 0  
30.7876 0.829703 0.0253646 -4.59334 0 3 0 0 -4.74395  -4.72811 0 2.63845 0 0 -4.93668  -0.0339854 0 0.0406039 0 0 -0.0293633  0.168751 0 0.320948 0 0 0.222087  0 0 0 0 0 0  
31.4159 0.845347 0.0242747 -4.68647 0 3 0 0 -4.7975  -4.79474 0 2.64741 0 0 -4.95529  -0.0336473 0 0.0405373 0 0 -0.0302367  0.141922 0 0.312056 0 0 0.188028  0 0 0 0 0 0  
32.0442 0.860289 0.0232059 -4.75477 0 3 0 0 -4.8794  -4.85639 0 2.6733 0 0 -5.02658  -0.0321756 0 0.0387905 0 0 -0.0339756  0.133795 0 0.287906 0 0 0.181156  0 0 0 0 0 0  
32.6726 0.874585 0.0229673 -4.84055 0 3 0 0 -4.95195  -4.92582 0 2.68502 0 0 -5.08458  -0.0353068 0 0.0407298 0 0 -0.0441134  0.120578 0 0.274247 0 0 0.176742  0 0 0 0 0 0  
33.3009 0.889466 0.0244672 -4.88251 0 3 0 0 -4.95765  -4.96344 0 2.67686 0 0 -5.06756  -0.0442464 0 0.0412489 0 0 -0.0437727  0.125175 0 0.281887 0 0 0.153678  0 0 0 0 0 0  
33.9292 0.905234 0.025678 -4.8791 0 3 0 0 -4.95384  -4.97117 0 2.67262 0 0 -5.06355  -0.0446768 0 0.0428772 0 0 -0.0422086  0.136747 0 0.2845 0 0 0.151927  0 0 0 0 0 0  
34.5575 0.921377 0.0258441 -4.91829 0 3 0 0 -4.91415  -5.01907 0 2.66468 0 0 -5.02041  -0.0417693 0 0.043719 0 0 -0.0437045  0.142552 0 0.291605 0 0 0.149969  0 0 0 0 0 0  
35.1858 0.938087 0.0269172 -4.80194 0 3 0 0 -4.85543  -4.90901 0 2.64484 0 0 -4.96427  -0.0388891 0 0.0487934 0 0 -0.0291084  0.145964 0 0.306366 0 0 0.137939  0 0 0 0 0 0  
35.8142 0.95495 0.0268036 -4.77848 0 3 0 0 -4.86334  -4.90294 0 2.6468 0 0 -4.98978  -0.0342713 0 0.0439329 0 0 -0.0275498  0.158727 0 0.309266 0 0 0.153993  0 0 0 0 0 0  
36.4425 0.972009 0.0280124 -4.80735 0 3 0 0 -4.92503  -4.93234 0 2.64371 0 0 -5.0622  -0.0334178 0 0.0459371 0 0 -0.0376769  0.158409 0 0.310349 0 0 0.174849  0 0 0 0 0 0  
37.0708 0.989344 0.0273088 -4.91616 0 3 0 0 -5.08951  -5.01684 0 2.67864 0 0 -5.2083  -0.0335569 0 0.0433935 0 0 -0.0404903  0.13424 0 0.277966 0 0 0.159283  0 0 0 0 0 0  
37.6991 1.00638 0.0267259 -5.05382 0 3 0 0 -5.23998  -5.14179 0 2.68666 0 0 -5.3626  -0.0348568 0 0.0426246 0 0 -0.0331625  0.12283 0 0.270711 0 0 0.155775  0 0 0 0 0 0  
38.3274 1.02352 0.0274844 -5.15921 0 3 0 0 -5.25695  -5.23135 0 2.68061 0 0 -5.38127  -0.036055 0 0.0420928 0 0 -0.0338211  0.108187 0 0.277301 0 0 0.158136  0 0 0 0 0 0  
38.9557 1.04114 0.0280685 -5.17481 0 3 0 0 -5.17918  -5.26056 0 2.66638 0 0 -5.31154  -0.0334942 0 0.0425867 0 0 -0.0385219  0.11924 0 0.291028 0 0 0.170884  0 0 0 0 0 0  
39.5841 1.05895 0.0282366 -4.96806 0 3 0 0 -5.01125  -5.04623 0 2.64933 0 0 -5.14416  -0.0416661 0 0.0433555 0 0 -0.0431788  0.119838 0 0.307315 0 0 0.176094  0 0 0 0 0 0  
40.2124 1.07667 0.0284951 -4.6803 0 3 0 0 -4.80256  -4.76345 0 2.65916 0 0 -4.94304  -0.0418934 0 0.046678 0 0 -0.0322085  0.125034 0 0.29416 0 0 0.172689  0 0 0 0 0 0  
40.8407 1.09394 0.0264697 -4.65163 0 3 0 0 -4.695  -4.75231 0 2.66713 0 0 -4.85099  -0.0434573 0 0.0426156 0 0 -0.0371375  0.144137 0 0.290254 0 0 0.19312  0 0 0 0 0 0  
41.469 1.11011 0.0252614 -4.51595 0 3 0 0 -4.59498  -4.62102 0 2.65713 0 0 -4.75676  -0.0468616 0 0.0376344 0 0 -0.0412359  0.151929 0 0.305234 0 0 0.203011  0 0 0 0 0 0  
42.0973 1.12591 0.0248044 -4.59305 0 3 0 0 -4.67546  -4.68603 0 2.66742 0 0 -4.82359  -0.048087 0 0.0376353 0 0 -0.044957  0.141062 0 0.294944 0 0 0.19309  0 0 0 0 0 0  
42.7257 1.14156 0.0249306 -4.74959 0 3 0 0 -4.78797  -4.83195 0 2.67782 0 0 -4.93197  -0.0408076 0 0.037007 0 0 -0.0319781  0.123177 0 0.285171 0 0 0.175978  0 0 0 0 0 0  
43.354 1.15713 0.0254168 -4.76084 0 3 0 0 -4.91093  -4.8491 0 2.67807 0 0 -5.06191  -0.0349267 0 0.0376132 0 0 -0.028059  0.123182 0 0.284315 0 0 0.179036  0 0 0 0 0 0  
43.9823 1.17327 0.02573 -4.76584 0 3 0 0 -5.02689  -4.8434 0 2.68212 0 0 -5.17916  -0.0352819 0 0.0369169 0 0 -0.025205  0.112833 0 0.28096 0 0 0.177477  0 0 0 0 0 0  
44.6106 1.18976 0.0270823 -4.7259 0 3 0 0 -5.02552  -4.80434 0 2.67124 0 0 -5.18246  -0.0354111 0 0.0406436 0 0 -0.0244386  0.113853 0 0.288115 0 0 0.181377  0 0 0 0 0 0  
45.2389 1.20775 0.0292384 -4.61119 0 3 0 0 -4.79913  -4.72671 0 2.60927 0 0 -5.00957  -0.0474951 0 0.0405475 0 0 -0.037574  0.163014 0 0.350185 0 0 0.248011  0 0 0 0 0 0  
45.8673 1.2263 0.0296474 -4.57989 0 3 0 0 -4.68836  -4.70797 0 2.59544 0 0 -4.90405  -0.0554641 0 0.0440128 0 0 -0.0420784  0.183549 0 0.36055 0 0 0.257765  0 0 0 0 0 0  
46.4956 1.24521 0.0302515 -4.60081 0 3 0 0 -4.63221  -4.72267 0 2.59821 0 0 -4.81881  -0.0544679 0 0.0467292 0 0 -0.0523789  0.176327 0 0.355058 0 0 0.238974  0 0 0 0 0 0  
47.1239 1.26337 0.0279283 -4.5243 0 3 0 0 -4.60565  -4.64314 0 2.62514 0 0 -4.79212  -0.0568815 0 0.0425423 0 0 -0.0505387  0.175714 0 0.332313 0 0 0.237003  0 0 0 0 0 0  
47.7522 1.28076 0.0270232 -4.48025 0 3 0 0 -4.44749  -4.61233 0 2.62924 0 0 -4.65172  -0.0515411 0 0.0469553 0 0 -0.0346342  0.183627 0 0.323802 0 0 0.238865  0 0 0 0 0 0  
48.3805 1.29715 0.0250264 -4.41691 0 3 0 0 -4.31045  -4.55237 0 2.63809 0 0 -4.51719  -0.0449889 0 0.0405027 0 0 -0.0454016  0.180445 0 0.321409 0 0 0.252141  0 0 0 0 0 0  
49.0088 1.31295 0.0248787 -4.35376 0 3 0 0 -4.25182  -4.47344 0 2.64755 0 0 -4.43259  -0.036382 0 0.0420977 0 0 -0.039146  0.156057 0 0.310353 0 0 0.219911  0 0 0 0 0 0  
49.6372 1.32809 0.0240769 -4.50249 0 3 0 0 -4.30501  -4.61326 0 2.67099 0 0 -4.45836  -0.0332202 0 0.0406697 0 0 -0.0335413  0.143993 0 0.288339 0 0 0.186889  0 0 0 0 0 0  
50.2655 1.34308 0.0234462 -4.59046 0 3 0 0 -4.31972  -4.68608 0 2.69429 0 0 -4.45792  -0.0307365 0 0.0400906 0 0 -0.0353981  0.126352 0 0.26562 0 0 0.173601  0 0 0 0 0 0  
50.8938 1.35758 0.02294 -4.64357 0 3 0 0 -4.40496  -4.73623 0 2.70467 0 0 -4.53132  -0.0279245 0 0.0362086 0 0 -0.0365606  0.120584 0 0.259119 0 0 0.162918  0 0 0 0 0 0  
51.5221 1.37173 0.0223252 -4.681 0 3 0 0 -4.52831  -4.76832 0 2.71512 0 0 -4.64651  -0.0241316 0 0.0340818 0 0 -0.0380982  0.111453 0 0.250801 0 0 0.156298  0 0 0 0 0 0  
52.1504 1.3856 0.0219257 -4.81793 0 3 0 0 -4.62098  -4.89985 0 2.72393 0 0 -4.72624  -0.0302006 0 0.0315939 0 0 -0.0347808  0.112117 0 0.244473 0 0 0.140041  0 0 0 0 0 0  
52.7788 1.39963 0.0223 -4.92338 0 3 0 0 -4.65702  -4.99194 0 2.72467 0 0 -4.74939  -0.0277892 0 0.0328559 0 0 -0.0320672  0.096349 0 0.242478 0 0 0.124428  0 0 0 0 0 0  
53.4071 1.41408 0.0232366 -4.98879 0 3 0 0 -4.71695  -5.06073 0 2.72194 0 0 -4.82386  -0.0294233 0 0.0351696 0 0 -0.0322731  0.101362 0 0.242886 0 0 0.139187  0 0 0 0 0 0  
54.0354 1.42905 0.0237676 -5.05069 0 3 0 0 -4.81518  -5.13923 0 2.71995 0 0 -4.92918  -0.0245709 0 0.0341044 0 0 -0.0302129  0.113113 0 0.245949 0 0 0.144211  0 0 0 0 0 0  
54.6637 1.44383 0.0231532 -5.10191 0 3 0 0 -4.7902  -5.18732 0 2.73352 0 0 -4.9024  -0.0222331 0 0.0304725 0 0 -0.0217794  0.107639 0 0.236006 0 0 0.133976  0 0 0 0 0 0  
55.292 1.45818 0.0229103 -5.17443 0 3 0 0 -4.78313  -5.25257 0 2.7361 0 0 -4.88711  -0.0255059 0 0.0310639 0 0 -0.0257918  0.103644 0 0.232841 0 0 0.129772  0 0 0 0 0 0  
55.9203 1.47237 0.022384 -5.27001 0 3 0 0 -4.84671  -5.3509 0 2.73905 0 0 -4.94812  -0.0245386 0 0.0322363 0 0 -0.0201202  0.105435 0 0.228711 0 0 0.121532  0 0 0 0 0 0  
56.5487 1.48588 0.0211202 -5.46795 0 3 0 0 -4.94966  -5.5404 0 2.75387 0 0 -5.04319  -0.0230461 0 0.0333422 0 0 -0.0202632  0.0954929 0 0.212783 0 0 0.113791  0 0 0 0 0 0  
57.177 1.49859 0.0200353 -5.54314 0 3 0 0 -5.06434  -5.60812 0 2.76885 0 0 -5.14973  -0.0204619 0 0.0326716 0 0 -0.0195151  0.0854361 0 0.198474 0 0 0.104904  0 0 0 0 0 0  
57.8053 1.51112 0.0196621 -5.68307 0 3 0 0 -5.24381  -5.74121 0 2.77469 0 0 -5.31006  -0.0204678 0 0.0306327 0 0 -0.0176947  0.0786122 0 0.194674 0 0 0.0839472  0 0 0 0 0 0  
58.4336 1.52331 0.0197617 -5.64321 0 3 0 0 -5.19403  -5.69523 0 2.77678 0 0 -5.25426  -0.0177366 0 0.031784 0 0 -0.0170233  0.0697552 0 0.191436 0 0 0.0772494  0 0 0 0 0 0  
59.0619 1.53544 0.0193512 -5.53715 0 3 0 0 -5.1531  -5.59502 0 2.78453 0 0 -5.21801  -0.0159155 0 0.031167 0 0 -0.0152987  0.0737814 0 0.184299 0 0 0.0802037  0 0 0 0 0 0  
59.6903 1.54755 0.0193313 -5.35211 0 3 0 0 -5.09663  -5.41266 0 2.7805 0 0 -5.1593  -0.0201463 0 0.0316451 0 0 -0.0185014  0.0806978 0 0.187851 0 0 0.0811684  0 0 0 0 0 0  
60.3186 1.56036 0.0211154 -5.06958 0 3 0 0 -4.99073  -5.15613 0 2.73985 0 0 -5.08393  -0.0274396 0 0.0340138 0 0 -0.0244804  0.113988 0 0.226141 0 0 0.117675  0 0 0 0 0 0  
60.9469 1.57422 0.0232557 -4.84355 0 3 0 0 -4.98239  -4.94875 0 2.70472 0 0 -5.09484  -0.0427588 0 0.0371914 0 0 -0.0379146  0.147958 0 0.258088 0 0 0.150362  0 0 0 0 0 0  
61.5752 1.58934 0.0248848 -4.61059 0 3 0 0 -4.9594  -4.73167 0 2.68776 0 0 -5.11162  -0.0527259 0 0.0322104 0 0 -0.0454805  0.173804 0 0.280028 0 0 0.197694  0 0 0 0 0 0  
62.2035 1.60523 0.0255966 -4.57692 0 3 0 0 -5.08822  -4.69005 0 2.67654 0 0 -5.24189  -0.0508028 0 0.0361483 0 0 -0.0469672  0.163928 0 0.28731 0 0 0.200639  0 0 0 0 0 0  
62.8319 1.62132 0.0250478 -4.49776 0 3 0 0 -5.3165  -4.62932 0 2.68396 0 0 -5.45687  -0.0366573 0 0.0362359 0 0 -0.0438381  0.168213 0 0.279802 0 0 0.184213  0 0 0 0 0 0  
63.4602 1.63695 0.0247404 -4.67028 0 3 0 0 -5.38643  -4.79254 0 2.6972 0 0 -5.51752  -0.0360057 0 0.0372495 0 0 -0.0386437  0.15826 0 0.265546 0 0 0.169735  0 0 0 0 0 0  
64.0885 1.6523 0.0245485 -4.77597 0 3 0 0 -5.46514  -4.87018 0 2.6979 0 0 -5.57524  -0.0338226 0 0.0376226 0 0 -0.0310726  0.128037 0 0.26448 0 0 0.141175  0 0 0 0 0 0  
64.7168 1.6678 0.0248488 -4.7971 0 3 0 0 -5.38761  -4.87505 0 2.69618 0 0 -5.49341  -0.0369696 0 0.036332 0 0 -0.0355031  0.114918 0 0.267484 0 0 0.141306  0 0 0 0 0 0  
65.3451 1.68357 0.0250273 -4.75882 0 3 0 0 -5.4313  -4.83474 0 2.68481 0 0 -5.5276  -0.0403135 0 0.0403131 0 0 -0.0357109  0.116234 0 0.274881 0 0 0.132014  0 0 0 0 0 0  
65.9734 1.69963 0.0255513 -4.75488 0 3 0 0 -5.50946  -4.84297 0 2.67674 0 0 -5.65295  -0.0388843 0 0.0389675 0 0 -0.038646  0.12698 0 0.284293 0 0 0.182144  0 0 0 0 0 0  
66.6018 1.715 0.0237145 -4.73123 0 3 0 0 -5.62788  -4.79644 0 2.70573 0 0 -5.74465  -0.0403988 0 0.0380839 0 0 -0.0361301  0.105613 0 0.256183 0 0 0.152898  0 0 0 0 0 0  
67.2301 1.72984 0.0237094 -4.88553 0 3 0 0 -5.95715  -4.95058 0 2.71042 0 0 -6.05171  -0.0355423 0 0.0373246 0 0 -0.0329765  0.100597 0 0.252251 0 0 0.127532  0 0 0 0 0 0  
67.8584 1.74473 0.023871 -5.04156 0 3 0 0 -6.1107  -5.11513 0 2.71504 0 0 -6.21551  -0.034892 0 0.0372169 0 0 -0.0309517  0.108459 0 0.247742 0 0 0.135769  0 0 0 0 0 0  
68.4867 1.75978 0.0236541 -5.24527 0 3 0 0 -6.2248  -5.30731 0 2.71916 0 0 -6.31798  -0.0292201 0 0.040019 0 0 -0.0230634  0.0912549 0 0.240821 0 0 0.116245  0 0 0 0 0 0  
69.115 1.77425 0.0225727 -5.3055 0 3 0 0 -6.14434  -5.37885 0 2.728 0 0 -6.2343  -0.0351211 0 0.0391842 0 0 -0.0213968  0.108464 0 0.23282 0 0 0.111356  0 0 0 0 0 0  
69.7434 1.78804 0.0206303 -5.27817 0 3 0 0 -6.08053  -5.33818 0 2.74649 0 0 -6.16773  -0.0391908 0 0.0371402 0 0 -0.0197  0.0991969 0 0.216368 0 0 0.106897  0 0 0 0 0 0  
70.3717 1.80072 0.0196205 -5.24618 0 3 0 0 -6.06621  -5.2962 0 2.76056 0 0 -6.14343  -0.0316953 0 0.0362144 0 0 -0.0173654  0.0817101 0 0.203222 0 0 0.0945821  0 0 0 0 0 0  
71 1.81277 0.0190057 -5.28903 0 3 0 0 -6.06723  -5.33111 0 2.76765 0 0 -6.13956  -0.0273027 0 0.0343495 0 0 -0.0185276  0.0693755 0 0.197998 0 0 0.0908562  0 0 0 0 0 0  
71.6283 1.82472 0.0190285 -5.23691 0 3 0 0 -6.07224  -5.28306 0 2.76507 0 0 -6.1404  -0.0288524 0 0.0357687 0 0 -0.020606  0.0750018 0 0.199162 0 0 0.0887639  0 0 0 0 0 0  
72.2566 1.8366 0.0186774 -5.15175 0 3 0 0 -6.10791  -5.19481 0 2.76324 0 0 -6.1747  -0.0254805 0 0.0351423 0 0 -0.022256  0.0685332 0 0.201613 0 0 0.0890468  0 0 0 0 0 0  
72.8849 1.84837 0.0188571 -5.1306 0 3 0 0 -6.08451  -5.18264 0 2.74823 0 0 -6.16746  -0.0261673 0 0.0337815 0 0 -0.0264437  0.0782086 0 0.21799 0 0 0.109397  0 0 0 0 0 0  
73.5133 1.86026 0.0185274 -5.14336 0 3 0 0 -5.99983  -5.19927 0 2.74423 0 0 -6.09894  -0.0284147 0 0.0341038 0 0 -0.0276967  0.0843236 0 0.221662 0 0 0.126809  0 0 0 0 0 0  
74.1416 1.87215 0.0184953 -5.06585 0 3 0 0 -5.87887  -5.12989 0 2.74687 0 0 -5.98185  -0.0264581 0 0.0357597 0 0 -0.0252574  0.090496 0 0.217375 0 0 0.128241  0 0 0 0 0 0  
74.7699 1.88396 0.0192834 -4.9903 0 3 0 0 -5.89779  -5.05412 0 2.74942 0 0 -6.00864  -0.0239335 0 0.0359576 0 0 -0.0209582  0.0877557 0 0.214622 0 0 0.131807  0 0 0 0 0 0  
75.3982 1.89614 0.0195302 -5.03399 0 3 0 0 -5.8699  -5.09874 0 2.75758 0 0 -5.96666  -0.0241024 0 0.0369006 0 0 -0.0194533  0.0888468 0 0.205523 0 0 0.116216  0 0 0 0 0 0  
76.0265 1.90828 0.0193492 -5.06462 0 3 0 0 -5.73976  -5.12954 0 2.7595 0 0 -5.84669  -0.0203507 0 0.03656 0 0 -0.0164103  0.0852689 0 0.203936 0 0 0.123344  0 0 0 0 0 0  
76.6549 1.9208 0.0204789 -4.99707 0 3 0 0 -5.58691  -5.08733 0 2.74221 0 0 -5.71931  -0.0208016 0 0.0369202 0 0 -0.0159105  0.111054 0 0.220874 0 0 0.148308  0 0 0 0 0 0  
77.2832 1.93397 0.0211338 -4.99664 0 3 0 0 -5.48824  -5.09893 0 2.72463 0 0 -5.63662  -0.0230856 0 0.0351543 0 0 -0.0202663  0.125379 0 0.24022 0 0 0.168645  0 0 0 0 0 0  
77.9115 1.9478 0.0230137 -5.03291 0 3 0 0 -5.40928  -5.1464 0 2.69209 0 0 -5.57257  -0.0255636 0 0.037992 0 0 -0.030418  0.139056 0 0.269917 0 0 0.193706  0 0 0 0 0 0  
78.5398 1.96262 0.0238739 -5.21407 0 3 0 0 -5.43306  -5.32256 0 2.68184 0 0 -5.58649  -0.0271755 0 0.0420128 0 0 -0.0286585  0.135661 0 0.276152 0 0 0.182085  0 0 0 0 0 0  
79.1681 1.9774 0.0229895 -5.43015 0 3 0 0 -5.45595  -5.53239 0 2.71225 0 0 -5.5966  -0.0162394 0 0.0372761 0 0 -0.0214157  0.118477 0 0.250475 0 0 0.162073  0 0 0 0 0 0  
79.7965 1.99149 0.0216994 -5.50738 0 3 0 0 -5.37068  -5.59716 0 2.73194 0 0 -5.49458  -0.0132345 0 0.0372969 0 0 -0.0209898  0.103011 0 0.230759 0 0 0.144887  0 0 0 0 0 0  
80.4248 2.00474 0.020549 -5.51152 0 3 0 0 -5.36702  -5.58564 0 2.74822 0 0 -5.46514  -0.0179933 0 0.0348627 0 0 -0.025242  0.0921152 0 0.216915 0 0 0.123367  0 0 0 0 0 0  
81.0531 2.01785 0.0211416 -5.47938 0 3 0 0 -5.31043  -5.5507 0 2.74842 0 0 -5.41172  -0.0256078 0 0.0339955 0 0 -0.0250907  0.0969282 0 0.217582 0 0 0.126377  0 0 0 0 0 0  
81.6814 2.03118 0.0213514 -5.47397 0 3 0 0 -5.28364  -5.54519 0 2.74875 0 0 -5.39313  -0.0293414 0 0.0352484 0 0 -0.0204099  0.100561 0 0.215999 0 0 0.129902  0 0 0 0 0 0  
82.3097 2.0446 0.0212027 -5.45353 0 3 0 0 -5.31735  -5.52827 0 2.7473 0 0 -5.42664  -0.0309071 0 0.0337633 0 0 -0.0204578  0.105645 0 0.218933 0 0 0.129745  0 0 0 0 0 0  
82.938 2.05778 0.0207257 -5.52454 0 3 0 0 -5.41049  -5.59619 0 2.74512 0 0 -5.51523  -0.0283541 0 0.0361616 0 0 -0.0192879  0.100009 0 0.218717 0 0 0.124025  0 0 0 0 0 0  
83.5664 2.07073 0.0204826 -5.52634 0 3 0 0 -5.39302  -5.60283 0 2.74943 0 0 -5.49813  -0.0278285 0 0.0345282 0 0 -0.0163202  0.104317 0 0.216042 0 0 0.121438  0 0 0 0 0 0  
84.1947 2.08359 0.0206627 -5.47164 0 3 0 0 -5.37913  -5.55387 0 2.74429 0 0 -5.49164  -0.0267729 0 0.036461 0 0 -0.0158  0.109003 0 0.219246 0 0 0.128311  0 0 0 0 0 0  
84.823 2.09659 0.0203314 -5.4416 0 3 0 0 -5.31619  -5.52 0 2.74673 0 0 -5.43546  -0.0223192 0 0.0363946 0 0 -0.0128506  0.100716 0 0.216873 0 0 0.132124  0 0 0 0 0 0  
85.4513 2.10956 0.0204791 -5.44077 0 3 0 0 -5.29307  -5.50848 0 2.75464 0 0 -5.40648  -0.0215378 0 0.0367067 0 0 -0.00875276  0.0892536 0 0.208658 0 0 0.122164  0 0 0 0 0 0  
86.0796 2.1227 0.0214216 -5.38339 0 3 0 0 -5.1347  -5.4493 0 2.73903 0 0 -5.25523  -0.0219779 0 0.0377429 0 0 -0.0154116  0.0878824 0 0.223222 0 0 0.135947  0 0 0 0 0 0  
86.708 2.13646 0.0217412 -5.21109 0 3 0 0 -4.92767  -5.3015 0 2.72871 0 0 -5.06035  -0.0232466 0 0.033764 0 0 -0.0196687  0.113661 0 0.237523 0 0 0.152349  0 0 0 0 0 0  
87.3363 2.15025 0.0226804 -4.95115 0 3 0 0 -4.81623  -5.0543 0 2.70655 0 0 -4.97057  -0.0342781 0 0.0323407 0 0 -0.0220516  0.137432 0 0.261113 0 0 0.176394  0 0 0 0 0 0  
87.9646 2.16489 0.0236533 -4.78852 0 3 0 0 -4.54919  -4.9133 0 2.67332 0 0 -4.74092  -0.0447324 0 0.0323699 0 0 -0.0257547  0.169513 0 0.294305 0 0 0.217481  0 0 0 0 0 0  
88.5929 2.17972 0.0236628 -4.80754 0 3 0 0 -4.45709  -4.92399 0 2.67669 0 0 -4.64402  -0.0390482 0 0.0327356 0 0 -0.0219058  0.155493 0 0.290571 0 0 0.208838  0 0 0 0 0 0  
89.2212 2.19459 0.0236426 -4.8166 0 3 0 0 -4.49857  -4.93582 0 2.68062 0 0 -4.66593  -0.0370025 0 0.030984 0 0 -0.0218837  0.15622 0 0.288396 0 0 0.189246  0 0 0 0 0 0  
89.8495 2.20923 0.0239565 -4.96366 0 3 0 0 -4.58346  -5.07202 0 2.66962 0 0 -4.74501  -0.0465167 0 0.0329492 0 0 -0.0275238  0.154872 0 0.29743 0 0 0.18907  0 0 0 0 0 0  
90.4779 2.2239 0.0229744 -5.19469 0 3 0 0 -4.69897  -5.29919 0 2.69131 0 0 -4.84818  -0.0400833 0 0.0308693 0 0 -0.0332882  0.144582 0 0.277818 0 0 0.182501  0 0 0 0 0 0  
91.1062 2.23796 0.022354 -5.38009 0 3 0 0 -4.77607  -5.47483 0 2.70979 0 0 -4.91597  -0.0344516 0 0.0306205 0 0 -0.0306884  0.129189 0 0.259593 0 0 0.170594  0 0 0 0 0 0  
91.7345 2.25203 0.0222752 -5.50931 0 3 0 0 -4.90215  -5.58108 0 2.70171 0 0 -5.03552  -0.0362841 0 0.0323707 0 0 -0.0280011  0.108055 0 0.265921 0 0 0.161374  0 0 0 0 0 0  
92.3628 2.26599 0.0219328 -5.55587 0 3 0 0 -5.06041  -5.62243 0 2.7178 0 0 -5.17924  -0.0299977 0 0.0353209 0 0 -0.0205985  0.0965527 0 0.246875 0 0 0.139429  0 0 0 0 0 0  
92.9911 2.2801 0.0227745 -5.60911 0 3 0 0 -5.05748  -5.66467 0 2.70744 0 0 -5.16879  -0.023599 0 0.0399116 0 0 -0.0174287  0.0791594 0 0.252649 0 0 0.128745  0 0 0 0 0 0  
93.6195 2.29426 0.0227908 -5.55259 0 3 0 0 -5.05817  -5.60784 0 2.70922 0 0 -5.1561  -0.0234789 0 0.0425038 0 0 -0.0194827  0.0787231 0 0.24828 0 0 0.117411  0 0 0 0 0 0  
94.2478 2.30857 0.0226233 -5.52291 0 3 0 0 -5.02948  -5.58484 0 2.70239 0 0 -5.13671  -0.0274024 0 0.0383581 0 0 -0.0292456  0.0893391 0 0.259255 0 0 0.136472  0 0 0 0 0 0  
94.8761 2.32258 0.0219788 -5.33413 0 3 0 0 -5.08248  -5.3787 0 2.71064 0 0 -5.17307  -0.0302857 0 0.0417356 0 0 -0.0290999  0.0748572 0 0.247621 0 0 0.11969  0 0 0 0 0 0  
95.5044 2.33644 0.0222565 -5.08621 0 3 0 0 -5.07745  -5.13051 0 2.7129 0 0 -5.1686  -0.0279972 0 0.0378734 0 0 -0.0236357  0.0722932 0 0.249231 0 0 0.114786  0 0 0 0 0 0  
96.1327 2.35064 0.0230163 -4.9509 0 3 0 0 -5.00809  -4.99917 0 2.70804 0 0 -5.11128  -0.0303054 0 0.036815 0 0 -0.0279586  0.0785787 0 0.255148 0 0 0.131147  0 0 0 0 0 0  
96.7611 2.36486 0.0225019 -4.82264 0 3 0 0 -4.99699  -4.89823 0 2.70429 0 0 -5.12243  -0.0373681 0 0.0360721 0 0 -0.0358699  0.112964 0 0.259634 0 0 0.161312  0 0 0 0 0 0  
97.3894 2.3786 0.0213228 -4.72793 0 3 0 0 -4.96346  -4.8141 0 2.71248 0 0 -5.08666  -0.0308434 0 0.0344703 0 0 -0.031655  0.117012 0 0.253053 0 0 0.154852  0 0 0 0 0 0  
98.0177 2.39179 0.0209395 -4.72764 0 3 0 0 -5.00709  -4.81741 0 2.7264 0 0 -5.1392  -0.0291334 0 0.0316278 0 0 -0.0247395  0.118899 0 0.241976 0 0 0.156855  0 0 0 0 0 0  
98.646 2.40513 0.0216485 -4.72467 0 3 0 0 -4.90991  -4.8181 0 2.71913 0 0 -5.03748  -0.0261298 0 0.0294445 0 0 -0.0278755  0.119568 0 0.25143 0 0 0.155442  0 0 0 0 0 0  
99.2743 2.41899 0.0219681 -4.76579 0 3 0 0 -4.88015  -4.87188 0 2.70099 0 0 -5.00157  -0.0233973 0 0.0273333 0 0 -0.0304685  0.129488 0 0.271678 0 0 0.151886  0 0 0 0 0 0  
99.9026 2.43256 0.0211893 -4.76569 0 3 0 0 -4.85529  -4.86093 0 2.71825 0 0 -4.97598  -0.0267537 0 0.0288668 0 0 -0.0263969  0.121995 0 0.252881 0 0 0.147085  0 0 0 0 0 0  
100.531 2.44607 0.0213571 -4.85094 0 3 0 0 -4.86191  -4.94839 0 2.72515 0 0 -4.98755  -0.0266727 0 0.0265316 0 0 -0.02466  0.12413 0 0.248323 0 0 0.150301  0 0 0 0 0 0  
101.159 2.45972 0.0222498 -4.85469 0 3 0 0 -4.96995  -4.95079 0 2.72378 0 0 -5.101  -0.0297061 0 0.0251109 0 0 -0.0312763  0.125809 0 0.251106 0 0 0.162324  0 0 0 0 0 0  
101.788 2.47363 0.0224713 -4.90752 0 3 0 0 -5.03109  -5.00022 0 2.7315 0 0 -5.16484  -0.0277791 0 0.0238189 0 0 -0.0319123  0.120479 0 0.244676 0 0 0.165668  0 0 0 0 0 0  
102.416 2.4878 0.0229587 -4.94555 0 3 0 0 -5.1126  -5.02103 0 2.74191 0 0 -5.23514  -0.0269238 0 0.0296104 0 0 -0.0206072  0.102398 0 0.228481 0 0 0.143146  0 0 0 0 0 0  
103.044 2.50256 0.0238308 -4.96448 0 3 0 0 -5.0852  -5.03578 0 2.72485 0 0 -5.20073  -0.0376696 0 0.0332614 0 0 -0.0301352  0.108975 0 0.241888 0 0 0.145665  0 0 0 0 0 0  
103.673 2.51822 0.0252105 -4.99566 0 3 0 0 -4.89026  -5.07366 0 2.69352 0 0 -5.02699  -0.0395539 0 0.0326981 0 0 -0.0454568  0.117554 0 0.273785 0 0 0.182177  0 0 0 0 0 0  
104.301 2.53456 0.0263359 -5.09431 0 3 0 0 -4.73788  -5.17961 0 2.67743 0 0 -4.88533  -0.0351355 0 0.0364687 0 0 -0.0371966  0.120436 0 0.286099 0 0 0.184647  0 0 0 0 0 0  
104.929 2.55075 0.0252318 -5.08168 0 3 0 0 -4.71889  -5.17204 0 2.69138 0 0 -4.86909  -0.0304104 0 0.0331952 0 0 -0.0324236  0.120768 0 0.275425 0 0 0.182623  0 0 0 0 0 0  
105.558 2.56595 0.0235546 -5.13308 0 3 0 0 -4.72424  -5.22151 0 2.71648 0 0 -4.85897  -0.0306122 0 0.0352324 0 0 -0.0401995  0.119036 0 0.248289 0 0 0.174934  0 0 0 0 0 0  
106.186 2.58056 0.0228471 -5.19987 0 3 0 0 -4.86293  -5.28449 0 2.71838 0 0 -4.99036  -0.0295092 0 0.033158 0 0 -0.0385362  0.114129 0 0.248465 0 0 0.165959  0 0 0 0 0 0  
106.814 2.59484 0.022522 -5.24322 0 3 0 0 -4.95163  -5.32195 0 2.72904 0 0 -5.07685  -0.0268631 0 0.0327279 0 0 -0.039269  0.105595 0 0.238234 0 0 0.164491  0 0 0 0 0 0  
107.442 2.60952 0.024418 -5.23358 0 3 0 0 -4.92633  -5.30296 0 2.70285 0 0 -5.05823  -0.0216072 0 0.0351596 0 0 -0.0334525  0.0909877 0 0.261986 0 0 0.165355  0 0 0 0 0 0  
108.071 2.62494 0.0242035 -5.31149 0 3 0 0 -5.01999  -5.37431 0 2.7019 0 0 -5.14762  -0.0300881 0 0.0347483 0 0 -0.0315674  0.0929096 0 0.263354 0 0 0.159204  0 0 0 0 0 0  
108.699 2.64025 0.0240603 -5.41367 0 3 0 0 -5.16134  -5.4716 0 2.69973 0 0 -5.27029  -0.0347444 0 0.034223 0 0 -0.0326113  0.0926761 0 0.266047 0 0 0.141562  0 0 0 0 0 0  
109.327 2.6556 0.0244627 -5.49346 0 3 0 0 -5.20554  -5.5537 0 2.70498 0 0 -5.30977  -0.0358824 0 0.0327827 0 0 -0.0327498  0.0961206 0 0.262233 0 0 0.136982  0 0 0 0 0 0  
109.956 2.6709 0.0242515 -5.50366 0 3 0 0 -5.17786  -5.57315 0 2.70307 0 0 -5.29074  -0.0403975 0 0.0330658 0 0 -0.0368396  0.109888 0 0.26386 0 0 0.149722  0 0 0 0 0 0  
110.584 2.68547 0.0226667 -5.59379 0 3 0 0 -5.22373  -5.67535 0 2.71953 0 0 -5.3339  -0.0405209 0 0.0288865 0 0 -0.0345883  0.122076 0 0.251583 0 0 0.144754  0 0 0 0 0 0  
111.212 2.69936 0.0215847 -5.78074 0 3 0 0 -5.35343  -5.85874 0 2.73214 0 0 -5.45224  -0.0366894 0 0.0293436 0 0 -0.030344  0.114683 0 0.238516 0 0 0.129162  0 0 0 0 0 0  
111.841 2.71292 0.0212495 -5.89638 0 3 0 0 -5.501  -5.96582 0 2.74123 0 0 -5.58305  -0.0376448 0 0.0303698 0 0 -0.0338089  0.107089 0 0.228399 0 0 0.115865  0 0 0 0 0 0  
112.469 2.72599 0.0204686 -6.03315 0 3 0 0 -5.57565  -6.09097 0 2.75866 0 0 -5.65755  -0.032451 0 0.0321879 0 0 -0.0320969  0.0902743 0 0.209156 0 0 0.114002  0 0 0 0 0 0  
113.097 2.73868 0.0195902 -5.98188 0 3 0 0 -5.4962  -6.04362 0 2.77456 0 0 -5.5787  -0.0294187 0 0.0302594 0 0 -0.0257484  0.0911626 0 0.195178 0 0 0.108255  0 0 0 0 0 0  
113.726 2.75094 0.0194779 -5.90342 0 3 0 0 -5.43727  -5.96052 0 2.7725 0 0 -5.51783  -0.0291648 0 0.0319239 0 0 -0.0253431  0.0862638 0 0.195579 0 0 0.105896  0 0 0 0 0 0  
114.354 2.76346 0.0200181 -5.7777 0 3 0 0 -5.33653  -5.84199 0 2.76403 0 0 -5.41941  -0.0282237 0 0.0337793 0 0 -0.0186875  0.0925208 0 0.202191 0 0 0.101568  0 0 0 0 0 0  
114.982 2.77607 0.0197785 -5.64161 0 3 0 0 -5.13084  -5.69151 0 2.76431 0 0 -5.21627  -0.033606 0 0.0332141 0 0 -0.0192326  0.0835017 0 0.20248 0 0 0.104657  0 0 0 0 0 0  
115.611 2.78833 0.0188853 -5.50674 0 3 0 0 -4.9597  -5.55408 0 2.76092 0 0 -5.05694  -0.0304544 0 0.0344586 0 0 -0.0198909  0.0777946 0 0.204626 0 0 0.117123  0 0 0 0 0 0  
116.239 2.8006 0.0192172 -5.36487 0 3 0 0 -4.76636  -5.43049 0 2.75466 0 0 -4.86831  -0.0232847 0 0.0329066 0 0 -0.0218641  0.0888981 0 0.212435 0 0 0.123818  0 0 0 0 0 0  
116.867 2.81288 0.0194069 -5.20657 0 3 0 0 -4.72741  -5.28792 0 2.75717 0 0 -4.83002  -0.0182115 0 0.0315835 0 0 -0.0188909  0.0995619 0 0.211247 0 0 0.121507  0 0 0 0 0 0  
117.496 2.82519 0.0196991 -5.05574 0 3 0 0 -4.65023  -5.13966 0 2.75549 0 0 -4.77198  -0.021233 0 0.031305 0 0 -0.0143514  0.105149 0 0.213205 0 0 0.136098  0 0 0 0 0 0  
118.124 2.83794 0.0210487 -4.92346 0 3 0 0 -4.85489  -5.01007 0 2.74136 0 0 -4.9713  -0.0274374 0 0.0305799 0 0 -0.0206424  0.11404 0 0.228061 0 0 0.137051  0 0 0 0 0 0  
118.752 2.85126 0.0209382 -4.8949 0 3 0 0 -5.05345  -4.97866 0 2.74086 0 0 -5.16969  -0.0247378 0 0.0332605 0 0 -0.0212057  0.108504 0 0.225877 0 0 0.13744  0 0 0 0 0 0  
119.381 2.86434 0.0206025 -4.87959 0 3 0 0 -5.16561  -4.96261 0 2.75174 0 0 -5.26036  -0.0181684 0 0.0314784 0 0 -0.0167133  0.101187 0 0.216783 0 0 0.111459  0 0 0 0 0 0  
120.009 2.87745 0.0218101 -4.87142 0 3 0 0 -5.23177  -4.94564 0 2.73187 0 0 -5.3102  -0.0197718 0 0.0357157 0 0 -0.0242143  0.0939958 0 0.232412 0 0 0.102643  0 0 0 0 0 0  
120.637 2.89093 0.0212142 -4.89136 0 3 0 0 -5.20855  -4.97036 0 2.73724 0 0 -5.28921  -0.0256367 0 0.035202 0 0 -0.0215757  0.104633 0 0.227555 0 0 0.102229  0 0 0 0 0 0  
121.265 2.90398 0.0200824 -4.84365 0 3 0 0 -5.15121  -4.91968 0 2.74385 0 0 -5.22272  -0.0280087 0 0.033096 0 0 -0.025086  0.104037 0 0.223055 0 0 0.0965911  0 0 0 0 0 0  
121.894 2.91648 0.0198005 -4.87069 0 3 0 0 -5.0311  -4.94264 0 2.74428 0 0 -5.11026  -0.0308235 0 0.032786 0 0 -0.0247162  0.102765 0 0.222931 0 0 0.103876  0 0 0 0 0 0  
122.522 2.92914 0.0206428 -4.99255 0 3 0 0 -4.9112  -5.07549 0 2.7451 0 0 -5.0015  -0.0266844 0 0.0340679 0 0 -0.0240732  0.109617 0 0.22083 0 0 0.114374  0 0 0 0 0 0  
123.15 2.9419 0.0204008 -5.05187 0 3 0 0 -4.89482  -5.12472 0 2.75127 0 0 -4.9819  -0.0250621 0 0.0330484 0 0 -0.0244899  0.0979169 0 0.215684 0 0 0.111567  0 0 0 0 0 0  
123.779 2.95477 0.0205292 -5.167 0 3 0 0 -4.93036  -5.23697 0 2.74965 0 0 -5.02709  -0.0247858 0 0.0325915 0 0 -0.0230026  0.0947556 0 0.217763 0 0 0.119732  0 0 0 0 0 0  
124.407 2.96804 0.0208067 -5.25424 0 3 0 0 -4.98328  -5.33218 0 2.75564 0 0 -5.09488  -0.0202815 0 0.0291978 0 0 -0.017438  0.0982158 0 0.215164 0 0 0.129041  0 0 0 0 0 0  
125.035 2.98108 0.0214155 -5.28682 0 3 0 0 -5.02583  -5.35072 0 2.74018 0 0 -5.13865  -0.0181612 0 0.0329176 0 0 -0.0167935  0.0820659 0 0.226903 0 0 0.129608  0 0 0 0 0 0  
125.664 2.99482 0.0217654 -5.26059 0 3 0 0 -5.03137  -5.31727 0 2.72833 0 0 -5.13735  -0.0228775 0 0.0322749 0 0 -0.0261868  0.0795603 0 0.239399 0 0 0.132161  0 0 0 0 0 0  
126.292 3.00868 0.0222666 -5.2127 0 3 0 0 -5.07234  -5.25871 0 2.72244 0 0 -5.16567  -0.0273899 0 0.03614 0 0 -0.0276991  0.0733952 0 0.241416 0 0 0.121029  0 0 0 0 0 0  
126.92 3.02247 0.0215406 -5.0943 0 3 0 0 -5.14364  -5.15131 0 2.73206 0 0 -5.23705  -0.0251417 0 0.0378567 0 0 -0.0243385  0.0821456 0 0.230085 0 0 0.117751  0 0 0 0 0 0  
127.549 3.03597 0.0208959 -4.99464 0 3 0 0 -5.10147  -5.06105 0 2.74015 0 0 -5.19944  -0.0253833 0 0.0376767 0 0 -0.0203007  0.0917894 0 0.222172 0 0 0.118274  0 0 0 0 0 0  
128.177 3.0492 0.0212323 -4.97681 0 3 0 0 -4.98389  -5.04611 0 2.73904 0 0 -5.09041  -0.0307368 0 0.0354083 0 0 -0.0221832  0.100036 0 0.225551 0 0 0.128707  0 0 0 0 0 0  
128.805 3.0628 0.0223656 -4.898 0 3 0 0 -4.82411  -4.96953 0 2.71808 0 0 -4.95822  -0.0327492 0 0.0339356 0 0 -0.0214499  0.104283 0 0.24798 0 0 0.155559  0 0 0 0 0 0  
129.434 3.07696 0.0228979 -4.81415 0 3 0 0 -4.69362  -4.89531 0 2.71087 0 0 -4.8475  -0.0367486 0 0.0322465 0 0 -0.0251453  0.117914 0 0.256885 0 0 0.17903  0 0 0 0 0 0  
130.062 3.09123 0.0226574 -4.70765 0 3 0 0 -4.54379  -4.79601 0 2.70773 0 0 -4.71261  -0.0397374 0 0.0302823 0 0 -0.0240194  0.1281 0 0.261984 0 0 0.192836  0 0 0 0 0 0  
130.69 3.10554 0.0225151 -4.73088 0 3 0 0 -4.50514  -4.80567 0 2.71615 0 0 -4.65298  -0.0379837 0 0.0330864 0 0 -0.0149395  0.112776 0 0.250765 0 0 0.162777  0 0 0 0 0 0  
131.319 3.11993 0.0232678 -4.80084 0 3 0 0 -4.56198  -4.8885 0 2.70661 0 0 -4.7033  -0.0387017 0 0.0340669 0 0 -0.0194849  0.12636 0 0.259325 0 0 0.160811  0 0 0 0 0 0  
131.947 3.13481 0.0244224 -4.81034 0 3 0 0 -4.56436  -4.89412 0 2.69431 0 0 -4.70085  -0.0351231 0 0.0354412 0 0 -0.0247581  0.118895 0 0.270246 0 0 0.161247  0 0 0 0 0 0  
132.575 3.15061 0.0256936 -4.82203 0 3 0 0 -4.57071  -4.89665 0 2.67254 0 0 -4.7072  -0.0397769 0 0.0373027 0 0 -0.0250897  0.114393 0 0.290155 0 0 0.161585  0 0 0 0 0 0  
133.204 3.16683 0.0259952 -4.89237 0 3 0 0 -4.66626  -4.95711 0 2.68186 0 0 -4.79083  -0.0429109 0 0.0403867 0 0 -0.0250515  0.107646 0 0.277752 0 0 0.149621  0 0 0 0 0 0  
133.832 3.18343 0.0263049 -4.95453 0 3 0 0 -4.71424  -5.00642 0 2.67604 0 0 -4.83235  -0.0451063 0 0.0428866 0 0 -0.0295166  0.0969994 0 0.281071 0 0 0.147626  0 0 0 0 0 0  
134.46 3.20001 0.0264193 -4.90096 0 3 0 0 -4.61752  -4.9742 0 2.67063 0 0 -4.74155  -0.0499236 0 0.0384854 0 0 -0.0414073  0.12317 0 0.290885 0 0 0.165438  0 0 0 0 0 0  
135.088 3.21627 0.0253594 -4.8456 0 3 0 0 -4.54401  -4.91717 0 2.67633 0 0 -4.65274  -0.0510026 0 0.038692 0 0 -0.0395363  0.122574 0 0.28498 0 0 0.14826  0 0 0 0 0 0  
135.717 3.23187 0.0240396 -4.79477 0 3 0 0 -4.6134  -4.86717 0 2.6848 0 0 -4.74826  -0.0543507 0 0.0372469 0 0 -0.0397506  0.126755 0 0.277952 0 0 0.174612  0 0 0 0 0 0  
136.345 3.24635 0.0224191 -4.84569 0 3 0 0 -4.78453  -4.9187 0 2.7309 0 0 -4.90933  -0.0371297 0 0.0314522 0 0 -0.027713  0.110135 0 0.237651 0 0 0.152507  0 0 0 0 0 0  
136.973 3.25991 0.0211332 -4.88918 0 3 0 0 -5.03482  -4.94939 0 2.7418 0 0 -5.1344  -0.0349022 0 0.0325815 0 0 -0.0298146  0.0951122 0 0.225623 0 0 0.129394  0 0 0 0 0 0  
137.602 3.27329 0.021153 -4.90589 0 3 0 0 -5.15805  -4.98324 0 2.74719 0 0 -5.2649  -0.0288169 0 0.0323025 0 0 -0.0269992  0.106159 0 0.22051 0 0 0.13385  0 0 0 0 0 0  
138.23 3.28671 0.0217021 -4.88887 0 3 0 0 -5.04201  -4.97346 0 2.73236 0 0 -5.16654  -0.0280698 0 0.0344618 0 0 -0.0219188  0.112662 0 0.233174 0 0 0.14645  0 0 0 0 0 0  
138.858 3.30052 0.0222633 -4.88496 0 3 0 0 -5.01401  -4.97983 0 2.71851 0 0 -5.13591  -0.0263214 0 0.0330036 0 0 -0.0350414  0.121183 0 0.248491 0 0 0.15694  0 0 0 0 0 0  
139.487 3.31465 0.0230304 -4.89164 0 3 0 0 -5.10996  -4.97709 0 2.71038 0 0 -5.21286  -0.0301258 0 0.0362089 0 0 -0.0410739  0.115574 0 0.253408 0 0 0.143975  0 0 0 0 0 0  
140.115 3.32958 0.0240565 -4.77708 0 3 0 0 -5.20948  -4.86905 0 2.70468 0 0 -5.33103  -0.0288209 0 0.0348962 0 0 -0.03643  0.120799 0 0.260425 0 0 0.157981  0 0 0 0 0 0  
140.743 3.34513 0.0249148 -4.77092 0 3 0 0 -5.1918  -4.87218 0 2.68945 0 0 -5.3483  -0.0268648 0 0.034596 0 0 -0.0256279  0.128121 0 0.275951 0 0 0.182121  0 0 0 0 0 0  
141.372 3.36052 0.0241558 -4.78402 0 3 0 0 -5.0933  -4.90148 0 2.68624 0 0 -5.27052  -0.0307306 0 0.029998 0 0 -0.0342488  0.148197 0 0.283763 0 0 0.211468  0 0 0 0 0 0  
142 3.37556 0.0239432 -4.79519 0 3 0 0 -5.05478  -4.92297 0 2.69806 0 0 -5.22261  -0.0340628 0 0.029196 0 0 -0.0283283  0.161844 0 0.272745 0 0 0.196164  0 0 0 0 0 0  
142.628 3.39019 0.0221688 -4.87706 0 3 0 0 -5.09066  -4.97963 0 2.72358 0 0 -5.22435  -0.0284459 0 0.0291488 0 0 -0.020224  0.131013 0 0.24727 0 0 0.153921  0 0 0 0 0 0  
143.257 3.40414 0.022227 -4.94199 0 3 0 0 -5.16395  -5.03468 0 2.73785 0 0 -5.28554  -0.0230487 0 0.0289512 0 0 -0.0175066  0.115736 0 0.2332 0 0 0.139103  0 0 0 0 0 0  
143.885 3.41834 0.0227368 -5.09052 0 3 0 0 -5.18515  -5.17432 0 2.72821 0 0 -5.31071  -0.0295884 0 0.0308243 0 0 -0.0215051  0.113387 0 0.240962 0 0 0.14707  0 0 0 0 0 0  
144.513 3.43306 0.0227734 -5.14382 0 3 0 0 -5.31739  -5.22303 0 2.72351 0 0 -5.43985  -0.0332085 0 0.0357817 0 0 -0.0259357  0.112411 0 0.240709 0 0 0.148399  0 0 0 0 0 0  
145.142 3.44712 0.0213503 -5.24764 0 3 0 0 -5.30539  -5.32974 0 2.73352 0 0 -5.42439  -0.032455 0 0.030061 0 0 -0.0203568  0.114548 0 0.236417 0 0 0.139354  0 0 0 0 0 0  
145.77 3.46029 0.0202911 -5.35109 0 3 0 0 -5.42573  -5.42194 0 2.74971 0 0 -5.53077  -0.0341921 0 0.0280113 0 0 -0.0241032  0.105044 0 0.222278 0 0 0.129144  0 0 0 0 0 0  
146.398 3.47302 0.0206353 -5.49793 0 3 0 0 -5.59772  -5.56158 0 2.75448 0 0 -5.69207  -0.0338022 0 0.0283017 0 0 -0.0251843  0.0974475 0 0.217217 0 0 0.119539  0 0 0 0 0 0  
147.027 3.48584 0.0203584 -5.53543 0 3 0 0 -5.63294  -5.59921 0 2.76523 0 0 -5.73306  -0.0328595 0 0.0293987 0 0 -0.0227218  0.0966404 0 0.205374 0 0 0.122851  0 0 0 0 0 0  
147.655 3.49844 0.0200586 -5.54676 0 3 0 0 -5.59085  -5.61985 0 2.75968 0 0 -5.69387  -0.0348227 0 0.0296733 0 0 -0.0266689  0.10791 0 0.210644 0 0 0.129688  0 0 0 0 0 0  
148.283 3.51072 0.0195355 -5.52256 0 3 0 0 -5.55271  -5.60047 0 2.75792 0 0 -5.6425  -0.0321904 0 0.0336866 0 0 -0.0255622  0.110097 0 0.208393 0 0 0.115356  0 0 0 0 0 0  
148.911 3.52286 0.019593 -5.53343 0 3 0 0 -5.57198  -5.62306 0 2.7585 0 0 -5.65831  -0.023567 0 0.0326425 0 0 -0.0251455  0.113194 0 0.208859 0 0 0.111481  0 0 0 0 0 0  
149.54 3.53505 0.0198013 -5.53052 0 3 0 0 -5.54896  -5.60898 0 2.75454 0 0 -5.63665  -0.0241586 0 0.0328115 0 0 -0.0221207  0.102618 0 0.212651 0 0 0.109813  0 0 0 0 0 0  
150.168 3.54777 0.0207338 -5.49253 0 3 0 0 -5.49551  -5.56806 0 2.74174 0 0 -5.59358  -0.0283472 0 0.0348223 0 0 -0.0218962  0.103883 0 0.223438 0 0 0.119963  0 0 0 0 0 0  
150.796 3.56087 0.0205331 -5.53449 0 3 0 0 -5.53332  -5.60318 0 2.73659 0 0 -5.63322  -0.0353302 0 0.0314247 0 0 -0.0212188  0.104017 0 0.231981 0 0 0.121126  0 0 0 0 0 0  
151.425 3.57356 0.0198349 -5.59824 0 3 0 0 -5.67933  -5.65169 0 2.75266 0 0 -5.76651  -0.0327185 0 0.0312538 0 0 -0.0177424  0.0861708 0 0.216087 0 0 0.104925  0 0 0 0 0 0  
152.053 3.58574 0.0188228 -5.65588 0 3 0 0 -5.8291  -5.7117 0 2.7699 0 0 -5.91567  -0.0336221 0 0.0300932 0 0 -0.0188274  0.0894373 0 0.200007 0 0 0.105389  0 0 0 0 0 0  
152.681 3.59735 0.0180434 -5.69817 0 3 0 0 -6.01822  -5.74735 0 2.77882 0 0 -6.1007  -0.0284753 0 0.0316879 0 0 -0.0129477  0.0776615 0 0.189487 0 0 0.0954307  0 0 0 0 0 0  
153.31 3.60856 0.0179844 -5.82854 0 3 0 0 -6.16218  -5.87687 0 2.79413 0 0 -6.2359  -0.0191592 0 0.02937 0 0 -0.00839011  0.0674959 0 0.176496 0 0 0.0821044  0 0 0 0 0 0  
153.938 3.62003 0.0181003 -5.99509 0 3 0 0 -6.16132  -6.03818 0 2.7953 0 0 -6.22927  -0.0243804 0 0.0295641 0 0 -0.0100917  0.0674687 0 0.175131 0 0 0.0780354  0 0 0 0 0 0  
154.566 3.63115 0.0175461 -6.06868 0 3 0 0 -6.02441  -6.11582 0 2.79887 0 0 -6.09145  -0.0202683 0 0.0312889 0 0 -0.0123946  0.0674073 0 0.169845 0 0 0.0794374  0 0 0 0 0 0  
155.195 3.64224 0.0176085 -6.07991 0 3 0 0 -5.90691  -6.13247 0 2.80537 0 0 -5.97825  -0.0181653 0 0.0312072 0 0 -0.0117841  0.0707205 0 0.163421 0 0 0.0831281  0 0 0 0 0 0  
155.823 3.65313 0.0173975 -6.06705 0 3 0 0 -5.75893  -6.126 0 2.81004 0 0 -5.84022  -0.0136383 0 0.0274444 0 0 -0.011219  0.0725878 0 0.162511 0 0 0.0925102  0 0 0 0 0 0  
156.451 3.66419 0.0181427 -6.08555 0 3 0 0 -5.64117  -6.14506 0 2.80096 0 0 -5.71968  -0.015065 0 0.0296144 0 0 -0.0136941  0.074567 0 0.169429 0 0 0.0922047  0 0 0 0 0 0  
157.08 3.67551 0.0179663 -5.98191 0 3 0 0 -5.59159  -6.0399 0 2.79415 0 0 -5.66908  -0.0150789 0 0.0303668 0 0 -0.010546  0.0730725 0 0.175479 0 0 0.0880354  0 0 0 0 0 0  
157.708 3.68693 0.0191982 -5.92633 0 3 0 0 -5.55303  -5.9939 0 2.7724 0 0 -5.64561  -0.0222218 0 0.0330815 0 0 -0.0185692  0.0897892 0 0.194518 0 0 0.111148  0 0 0 0 0 0  
158.336 3.69909 0.0196415 -5.84331 0 3 0 0 -5.44927  -5.91975 0 2.75616 0 0 -5.56186  -0.0228442 0 0.0350452 0 0 -0.0184643  0.0992855 0 0.208796 0 0 0.131055  0 0 0 0 0 0  
158.965 3.71142 0.0201314 -5.65616 0 3 0 0 -5.3901  -5.73716 0 2.74025 0 0 -5.50302  -0.0273424 0 0.0337858 0 0 -0.0204663  0.108339 0 0.225967 0 0 0.133389  0 0 0 0 0 0  
159.593 3.72419 0.0205365 -5.43269 0 3 0 0 -5.25173  -5.51599 0 2.71929 0 0 -5.37312  -0.0233738 0 0.0365055 0 0 -0.0223864  0.106672 0 0.244205 0 0 0.143781  0 0 0 0 0 0  
160.221 3.73719 0.0205936 -5.3317 0 3 0 0 -5.04766  -5.43265 0 2.71183 0 0 -5.17845  -0.0207848 0 0.0368923 0 0 -0.0159813  0.121739 0 0.251274 0 0 0.14677  0 0 0 0 0 0  
160.85 3.75 0.020459 -5.3561 0 3 0 0 -4.89903  -5.44503 0 2.70963 0 0 -5.02915  -0.025053 0 0.0369275 0 0 -0.025885  0.113984 0 0.253442 0 0 0.156004  0 0 0 0 0 0  
161.478 3.76267 0.0199414 -5.37683 0 3 0 0 -4.76354  -5.46717 0 2.71282 0 0 -4.89712  -0.0278065 0 0.0351669 0 0 -0.0299251  0.118152 0 0.252009 0 0 0.163509  0 0 0 0 0 0  
162.106 3.77523 0.0198649 -5.46116 0 3 0 0 -4.74281  -5.54535 0 2.72331 0 0 -4.86021  -0.0190958 0 0.0343982 0 0 -0.01835  0.103282 0 0.242294 0 0 0.135743  0 0 0 0 0 0  
162.734 3.78787 0.020478 -5.56127 0 3 0 0 -4.90356  -5.6355 0 2.71768 0 0 -5.01386  -0.019979 0 0.0366918 0 0 -0.0188698  0.0942142 0 0.245629 0 0 0.129168  0 0 0 0 0 0  
163.363 3.80125 0.0219204 -5.52147 0 3 0 0 -5.06531  -5.60965 0 2.6969 0 0 -5.1885  -0.0273987 0 0.0372523 0 0 -0.0324274  0.115573 0 0.265849 0 0 0.155611  0 0 0 0 0 0  
163.991 3.81528 0.0226594 -5.47523 0 3 0 0 -5.1945  -5.55037 0 2.69419 0 0 -5.29795  -0.0348529 0 0.0388923 0 0 -0.0353711  0.109999 0 0.26692 0 0 0.138822  0 0 0 0 0 0  
164.619 3.82932 0.021832 -5.42166 0 3 0 0 -5.26074  -5.503 0 2.70075 0 0 -5.36558  -0.0356299 0 0.0415282 0 0 -0.0277707  0.116962 0 0.257725 0 0 0.132609  0 0 0 0 0 0  
165.248 3.84293 0.0212762 -5.37026 0 3 0 0 -5.29737  -5.45682 0 2.70594 0 0 -5.41454  -0.0325694 0 0.0389423 0 0 -0.0234555  0.119132 0 0.255119 0 0 0.14063  0 0 0 0 0 0  
165.876 3.8563 0.0214179 -5.48398 0 3 0 0 -5.25438  -5.58422 0 2.70897 0 0 -5.38541  -0.0285622 0 0.0378346 0 0 -0.0223295  0.128799 0 0.253196 0 0 0.153362  0 0 0 0 0 0  
166.504 3.86943 0.0205014 -5.6236 0 3 0 0 -5.24301  -5.70227 0 2.72058 0 0 -5.35103  -0.0269993 0 0.0377938 0 0 -0.0303352  0.105661 0 0.241623 0 0 0.13835  0 0 0 0 0 0  
167.133 3.8823 0.0206669 -5.68512 0 3 0 0 -5.18323  -5.75027 0 2.73159 0 0 -5.27137  -0.0323599 0 0.0380153 0 0 -0.0284374  0.0975109 0 0.230398 0 0 0.116578  0 0 0 0 0 0  
167.761 3.89537 0.0208702 -5.63205 0 3 0 0 -5.28328  -5.69403 0 2.73821 0 0 -5.35756  -0.0263031 0 0.0384246 0 0 -0.0299171  0.0882895 0 0.223363 0 0 0.104204  0 0 0 0 0 0  
168.389 3.90877 0.0217584 -5.53989 0 3 0 0 -5.40333  -5.60944 0 2.72864 0 0 -5.49257  -0.0275667 0 0.0383196 0 0 -0.0345376  0.0971141 0 0.233041 0 0 0.123783  0 0 0 0 0 0  
169.018 3.92243 0.0216133 -5.45377 0 3 0 0 -5.42659  -5.52226 0 2.72893 0 0 -5.51944  -0.0266205 0 0.0370129 0 0 -0.0311239  0.0951149 0 0.234054 0 0 0.123974  0 0 0 0 0 0  
169.646 3.93616 0.0217835 -5.44413 0 3 0 0 -5.4706  -5.53204 0 2.71634 0 0 -5.58441  -0.0270362 0 0.0321399 0 0 -0.0277406  0.114939 0 0.251524 0 0 0.14155  0 0 0 0 0 0  
170.274 3.94969 0.0212448 -5.54267 0 3 0 0 -5.51186  -5.61767 0 2.72372 0 0 -5.61979  -0.0326646 0 0.0357311 0 0 -0.0264089  0.107666 0 0.240547 0 0 0.134342  0 0 0 0 0 0  
170.903 3.96259 0.0205049 -5.56165 0 3 0 0 -5.45501  -5.63186 0 2.74567 0 0 -5.56353  -0.0292917 0 0.0350323 0 0 -0.0221362  0.0995106 0 0.219297 0 0 0.130651  0 0 0 0 0 0  
171.531 3.97546 0.0203852 -5.55184 0 3 0 0 -5.44234  -5.62154 0 2.75162 0 0 -5.54483  -0.0281723 0 0.0359737 0 0 -0.0224441  0.0978724 0 0.212406 0 0 0.124937  0 0 0 0 0 0  
172.159 3.98852 0.0210674 -5.53865 0 3 0 0 -5.34278  -5.6136 0 2.74369 0 0 -5.45261  -0.0289147 0 0.0342628 0 0 -0.0229504  0.103855 0 0.222044 0 0 0.132786  0 0 0 0 0 0  
172.788 4.0019 0.0216794 -5.49008 0 3 0 0 -5.29664  -5.56309 0 2.72419 0 0 -5.40066  -0.0347905 0 0.0387053 0 0 -0.0372347  0.107806 0 0.237107 0 0 0.141258  0 0 0 0 0 0  
173.416 4.01556 0.0216343 -5.54622 0 3 0 0 -5.37105  -5.61134 0 2.72526 0 0 -5.46728  -0.0392227 0 0.0404351 0 0 -0.0398064  0.10435 0 0.234301 0 0 0.136043  0 0 0 0 0 0  
174.044 4.02896 0.0204953 -5.656 0 3 0 0 -5.45598  -5.71073 0 2.73989 0 0 -5.54012  -0.0351527 0 0.0392114 0 0 -0.0363199  0.0898753 0 0.220896 0 0 0.120459  0 0 0 0 0 0  
174.673 4.04184 0.0200102 -5.87102 0 3 0 0 -5.62623  -5.92072 0 2.76147 0 0 -5.70817  -0.027032 0 0.0365504 0 0 -0.0288794  0.0767332 0 0.201978 0 0 0.110823  0 0 0 0 0 0  
175.301 4.05398 0.01868 -5.96301 0 3 0 0 -5.77701  -6.01268 0 2.78014 0 0 -5.85579  -0.0241493 0 0.0313075 0 0 -0.0262011  0.0738209 0 0.188551 0 0 0.104974  0 0 0 0 0 0  
175.929 4.06549 0.0184003 -5.91124 0 3 0 0 -5.76932  -5.97079 0 2.783 0 0 -5.86005  -0.0243847 0 0.0289555 0 0 -0.0215334  0.0839316 0 0.188044 0 0 0.112267  0 0 0 0 0 0  
176.558 4.07709 0.0184848 -5.80527 0 3 0 0 -5.66474  -5.85605 0 2.77721 0 0 -5.75621  -0.0298285 0 0.0299251 0 0 -0.0186025  0.0806062 0 0.192862 0 0 0.110079  0 0 0 0 0 0  
177.186 4.08899 0.0190214 -5.79535 0 3 0 0 -5.58706  -5.84713 0 2.77459 0 0 -5.68662  -0.0261737 0 0.0288642 0 0 -0.0184883  0.0779568 0 0.196543 0 0 0.118056  0 0 0 0 0 0  
177.814 4.10107 0.0193318 -5.84726 0 3 0 0 -5.53984  -5.88961 0 2.77228 0 0 -5.63333  -0.0273376 0 0.030643 0 0 -0.020373  0.0696926 0 0.197082 0 0 0.113862  0 0 0 0 0 0  
178.442 4.11349 0.0199111 -5.93703 0 3 0 0 -5.63067  -5.97619 0 2.77286 0 0 -5.71183  -0.0246508 0 0.0340337 0 0 -0.0212535  0.0638136 0 0.193105 0 0 0.102417  0 0 0 0 0 0  
179.071 4.12589 0.0193421 -6.02948 0 3 0 0 -5.69659  -6.06259 0 2.78228 0 0 -5.76757  -0.0256925 0 0.0329226 0 0 -0.0211697  0.0587974 0 0.184795 0 0 0.0921577  0 0 0 0 0 0  
179.699 4.13795 0.0192697 -5.98783 0 3 0 0 -5.47091  -6.02311 0 2.78931 0 0 -5.54374  -0.0229743 0 0.0316859 0 0 -0.0189647  0.0582473 0 0.179003 0 0 0.0917941  0 0 0 0 0 0  
180.327 4.14977 0.018612 -5.65446 0 3 0 0 -5.11374  -5.69564 0 2.78493 0 0 -5.19249  -0.0287061 0 0.0310666 0 0 -0.0259101  0.0698865 0 0.184003 0 0 0.104664  0 0 0 0 0 0  
180.956 4.16167 0.0188075 -5.52373 0 3 0 0 -4.88893  -5.57822 0 2.77108 0 0 -4.98003  -0.0279252 0 0.0316892 0 0 -0.0255847  0.0824121 0 0.197228 0 0 0.11669  0 0 0 0 0 0  
181.584 4.17388 0.0197965 -5.58718 0 3 0 0 -4.79049  -5.64117 0 2.75447 0 0 -4.88938  -0.0301098 0 0.0338816 0 0 -0.0268291  0.0840957 0 0.211646 0 0 0.125721  0 0 0 0 0 0  
182.212 4.18624 0.0196512 -5.52055 0 3 0 0 -4.79283  -5.59478 0 2.76061 0 0 -4.89583  -0.0305227 0 0.0301575 0 0 -0.0250551  0.104756 0 0.209231 0 0 0.128057  0 0 0 0 0 0  
182.841 4.19852 0.019451 -5.52527 0 3 0 0 -4.83082  -5.61713 0 2.76161 0 0 -4.94204  -0.0258439 0 0.0272867 0 0 -0.0257366  0.117703 0 0.211108 0 0 0.136959  0 0 0 0 0 0  
183.469 4.21114 0.0201183 -5.51263 0 3 0 0 -4.76296  -5.60486 0 2.75241 0 0 -4.88361  -0.0220114 0 0.0298062 0 0 -0.0198217  0.114242 0 0.217782 0 0 0.14047  0 0 0 0 0 0  
184.097 4.22394 0.0211383 -5.48918 0 3 0 0 -4.70031  -5.5939 0 2.73807 0 0 -4.81401  -0.0198862 0 0.0333036 0 0 -0.0268099  0.124598 0 0.228621 0 0 0.140501  0 0 0 0 0 0  
184.726 4.23704 0.0209909 -5.49521 0 3 0 0 -4.61643  -5.61041 0 2.72893 0 0 -4.75141  -0.0231661 0 0.0334742 0 0 -0.0279589  0.138366 0 0.237599 0 0 0.162938  0 0 0 0 0 0  
185.354 4.25074 0.0221126 -5.59847 0 3 0 0 -4.69571  -5.72928 0 2.71824 0 0 -4.84681  -0.0178469 0 0.0343241 0 0 -0.0246399  0.148653 0 0.247434 0 0 0.175742  0 0 0 0 0 0  
185.982 4.26439 0.0214556 -5.65026 0 3 0 0 -4.84979  -5.7619 0 2.72906 0 0 -5.01005  -0.019373 0 0.0293822 0 0 -0.0276245  0.131012 0 0.241555 0 0 0.187892  0 0 0 0 0 0  
186.611 4.27776 0.0210056 -5.62932 0 3 0 0 -5.05177  -5.7289 0 2.74669 0 0 -5.18822  -0.0257873 0 0.0312425 0 0 -0.0260575  0.125359 0 0.222067 0 0 0.162502  0 0 0 0 0 0  
187.239 4.29103 0.0214336 -5.5172 0 3 0 0 -5.12505  -5.61527 0 2.74269 0 0 -5.26283  -0.020242 0 0.0354881 0 0 -0.0137507  0.118318 0 0.221821 0 0 0.151533  0 0 0 0 0 0  
187.867 4.30438 0.0209049 -5.45125 0 3 0 0 -5.19386  -5.55559 0 2.74318 0 0 -5.31738  -0.0174181 0 0.0348518 0 0 -0.0112465  0.121756 0 0.221966 0 0 0.134773  0 0 0 0 0 0  
188.496 4.31736 0.02028 -5.35407 0 3 0 0 -5.26031  -5.44649 0 2.75098 0 0 -5.38193  -0.0185846 0 0.0334673 0 0 -0.0122664  0.111 0 0.215549 0 0 0.133889  0 0 0 0 0 0  
189.124 4.33033 0.02047 -5.04809 0 3 0 0 -5.27069  -5.14838 0 2.74725 0 0 -5.40106  -0.0208963 0 0.0311644 0 0 -0.0144467  0.121178 0 0.221582 0 0 0.144825  0 0 0 0 0 0  
189.752 4.34325 0.0211364 -4.80722 0 3 0 0 -5.33925  -4.913 0 2.72877 0 0 -5.48805  -0.0288386 0 0.0335448 0 0 -0.0166905  0.134619 0 0.237686 0 0 0.165493  0 0 0 0 0 0  
190.381 4.35672 0.0219345 -4.80941 0 3 0 0 -5.481  -4.90009 0 2.70756 0 0 -5.62615  -0.0258155 0 0.0369854 0 0 -0.0176256  0.116498 0 0.255451 0 0 0.162775  0 0 0 0 0 0  
191.009 4.37068 0.0229834 -4.78819 0 3 0 0 -5.48831  -4.88237 0 2.69452 0 0 -5.64972  -0.0256728 0 0.038808 0 0 -0.0172251  0.119855 0 0.266674 0 0 0.178642  0 0 0 0 0 0  
191.637 4.38526 0.0235736 -4.85125 0 3 0 0 -5.47992  -4.94203 0 2.68568 0 0 -5.63399  -0.0319169 0 0.0423386 0 0 -0.0182727  0.122699 0 0.27198 0 0 0.172334  0 0 0 0 0 0  
192.265 4.40006 0.0236956 -4.95355 0 3 0 0 -5.40198  -5.05644 0 2.68159 0 0 -5.55529  -0.0326125 0 0.0437917 0 0 -0.0166367  0.1355 0 0.274616 0 0 0.169946  0 0 0 0 0 0  
192.894 4.41495 0.0242602 -5.00747 0 3 0 0 -5.3306  -5.12613 0 2.6786 0 0 -5.49374  -0.0247703 0 0.0433931 0 0 -0.0156199  0.143436 0 0.278009 0 0 0.178758  0 0 0 0 0 0  
193.522 4.43007 0.023315 -4.94492 0 3 0 0 -5.18064  -5.07702 0 2.67867 0 0 -5.36923  -0.025482 0 0.0345774 0 0 -0.0247443  0.157583 0 0.28675 0 0 0.21333  0 0 0 0 0 0  
194.15 4.44518 0.0243827 -4.85275 0 3 0 0 -5.03768  -4.98483 0 2.65403 0 0 -5.2281  -0.0261009 0 0.0405803 0 0 -0.0245413  0.158184 0 0.305388 0 0 0.214964  0 0 0 0 0 0  
194.779 4.46067 0.0251247 -4.89852 0 3 0 0 -4.95232  -5.04516 0 2.6494 0 0 -5.14925  -0.0242999 0 0.0429619 0 0 -0.0261228  0.170948 0 0.307639 0 0 0.223054  0 0 0 0 0 0  
195.407 4.47636 0.0250741 -4.95738 0 3 0 0 -4.93836  -5.08901 0 2.65687 0 0 -5.11569  -0.0252047 0 0.0421225 0 0 -0.0247051  0.156833 0 0.301011 0 0 0.202042  0 0 0 0 0 0  
196.035 4.49228 0.0252771 -4.98836 0 3 0 0 -4.98597  -5.11612 0 2.66148 0 0 -5.14843  -0.0335312 0 0.0398452 0 0 -0.0339635  0.161293 0 0.298676 0 0 0.19643  0 0 0 0 0 0  
196.664 4.50808 0.0247326 -4.97669 0 3 0 0 -5.11092  -5.08746 0 2.68002 0 0 -5.25862  -0.0305341 0 0.0374117 0 0 -0.029904  0.141304 0 0.282563 0 0 0.177609  0 0 0 0 0 0  
197.292 4.52369 0.0249651 -4.95588 0 3 0 0 -5.13821  -5.07208 0 2.67749 0 0 -5.2887  -0.0359891 0 0.0372478 0 0 -0.0337637  0.152188 0 0.285267 0 0 0.184253  0 0 0 0 0 0  
197.92 4.53965 0.0255723 -4.78086 0 3 0 0 -5.04131  -4.88622 0 2.67908 0 0 -5.18629  -0.0347662 0 0.0400658 0 0 -0.0300999  0.140123 0 0.280851 0 0 0.17508  0 0 0 0 0 0  
198.549 4.55577 0.0261751 -4.72049 0 3 0 0 -5.01642  -4.81112 0 2.67265 0 0 -5.15254  -0.0334123 0 0.0419884 0 0 -0.0287658  0.12404 0 0.285362 0 0 0.164893  0 0 0 0 0 0  
199.177 4.57217 0.0255756 -4.76141 0 3 0 0 -5.01819  -4.8523 0 2.67729 0 0 -5.15351  -0.0418512 0 0.0412814 0 0 -0.0342075  0.132741 0 0.28143 0 0 0.169535  0 0 0 0 0 0  
199.805 4.58819 0.0251445 -4.74261 0 3 0 0 -4.95615  -4.83406 0 2.67089 0 0 -5.09594  -0.0423896 0 0.0399955 0 0 -0.0368334  0.13384 0 0.289117 0 0 0.176632  0 0 0 0 0 0  
200.434 4.60361 0.0241606 -4.85689 0 3 0 0 -4.85795  -4.93535 0 2.6923 0 0 -4.99855  -0.0410426 0 0.036686 0 0 -0.0339783  0.119506 0 0.271016 0 0 0.174572  0 0 0 0 0 0  
201.062 4.61845 0.0232196 -4.92776 0 3 0 0 -4.76764  -4.99097 0 2.71127 0 0 -4.8811  -0.0306984 0 0.0346019 0 0 -0.0277152  0.0939149 0 0.254124 0 0 0.141173  0 0 0 0 0 0  
201.69 4.63311 0.0234386 -4.96504 0 3 0 0 -4.67586  -5.01809 0 2.7015 0 0 -4.78944  -0.0350331 0 0.0373533 0 0 -0.030046  0.0880836 0 0.261146 0 0 0.143631  0 0 0 0 0 0  
202.319 4.6477 0.0228649 -4.9537 0 3 0 0 -4.56805  -5.03737 0 2.71092 0 0 -4.69008  -0.0324856 0 0.035977 0 0 -0.0273208  0.116156 0 0.253101 0 0 0.149353  0 0 0 0 0 0  
202.947 4.66177 0.0223248 -4.99206 0 3 0 0 -4.53652  -5.07814 0 2.70719 0 0 -4.65881  -0.0410825 0 0.0352782 0 0 -0.0307612  0.127155 0 0.257528 0 0 0.153056  0 0 0 0 0 0  
203.575 4.67599 0.0226892 -5.08616 0 3 0 0 -4.64654  -5.1675 0 2.6975 0 0 -4.7653  -0.0380687 0 0.0349205 0 0 -0.0322717  0.119409 0 0.267581 0 0 0.151032  0 0 0 0 0 0  
204.204 4.69009 0.0223548 -5.08733 0 3 0 0 -4.60725  -5.17022 0 2.70889 0 0 -4.73214  -0.0293773 0 0.0313452 0 0 -0.0276093  0.112265 0 0.259761 0 0 0.1525  0 0 0 0 0 0  
204.832 4.70417 0.0226099 -5.01956 0 3 0 0 -4.59156  -5.10985 0 2.70237 0 0 -4.72422  -0.0386329 0 0.0320293 0 0 -0.0412326  0.128921 0 0.265597 0 0 0.173893  0 0 0 0 0 0  
205.46 4.71854 0.0229729 -4.93281 0 3 0 0 -4.65883  -5.02333 0 2.67366 0 0 -4.80345  -0.0471434 0 0.0355318 0 0 -0.0451996  0.13766 0 0.290809 0 0 0.189817  0 0 0 0 0 0  
206.088 4.73305 0.0227706 -4.9361 0 3 0 0 -4.71105  -5.01869 0 2.67785 0 0 -4.85242  -0.0549418 0 0.0364647 0 0 -0.0446389  0.137532 0 0.285688 0 0 0.186011  0 0 0 0 0 0  
206.717 4.74745 0.0227596 -4.94035 0 3 0 0 -4.71647  -5.01949 0 2.69209 0 0 -4.86694  -0.046551 0 0.0315654 0 0 -0.0374402  0.125698 0 0.27634 0 0 0.187905  0 0 0 0 0 0  
207.345 4.7618 0.0228451 -5.02105 0 3 0 0 -4.75275  -5.08048 0 2.68895 0 0 -4.89677  -0.0443013 0 0.0368818 0 0 -0.0356653  0.103723 0 0.274165 0 0 0.179687  0 0 0 0 0 0  
207.973 4.7762 0.0229341 -5.0576 0 3 0 0 -4.76285  -5.12103 0 2.69012 0 0 -4.91042  -0.0446082 0 0.034281 0 0 -0.0402192  0.108034 0 0.2756 0 0 0.187788  0 0 0 0 0 0  
208.602 4.79058 0.0227094 -5.00817 0 3 0 0 -4.77728  -5.08758 0 2.69946 0 0 -4.91896  -0.0427899 0 0.0305563 0 0 -0.038667  0.122202 0 0.269983 0 0 0.180353  0 0 0 0 0 0  
209.23 4.80467 0.0222527 -5.15564 0 3 0 0 -4.85841  -5.23052 0 2.71771 0 0 -4.97904  -0.0404434 0 0.0286746 0 0 -0.0417341  0.115327 0 0.253616 0 0 0.162373  0 0 0 0 0 0  
209.858 4.81883 0.0229401 -5.29345 0 3 0 0 -4.86666  -5.35878 0 2.72003 0 0 -4.97467  -0.0322955 0 0.0311082 0 0 -0.0335299  0.0976242 0 0.24886 0 0 0.141545  0 0 0 0 0 0  
210.487 4.83322 0.022958 -5.38547 0 3 0 0 -4.88676  -5.43634 0 2.7265 0 0 -4.98154  -0.037737 0 0.0358768 0 0 -0.0346625  0.0886152 0 0.237619 0 0 0.129445  0 0 0 0 0 0  
211.115 4.84756 0.0226648 -5.37507 0 3 0 0 -5.07555  -5.44689 0 2.73261 0 0 -5.16723  -0.0309658 0 0.0346129 0 0 -0.0319133  0.102786 0 0.232781 0 0 0.123595  0 0 0 0 0 0  
211.743 4.86178 0.0229845 -5.40029 0 3 0 0 -5.14199  -5.47728 0 2.72152 0 0 -5.24218  -0.0315446 0 0.0345746 0 0 -0.0290744  0.10854 0 0.243903 0 0 0.129266  0 0 0 0 0 0  
212.372 4.87617 0.0231069 -5.43088 0 3 0 0 -5.19312  -5.50737 0 2.71503 0 0 -5.28876  -0.027454 0 0.0356858 0 0 -0.026343  0.103939 0 0.249288 0 0 0.121985  0 0 0 0 0 0  
213 4.89068 0.0230554 -5.5021 0 3 0 0 -5.18782  -5.57564 0 2.71504 0 0 -5.29237  -0.0313752 0 0.0373432 0 0 -0.0260857  0.104915 0 0.247613 0 0 0.130639  0 0 0 0 0 0  
213.628 4.90508 0.0229763 -5.53834 0 3 0 0 -5.09744  -5.62907 0 2.71718 0 0 -5.21846  -0.0310073 0 0.0358814 0 0 -0.02776  0.121734 0 0.246943 0 0 0.148782  0 0 0 0 0 0  
214.257 4.91914 0.0222633 -5.50077 0 3 0 0 -5.09134  -5.5882 0 2.73973 0 0 -5.20609  -0.0314386 0 0.0345706 0 0 -0.0244547  0.118868 0 0.225697 0 0 0.139196  0 0 0 0 0 0  
214.885 4.93326 0.0230824 -5.375 0 3 0 0 -4.95375  -5.46437 0 2.72474 0 0 -5.08536  -0.0317153 0 0.0340246 0 0 -0.015522  0.121083 0 0.241233 0 0 0.147131  0 0 0 0 0 0  
215.513 4.94801 0.0238195 -5.25078 0 3 0 0 -4.82987  -5.363 0 2.70641 0 0 -4.97996  -0.0300899 0 0.0381519 0 0 -0.0233359  0.142302 0 0.255442 0 0 0.173427  0 0 0 0 0 0  
216.142 4.96354 0.0255986 -4.99028 0 3 0 0 -4.72147  -5.11098 0 2.68012 0 0 -4.87856  -0.0298803 0 0.0407068 0 0 -0.0245622  0.150586 0 0.279169 0 0 0.181651  0 0 0 0 0 0  
216.77 4.97979 0.0264656 -4.63169 0 3 0 0 -4.55179  -4.75796 0 2.66262 0 0 -4.72754  -0.0208117 0 0.0418929 0 0 -0.0246704  0.147077 0 0.29549 0 0 0.200419  0 0 0 0 0 0  
217.398 4.99687 0.0277293 -4.5133 0 3 0 0 -4.44108  -4.65584 0 2.63713 0 0 -4.63064  -0.027731 0 0.0417278 0 0 -0.0266206  0.170273 0 0.321143 0 0 0.216177  0 0 0 0 0 0  
218.027 5.01461 0.0283153 -4.42737 0 3 0 0 -4.28444  -4.55604 0 2.61387 0 0 -4.48922  -0.0467538 0 0.0442629 0 0 -0.0320364  0.175423 0 0.341863 0 0 0.236811  0 0 0 0 0 0  
