# LF_DEM version v3.0-126-gb72fb1a
# np 1000
# VF 0.76
# Lx 73.993
# Ly 0
# Lz 73.993
# flow_type shear
# data in cl units.
#1: time
#2: cumulated strain
#3: shear rate
#4-9: total stress tensor (xx, xy, xz, yz, yy, zz)
#10-15: contact stress tensor (xx, xy, xz, yz, yy, zz)
#16-21: dashpot stress tensor (xx, xy, xz, yz, yy, zz)
#22-27: hydro stress tensor (xx, xy, xz, yz, yy, zz)
#28-33: repulsion stress tensor (xx, xy, xz, yz, yy, zz)

0.0942478 0.000421159 0.00446864 -0.254589 0 0.2 0 0 -0.229637  -0.28126 0 0.139434 0 0 -0.273724  -0.00776385 0 0.00479505 0 0 -0.00847319  0.0344347 0 0.0557714 0 0 0.05256  0 0 0 0 0 0  
9.42478 0.0425201 0.00458006 -0.237617 0 0.2 0 0 -0.208936  -0.267678 0 0.131643 0 0 -0.257047  -0.00922716 0 0.00436405 0 0 -0.0105918  0.0392874 0 0.0639928 0 0 0.0587031  0 0 0 0 0 0  
18.8496 0.0857783 0.00455002 -0.239455 0 0.2 0 0 -0.204397  -0.26617 0 0.1319 0 0 -0.250811  -0.00914477 0 0.00496828 0 0 -0.0121271  0.0358598 0 0.0631316 0 0 0.0585412  0 0 0 0 0 0  
28.2743 0.128393 0.00452218 -0.257324 0 0.2 0 0 -0.214238  -0.275067 0 0.134698 0 0 -0.256006  -0.00949634 0 0.00526065 0 0 -0.0110603  0.0272392 0 0.0600412 0 0 0.0528285  0 0 0 0 0 0  
37.6991 0.171346 0.00449882 -0.257391 0 0.2 0 0 -0.209412  -0.276627 0 0.136141 0 0 -0.251549  -0.0101547 0 0.00510885 0 0 -0.0111792  0.0293909 0 0.0587497 0 0 0.0533163  0 0 0 0 0 0  
47.1239 0.212924 0.00444516 -0.254404 0 0.2 0 0 -0.206156  -0.277684 0 0.135635 0 0 -0.248159  -0.0103704 0 0.00417193 0 0 -0.0109711  0.0336502 0 0.0601927 0 0 0.0529739  0 0 0 0 0 0  
56.5487 0.254362 0.00438617 -0.25881 0 0.2 0 0 -0.208218  -0.280766 0 0.137279 0 0 -0.247204  -0.0101789 0 0.00530713 0 0 -0.0114249  0.0321341 0 0.0574139 0 0 0.0504111  0 0 0 0 0 0  
65.9734 0.295094 0.00426175 -0.265921 0 0.2 0 0 -0.209081  -0.287821 0 0.140119 0 0 -0.246181  -0.00984285 0 0.00458234 0 0 -0.00951265  0.0317421 0 0.0552987 0 0 0.0466124  0 0 0 0 0 0  
75.3982 0.33407 0.00413576 -0.28294 0 0.2 0 0 -0.227404  -0.30196 0 0.14284 0 0 -0.258276  -0.00943558 0 0.00496017 0 0 -0.00918211  0.0284546 0 0.0521998 0 0 0.0400544  0 0 0 0 0 0  
84.823 0.373091 0.00421471 -0.293622 0 0.2 0 0 -0.248403  -0.309965 0 0.143941 0 0 -0.274348  -0.00806705 0 0.00562649 0 0 -0.00777033  0.02441 0 0.0504329 0 0 0.0337156  0 0 0 0 0 0  
94.2478 0.41324 0.00426729 -0.286129 0 0.2 0 0 -0.261066  -0.303513 0 0.14317 0 0 -0.284549  -0.00767387 0 0.00601823 0 0 -0.00740331  0.0250579 0 0.0508121 0 0 0.0308855  0 0 0 0 0 0  
103.673 0.453171 0.00419914 -0.283498 0 0.2 0 0 -0.273979  -0.300314 0 0.144535 0 0 -0.294222  -0.00725617 0 0.00651138 0 0 -0.00734348  0.0240719 0 0.048954 0 0 0.0275865  0 0 0 0 0 0  
113.097 0.492267 0.00409246 -0.29896 0 0.2 0 0 -0.277976  -0.313298 0 0.146128 0 0 -0.301333  -0.00794291 0 0.00611366 0 0 -0.00797392  0.0222815 0 0.0477582 0 0 0.0313315  0 0 0 0 0 0  
122.522 0.530327 0.00398759 -0.311936 0 0.2 0 0 -0.277225  -0.327462 0 0.149799 0 0 -0.301623  -0.0061029 0 0.00561294 0 0 -0.00440166  0.0216285 0 0.0445877 0 0 0.0288001  0 0 0 0 0 0  
131.947 0.567968 0.00403993 -0.315607 0 0.2 0 0 -0.277681  -0.334195 0 0.148006 0 0 -0.303028  -0.00601897 0 0.00528536 0 0 -0.00541612  0.0246065 0 0.0467087 0 0 0.0307625  0 0 0 0 0 0  
141.372 0.607012 0.00423495 -0.288049 0 0.2 0 0 -0.25043  -0.310306 0 0.143684 0 0 -0.283339  -0.00646748 0 0.00534323 0 0 -0.00748419  0.0287245 0 0.0509726 0 0 0.0403929  0 0 0 0 0 0  
150.796 0.647493 0.0043169 -0.267839 0 0.2 0 0 -0.232308  -0.292432 0 0.14005 0 0 -0.267725  -0.00879692 0 0.00595038 0 0 -0.00827593  0.0333898 0 0.054 0 0 0.0436935  0 0 0 0 0 0  
160.221 0.688368 0.00433609 -0.269014 0 0.2 0 0 -0.228549  -0.291852 0 0.140835 0 0 -0.264136  -0.00944439 0 0.0063 0 0 -0.00868207  0.0322826 0 0.0528649 0 0 0.0442691  0 0 0 0 0 0  
169.646 0.728924 0.0042859 -0.2669 0 0.2 0 0 -0.22381  -0.294163 0 0.141057 0 0 -0.26271  -0.00931007 0 0.00482989 0 0 -0.0104219  0.0365734 0 0.0541135 0 0 0.0493216  0 0 0 0 0 0  
179.071 0.769963 0.00441884 -0.260385 0 0.2 0 0 -0.218078  -0.289069 0 0.140267 0 0 -0.257805  -0.0107028 0 0.0037633 0 0 -0.0121207  0.0393872 0 0.0559698 0 0 0.0518471  0 0 0 0 0 0  
188.496 0.81276 0.00467133 -0.26526 0 0.2 0 0 -0.211244  -0.291403 0 0.137609 0 0 -0.251469  -0.011878 0 0.00452849 0 0 -0.0101993  0.0380209 0 0.0578624 0 0 0.0504245  0 0 0 0 0 0  
197.92 0.857637 0.0048482 -0.275172 0 0.2 0 0 -0.201899  -0.300568 0 0.133743 0 0 -0.24427  -0.0125606 0 0.0042534 0 0 -0.012058  0.0379564 0 0.0620039 0 0 0.0544284  0 0 0 0 0 0  
207.345 0.902798 0.00478097 -0.276592 0 0.2 0 0 -0.19686  -0.301555 0 0.132769 0 0 -0.233798  -0.0108957 0 0.00455876 0 0 -0.0117381  0.0358578 0 0.0626724 0 0 0.0486755  0 0 0 0 0 0  
216.77 0.947336 0.00471323 -0.27265 0 0.2 0 0 -0.198878  -0.297473 0 0.135243 0 0 -0.233511  -0.00953949 0 0.00476652 0 0 -0.0107525  0.0343623 0 0.0599906 0 0 0.0453865  0 0 0 0 0 0  
226.195 0.991454 0.00465196 -0.258534 0 0.2 0 0 -0.204254  -0.285 0 0.13323 0 0 -0.239865  -0.0124426 0 0.00428211 0 0 -0.0114147  0.0389087 0 0.0624877 0 0 0.047026  0 0 0 0 0 0  
235.619 1.03468 0.00452447 -0.24761 0 0.2 0 0 -0.215732  -0.272518 0 0.132006 0 0 -0.248557  -0.0125894 0 0.0049904 0 0 -0.0132355  0.0374976 0 0.0630035 0 0 0.0460611  0 0 0 0 0 0  
245.044 1.07648 0.00430629 -0.247565 0 0.2 0 0 -0.231361  -0.271285 0 0.136386 0 0 -0.263889  -0.0116432 0 0.00472278 0 0 -0.0125351  0.0353624 0 0.0588909 0 0 0.045063  0 0 0 0 0 0  
254.469 1.11719 0.00435778 -0.252002 0 0.2 0 0 -0.245204  -0.273593 0 0.139221 0 0 -0.277013  -0.0101454 0 0.00384903 0 0 -0.0107053  0.031737 0 0.0569296 0 0 0.042514  0 0 0 0 0 0  
263.894 1.15885 0.00448639 -0.253696 0 0.2 0 0 -0.244797  -0.273192 0 0.138863 0 0 -0.274654  -0.0106206 0 0.00463256 0 0 -0.01088  0.0301161 0 0.0565046 0 0 0.0407369  0 0 0 0 0 0  
273.319 1.20185 0.00461638 -0.250355 0 0.2 0 0 -0.231448  -0.27334 0 0.136815 0 0 -0.264588  -0.0126166 0 0.00324726 0 0 -0.0113247  0.0356014 0 0.0599379 0 0 0.0444649  0 0 0 0 0 0  
282.743 1.24465 0.00449579 -0.262497 0 0.2 0 0 -0.232282  -0.287882 0 0.138419 0 0 -0.263788  -0.0125238 0 0.00427635 0 0 -0.011468  0.0379088 0 0.0573045 0 0 0.0429746  0 0 0 0 0 0  
292.168 1.28748 0.00460215 -0.265906 0 0.2 0 0 -0.230372  -0.293913 0 0.13888 0 0 -0.263109  -0.0117836 0 0.0037096 0 0 -0.01068  0.03979 0 0.0574101 0 0 0.0434172  0 0 0 0 0 0  
301.593 1.3308 0.00458854 -0.254555 0 0.2 0 0 -0.218671  -0.283299 0 0.137317 0 0 -0.250599  -0.0123318 0 0.00424786 0 0 -0.0113247  0.0410751 0 0.0584348 0 0 0.0432522  0 0 0 0 0 0  
311.018 1.37362 0.00442591 -0.24141 0 0.2 0 0 -0.211502  -0.26456 0 0.137087 0 0 -0.24533  -0.0109822 0 0.00551921 0 0 -0.0101282  0.0341313 0 0.0573936 0 0 0.0439563  0 0 0 0 0 0  
320.442 1.41643 0.0046312 -0.245091 0 0.2 0 0 -0.219846  -0.26483 0 0.136543 0 0 -0.254711  -0.0106781 0 0.00501292 0 0 -0.0108612  0.0304164 0 0.058444 0 0 0.0457254  0 0 0 0 0 0  
329.867 1.46079 0.0047391 -0.250731 0 0.2 0 0 -0.228872  -0.267358 0 0.136885 0 0 -0.260966  -0.010889 0 0.00574174 0 0 -0.0113242  0.027516 0 0.0573735 0 0 0.0434187  0 0 0 0 0 0  
339.292 1.50546 0.00471386 -0.256391 0 0.2 0 0 -0.23818  -0.275162 0 0.13714 0 0 -0.26773  -0.0117531 0 0.00602854 0 0 -0.011129  0.0305246 0 0.0568316 0 0 0.0406788  0 0 0 0 0 0  
348.717 1.5495 0.00467111 -0.255033 0 0.2 0 0 -0.250658  -0.275472 0 0.136531 0 0 -0.275963  -0.0103615 0 0.00638732 0 0 -0.0117342  0.0308009 0 0.0570815 0 0 0.0370391  0 0 0 0 0 0  
358.142 1.59319 0.00457766 -0.2497 0 0.2 0 0 -0.254986  -0.271202 0 0.13893 0 0 -0.279874  -0.00944127 0 0.00592839 0 0 -0.012409  0.0309425 0 0.0551417 0 0 0.0372962  0 0 0 0 0 0  
367.566 1.6357 0.00448275 -0.247628 0 0.2 0 0 -0.259855  -0.271673 0 0.1386 0 0 -0.282087  -0.0101716 0 0.00529862 0 0 -0.0125663  0.034217 0 0.0561015 0 0 0.0347978  0 0 0 0 0 0  
376.991 1.67781 0.00444554 -0.248504 0 0.2 0 0 -0.261576  -0.272614 0 0.139184 0 0 -0.287581  -0.00984529 0 0.00539126 0 0 -0.0126242  0.0339557 0 0.0554244 0 0 0.0386283  0 0 0 0 0 0  
386.416 1.71945 0.0044747 -0.255341 0 0.2 0 0 -0.267726  -0.276231 0 0.140038 0 0 -0.292742  -0.00870657 0 0.00556617 0 0 -0.0113638  0.0295962 0 0.0543958 0 0 0.0363797  0 0 0 0 0 0  
395.841 1.76259 0.00467876 -0.243692 0 0.2 0 0 -0.255338  -0.267255 0 0.138764 0 0 -0.281817  -0.0100678 0 0.00579347 0 0 -0.0112116  0.0336311 0 0.0554427 0 0 0.0376911  0 0 0 0 0 0  
405.265 1.8073 0.00477463 -0.225949 0 0.2 0 0 -0.235731  -0.252812 0 0.136935 0 0 -0.268205  -0.0107014 0 0.006175 0 0 -0.0128216  0.0375639 0 0.0568904 0 0 0.0452951  0 0 0 0 0 0  
414.69 1.85268 0.00485453 -0.216552 0 0.2 0 0 -0.225076  -0.23911 0 0.136331 0 0 -0.25932  -0.00878743 0 0.00610428 0 0 -0.011641  0.0313453 0 0.0575651 0 0 0.0458859  0 0 0 0 0 0  
424.115 1.89808 0.00478903 -0.208995 0 0.2 0 0 -0.225607  -0.234672 0 0.132609 0 0 -0.259774  -0.0115651 0 0.00617194 0 0 -0.0120685  0.0372419 0 0.0612186 0 0 0.0462355  0 0 0 0 0 0  
433.54 1.9421 0.00450093 -0.202753 0 0.2 0 0 -0.233411  -0.229278 0 0.132099 0 0 -0.267552  -0.0113346 0 0.00673686 0 0 -0.0110513  0.0378597 0 0.0611643 0 0 0.0451922  0 0 0 0 0 0  
442.965 1.98472 0.00451014 -0.211207 0 0.2 0 0 -0.244593  -0.237042 0 0.137555 0 0 -0.277899  -0.00935691 0 0.00549477 0 0 -0.0087571  0.0351921 0 0.0569503 0 0 0.0420632  0 0 0 0 0 0  
452.389 2.02695 0.00445957 -0.227042 0 0.2 0 0 -0.255922  -0.248695 0 0.139793 0 0 -0.285572  -0.0094973 0 0.00473079 0 0 -0.00948227  0.0311501 0 0.055476 0 0 0.0391324  0 0 0 0 0 0  
461.814 2.06934 0.00454675 -0.230712 0 0.2 0 0 -0.250647  -0.253461 0 0.138004 0 0 -0.284251  -0.0111032 0 0.0038521 0 0 -0.00955455  0.0338522 0 0.0581437 0 0 0.0431589  0 0 0 0 0 0  
471.239 2.11279 0.00470205 -0.224655 0 0.2 0 0 -0.241518  -0.248417 0 0.132312 0 0 -0.278739  -0.0111052 0 0.00396575 0 0 -0.0118078  0.0348667 0 0.0637227 0 0 0.0490284  0 0 0 0 0 0  
480.664 2.15773 0.00472829 -0.228635 0 0.2 0 0 -0.242511  -0.250513 0 0.132099 0 0 -0.274846  -0.0116102 0 0.00517713 0 0 -0.0119592  0.0334878 0 0.0627235 0 0 0.0442945  0 0 0 0 0 0  
490.088 2.20197 0.00458853 -0.237276 0 0.2 0 0 -0.252942  -0.25826 0 0.135203 0 0 -0.280556  -0.0116405 0 0.00506156 0 0 -0.0108748  0.0326246 0 0.059735 0 0 0.0384883  0 0 0 0 0 0  
499.513 2.24547 0.00465156 -0.244671 0 0.2 0 0 -0.261017  -0.265214 0 0.136918 0 0 -0.290799  -0.0116059 0 0.00463607 0 0 -0.00940313  0.0321487 0 0.0584456 0 0 0.0391851  0 0 0 0 0 0  
508.938 2.29044 0.0048442 -0.239402 0 0.2 0 0 -0.242789  -0.260674 0 0.134237 0 0 -0.280452  -0.0103138 0 0.00447002 0 0 -0.0126984  0.0315864 0 0.061293 0 0 0.0503614  0 0 0 0 0 0  
518.363 2.33581 0.00475215 -0.243473 0 0.2 0 0 -0.230915  -0.26386 0 0.132038 0 0 -0.267367  -0.0120393 0 0.00542851 0 0 -0.0131354  0.0324262 0 0.0625339 0 0 0.0495882  0 0 0 0 0 0  
527.788 2.38 0.00466422 -0.244886 0 0.2 0 0 -0.227297  -0.269045 0 0.133636 0 0 -0.263904  -0.0111664 0 0.00519123 0 0 -0.0111919  0.0353253 0 0.0611731 0 0 0.0477992  0 0 0 0 0 0  
537.212 2.42434 0.00477915 -0.238793 0 0.2 0 0 -0.209787  -0.261978 0 0.130471 0 0 -0.251133  -0.0100543 0 0.00429064 0 0 -0.0137005  0.0332389 0 0.0652386 0 0 0.0550469  0 0 0 0 0 0  
546.637 2.46881 0.00468422 -0.229566 0 0.2 0 0 -0.19668  -0.254349 0 0.128587 0 0 -0.234656  -0.00949699 0 0.00524059 0 0 -0.0117667  0.0342804 0 0.066172 0 0 0.0497425  0 0 0 0 0 0  
556.062 2.51326 0.00479427 -0.23567 0 0.2 0 0 -0.216935  -0.260225 0 0.133662 0 0 -0.24813  -0.00846742 0 0.00513513 0 0 -0.0112477  0.0330231 0 0.0612026 0 0 0.042443  0 0 0 0 0 0  
565.487 2.55961 0.00497396 -0.234836 0 0.2 0 0 -0.236311  -0.259313 0 0.132212 0 0 -0.262767  -0.0119698 0 0.00532832 0 0 -0.0156217  0.0364472 0 0.0624601 0 0 0.0420773  0 0 0 0 0 0  
574.911 2.60593 0.0047702 -0.230779 0 0.2 0 0 -0.244428  -0.256435 0 0.12976 0 0 -0.268162  -0.014364 0 0.00481714 0 0 -0.0165846  0.0400205 0 0.0654224 0 0 0.0403186  0 0 0 0 0 0  
584.336 2.64971 0.00456683 -0.223862 0 0.2 0 0 -0.25276  -0.252197 0 0.135931 0 0 -0.280936  -0.0111725 0 0.0044374 0 0 -0.0130708  0.039508 0 0.0596318 0 0 0.0412469  0 0 0 0 0 0  
593.761 2.69247 0.00446719 -0.232036 0 0.2 0 0 -0.264288  -0.253945 0 0.137657 0 0 -0.292422  -0.0102093 0 0.0048196 0 0 -0.0124167  0.032118 0 0.0575233 0 0 0.0405511  0 0 0 0 0 0  
603.186 2.73464 0.00455569 -0.243812 0 0.2 0 0 -0.274016  -0.263915 0 0.140752 0 0 -0.301782  -0.00890168 0 0.00523667 0 0 -0.0095981  0.0290043 0 0.0540111 0 0 0.0373642  0 0 0 0 0 0  
612.611 2.77837 0.00469328 -0.250418 0 0.2 0 0 -0.267497  -0.269786 0 0.138929 0 0 -0.296937  -0.00894063 0 0.00580949 0 0 -0.00989249  0.0283095 0 0.0552612 0 0 0.0393324  0 0 0 0 0 0  
622.035 2.82171 0.00442492 -0.255569 0 0.2 0 0 -0.260612  -0.273171 0 0.140473 0 0 -0.290132  -0.00795404 0 0.00668734 0 0 -0.00791887  0.0255555 0 0.0528401 0 0 0.0374385  0 0 0 0 0 0  
631.46 2.8628 0.00429582 -0.251452 0 0.2 0 0 -0.257044  -0.270907 0 0.142314 0 0 -0.287593  -0.00787554 0 0.00572901 0 0 -0.00710804  0.0273307 0 0.0519571 0 0 0.0376571  0 0 0 0 0 0  
640.885 2.90335 0.00438323 -0.234313 0 0.2 0 0 -0.25155  -0.256319 0 0.139903 0 0 -0.287425  -0.00714604 0 0.00574722 0 0 -0.0066877  0.0291515 0 0.0543502 0 0 0.0425637  0 0 0 0 0 0  
650.31 2.94502 0.00441659 -0.225215 0 0.2 0 0 -0.253759  -0.24405 0 0.137671 0 0 -0.285143  -0.00798861 0 0.00590784 0 0 -0.00802939  0.0268238 0 0.0564214 0 0 0.0394135  0 0 0 0 0 0  
659.734 2.98735 0.00450227 -0.22981 0 0.2 0 0 -0.257851  -0.247325 0 0.136996 0 0 -0.287446  -0.00929626 0 0.00582879 0 0 -0.00872818  0.0268117 0 0.0571751 0 0 0.038323  0 0 0 0 0 0  
669.159 3.03031 0.00458232 -0.235826 0 0.2 0 0 -0.258643  -0.25106 0 0.13498 0 0 -0.289284  -0.00926393 0 0.0058831 0 0 -0.00965416  0.0244985 0 0.0591373 0 0 0.0402954  0 0 0 0 0 0  
678.584 3.0742 0.00467108 -0.233609 0 0.2 0 0 -0.249603  -0.251199 0 0.135756 0 0 -0.280766  -0.0112039 0 0.0057573 0 0 -0.00999119  0.0287938 0 0.0584862 0 0 0.0411541  0 0 0 0 0 0  
688.009 3.11853 0.00468491 -0.224875 0 0.2 0 0 -0.227052  -0.244746 0 0.132554 0 0 -0.26334  -0.0115378 0 0.00528607 0 0 -0.0109055  0.0314087 0 0.0621597 0 0 0.047193  0 0 0 0 0 0  
697.434 3.16232 0.00457958 -0.21216 0 0.2 0 0 -0.211155  -0.23912 0 0.128808 0 0 -0.256133  -0.0138881 0 0.00341388 0 0 -0.0134481  0.040848 0 0.067778 0 0 0.0584254  0 0 0 0 0 0  
706.858 3.20464 0.00442162 -0.221935 0 0.2 0 0 -0.222346  -0.245041 0 0.132358 0 0 -0.260541  -0.0127997 0 0.00495224 0 0 -0.011807  0.0359058 0 0.0626901 0 0 0.0500018  0 0 0 0 0 0  
716.283 3.24599 0.00438472 -0.233632 0 0.2 0 0 -0.226794  -0.254906 0 0.136232 0 0 -0.259932  -0.0108171 0 0.00522945 0 0 -0.00928646  0.0320914 0 0.0585388 0 0 0.0424244  0 0 0 0 0 0  
725.708 3.28778 0.00443977 -0.248138 0 0.2 0 0 -0.230675  -0.264973 0 0.13827 0 0 -0.263159  -0.0109473 0 0.00524883 0 0 -0.0104586  0.0277825 0 0.0564811 0 0 0.0429428  0 0 0 0 0 0  
735.133 3.32972 0.00443628 -0.264212 0 0.2 0 0 -0.232584  -0.276585 0 0.140235 0 0 -0.259753  -0.012564 0 0.00589145 0 0 -0.0103435  0.0249364 0 0.0538736 0 0 0.0375122  0 0 0 0 0 0  
744.557 3.37064 0.00417962 -0.272695 0 0.2 0 0 -0.230868  -0.288112 0 0.140797 0 0 -0.257672  -0.0110228 0 0.00623069 0 0 -0.0115177  0.0264391 0 0.0529722 0 0 0.0383221  0 0 0 0 0 0  
753.982 3.40854 0.00384893 -0.290565 0 0.2 0 0 -0.238402  -0.30511 0 0.145579 0 0 -0.266896  -0.00946553 0 0.00553961 0 0 -0.00916802  0.0240113 0 0.0488817 0 0 0.0376623  0 0 0 0 0 0  
763.407 3.44496 0.00389645 -0.303416 0 0.2 0 0 -0.245688  -0.32064 0 0.146921 0 0 -0.274877  -0.00858921 0 0.00423446 0 0 -0.00801885  0.0258125 0 0.0488446 0 0 0.0372075  0 0 0 0 0 0  
772.832 3.48286 0.00418542 -0.304501 0 0.2 0 0 -0.244811  -0.321548 0 0.144167 0 0 -0.277259  -0.00830719 0 0.00391623 0 0 -0.0108383  0.0253538 0 0.0519171 0 0 0.0432872  0 0 0 0 0 0  
782.257 3.52371 0.00440688 -0.29539 0 0.2 0 0 -0.239756  -0.312134 0 0.143177 0 0 -0.267774  -0.00771876 0 0.0049532 0 0 -0.0104073  0.024462 0 0.0518697 0 0 0.0384252  0 0 0 0 0 0  
791.681 3.56599 0.00450277 -0.288637 0 0.2 0 0 -0.248884  -0.302562 0 0.142757 0 0 -0.276131  -0.00830771 0 0.0048826 0 0 -0.0111138  0.0222329 0 0.0523602 0 0 0.0383604  0 0 0 0 0 0  
801.106 3.60898 0.00466241 -0.280258 0 0.2 0 0 -0.253648  -0.293634 0 0.142272 0 0 -0.281696  -0.00817399 0 0.00484204 0 0 -0.0103031  0.02155 0 0.0528864 0 0 0.0383511  0 0 0 0 0 0  
810.531 3.65342 0.00474989 -0.263934 0 0.2 0 0 -0.246703  -0.276603 0 0.139665 0 0 -0.273924  -0.00927451 0 0.00607524 0 0 -0.0112103  0.0219433 0 0.05426 0 0 0.0384316  0 0 0 0 0 0  
819.956 3.69873 0.00482658 -0.247564 0 0.2 0 0 -0.22437  -0.267717 0 0.13284 0 0 -0.258646  -0.0135407 0 0.00528147 0 0 -0.0140752  0.0336941 0 0.0618783 0 0 0.0483512  0 0 0 0 0 0  
829.38 3.74396 0.00479519 -0.236602 0 0.2 0 0 -0.210787  -0.260068 0 0.131483 0 0 -0.253907  -0.0138117 0 0.00372823 0 0 -0.0175681  0.0372771 0 0.0647886 0 0 0.0606884  0 0 0 0 0 0  
838.805 3.7888 0.00467993 -0.230647 0 0.2 0 0 -0.205989  -0.253145 0 0.131858 0 0 -0.249258  -0.0113578 0 0.00402706 0 0 -0.0175223  0.0338559 0 0.0641153 0 0 0.0607913  0 0 0 0 0 0  
848.23 3.83251 0.00463958 -0.228849 0 0.2 0 0 -0.196392  -0.253547 0 0.133053 0 0 -0.240078  -0.0109097 0 0.00394936 0 0 -0.0148332  0.0356084 0 0.0629976 0 0 0.0585192  0 0 0 0 0 0  
857.655 3.87513 0.0044076 -0.240709 0 0.2 0 0 -0.216763  -0.26254 0 0.136494 0 0 -0.252433  -0.0108027 0 0.00416243 0 0 -0.0121015  0.0326335 0 0.059344 0 0 0.0477714  0 0 0 0 0 0  
867.08 3.91607 0.00427828 -0.254439 0 0.2 0 0 -0.243903  -0.278125 0 0.140242 0 0 -0.278714  -0.0118064 0 0.00374642 0 0 -0.0117536  0.0354927 0 0.0560113 0 0 0.0465651  0 0 0 0 0 0  
876.504 3.95716 0.00443481 -0.265905 0 0.2 0 0 -0.259454  -0.287938 0 0.140429 0 0 -0.296059  -0.0114169 0 0.00322897 0 0 -0.0120519  0.0334499 0 0.0563421 0 0 0.0486571  0 0 0 0 0 0  
885.929 3.99968 0.00458285 -0.264766 0 0.2 0 0 -0.257218  -0.281704 0 0.140062 0 0 -0.289646  -0.0103699 0 0.00516058 0 0 -0.0106302  0.0273074 0 0.054777 0 0 0.0430582  0 0 0 0 0 0  
895.354 4.04371 0.00471987 -0.259019 0 0.2 0 0 -0.243669  -0.277131 0 0.138329 0 0 -0.276395  -0.0109096 0 0.00505285 0 0 -0.00975117  0.0290208 0 0.0566181 0 0 0.0424774  0 0 0 0 0 0  
904.779 4.08768 0.00461712 -0.266444 0 0.2 0 0 -0.230161  -0.284235 0 0.137038 0 0 -0.263836  -0.0111054 0 0.00491039 0 0 -0.0116537  0.0288961 0 0.0580519 0 0 0.0453287  0 0 0 0 0 0  
914.203 4.13013 0.00441676 -0.285256 0 0.2 0 0 -0.230158  -0.301287 0 0.139004 0 0 -0.260289  -0.0102244 0 0.00486419 0 0 -0.0104627  0.0262558 0 0.056132 0 0 0.0405936  0 0 0 0 0 0  
923.628 4.17191 0.00442365 -0.297473 0 0.2 0 0 -0.232663  -0.311764 0 0.139979 0 0 -0.262257  -0.0111024 0 0.00501048 0 0 -0.0111475  0.0253928 0 0.0550106 0 0 0.0407408  0 0 0 0 0 0  
933.053 4.21433 0.00456199 -0.299852 0 0.2 0 0 -0.235173  -0.314704 0 0.139898 0 0 -0.263471  -0.0119114 0 0.00511707 0 0 -0.0105005  0.0267628 0 0.0549851 0 0 0.0387979  0 0 0 0 0 0  
942.478 4.25816 0.00470532 -0.276601 0 0.2 0 0 -0.217535  -0.29626 0 0.135465 0 0 -0.252672  -0.0112554 0 0.00446218 0 0 -0.0115109  0.0309147 0 0.0600727 0 0 0.0466473  0 0 0 0 0 0  
951.903 4.30235 0.0046759 -0.251199 0 0.2 0 0 -0.214459  -0.276145 0 0.132838 0 0 -0.253391  -0.0133515 0 0.00359755 0 0 -0.0135362  0.0382978 0 0.0635645 0 0 0.0524684  0 0 0 0 0 0  
961.327 4.34646 0.00476503 -0.236362 0 0.2 0 0 -0.22338  -0.261592 0 0.132297 0 0 -0.263436  -0.012625 0 0.00355112 0 0 -0.0121357  0.0378549 0 0.0641515 0 0 0.0521911  0 0 0 0 0 0  
970.752 4.39173 0.00481126 -0.224041 0 0.2 0 0 -0.223147  -0.248655 0 0.128768 0 0 -0.261349  -0.0136521 0 0.00338792 0 0 -0.0132948  0.0382656 0 0.0678436 0 0 0.0514973  0 0 0 0 0 0  
980.177 4.43698 0.00476203 -0.235054 0 0.2 0 0 -0.234221  -0.255708 0 0.129195 0 0 -0.267565  -0.0148405 0 0.00477444 0 0 -0.0163035  0.0354936 0 0.0660306 0 0 0.049648  0 0 0 0 0 0  
989.602 4.48276 0.00489532 -0.253446 0 0.2 0 0 -0.234214  -0.272427 0 0.135087 0 0 -0.266921  -0.0109872 0 0.00380786 0 0 -0.0150746  0.0299679 0 0.0611056 0 0 0.0477824  0 0 0 0 0 0  
999.026 4.52891 0.00490059 -0.265796 0 0.2 0 0 -0.232841  -0.281528 0 0.135463 0 0 -0.263399  -0.0108371 0 0.0051688 0 0 -0.0133362  0.0265695 0 0.0593677 0 0 0.043894  0 0 0 0 0 0  
1008.45 4.57425 0.00469143 -0.267011 0 0.2 0 0 -0.23605  -0.285213 0 0.137102 0 0 -0.268117  -0.0101568 0 0.00537356 0 0 -0.00903027  0.0283598 0 0.0575245 0 0 0.0410976  0 0 0 0 0 0  
1017.88 4.61797 0.00458804 -0.277808 0 0.2 0 0 -0.245664  -0.295767 0 0.139649 0 0 -0.279399  -0.00933102 0 0.00521785 0 0 -0.00755749  0.0272895 0 0.0551336 0 0 0.041293  0 0 0 0 0 0  
1027.3 4.66195 0.00469616 -0.281092 0 0.2 0 0 -0.246356  -0.299318 0 0.137064 0 0 -0.280637  -0.0105588 0 0.00490429 0 0 -0.0107174  0.0287855 0 0.0580322 0 0 0.044998  0 0 0 0 0 0  
1036.73 4.7057 0.0045461 -0.283513 0 0.2 0 0 -0.25021  -0.298746 0 0.136698 0 0 -0.281198  -0.0108351 0 0.00531647 0 0 -0.0117119  0.0260678 0 0.0579854 0 0 0.0426998  0 0 0 0 0 0  
1046.15 4.74783 0.00445012 -0.282619 0 0.2 0 0 -0.25887  -0.297208 0 0.139837 0 0 -0.287181  -0.00908988 0 0.00599224 0 0 -0.0078343  0.0236785 0 0.0541706 0 0 0.0361456  0 0 0 0 0 0  
1055.58 4.79004 0.00454067 -0.275378 0 0.2 0 0 -0.256877  -0.29431 0 0.14013 0 0 -0.285682  -0.00729393 0 0.00596175 0 0 -0.00810468  0.0262266 0 0.0539087 0 0 0.0369091  0 0 0 0 0 0  
1065 4.83226 0.00444711 -0.257098 0 0.2 0 0 -0.237427  -0.277657 0 0.137803 0 0 -0.271028  -0.00746251 0 0.00529754 0 0 -0.00970532  0.0280217 0 0.0568994 0 0 0.0433064  0 0 0 0 0 0  
1074.42 4.87442 0.00446781 -0.23832 0 0.2 0 0 -0.216551  -0.270482 0 0.133887 0 0 -0.256706  -0.0103405 0 0.00399185 0 0 -0.0112724  0.0425029 0 0.0621207 0 0 0.0514274  0 0 0 0 0 0  
1083.85 4.91738 0.00463357 -0.240749 0 0.2 0 0 -0.206985  -0.272593 0 0.132991 0 0 -0.250928  -0.00931306 0 0.00380976 0 0 -0.010886  0.041157 0 0.0631994 0 0 0.0548287  0 0 0 0 0 0  
1093.27 4.96182 0.00484148 -0.236468 0 0.2 0 0 -0.200049  -0.268481 0 0.129851 0 0 -0.247151  -0.00976982 0 0.00428096 0 0 -0.0113608  0.0417825 0 0.0658677 0 0 0.058463  0 0 0 0 0 0  
1102.7 5.00808 0.00496915 -0.23108 0 0.2 0 0 -0.202698  -0.260463 0 0.13036 0 0 -0.243273  -0.0088014 0 0.00558158 0 0 -0.0120542  0.0381842 0 0.064058 0 0 0.0526292  0 0 0 0 0 0  
