# LF_DEM version v3.0-126-gb72fb1a
# np 1000
# VF 0.76
# Lx 73.993
# Ly 0
# Lz 73.993
# flow_type shear
# data in cl units.
#1: time
#2: cumulated strain
#3: shear rate
#4-9: total stress tensor (xx, xy, xz, yz, yy, zz)
#10-15: contact stress tensor (xx, xy, xz, yz, yy, zz)
#16-21: dashpot stress tensor (xx, xy, xz, yz, yy, zz)
#22-27: hydro stress tensor (xx, xy, xz, yz, yy, zz)
#28-33: repulsion stress tensor (xx, xy, xz, yz, yy, zz)

0.00471239 0.000403349 0.0855933 -4.97427 0 4 0 0 -5.11338  -5.34396 0 2.85623 0 0 -5.65757  -0.191405 0 0.10886 0 0 -0.203881  0.561101 0 1.03491 0 0 0.748072  0 0 0 0 0 0  
0.471239 0.024218 0.0450574 -4.99125 0 4 0 0 -5.09558  -5.2035 0 3.39062 0 0 -5.43028  -0.0953927 0 0.0469552 0 0 -0.115014  0.307647 0 0.562426 0 0 0.449717  0 0 0 0 0 0  
0.942478 0.0431301 0.0376093 -5.32036 0 4 0 0 -5.69192  -5.45414 0 3.51075 0 0 -5.91882  -0.0815111 0 0.0453811 0 0 -0.0743334  0.215288 0 0.443864 0 0 0.301234  0 0 0 0 0 0  
1.41372 0.0601552 0.0348012 -5.55357 0 4 0 0 -6.24834  -5.65493 0 3.56799 0 0 -6.42994  -0.070106 0 0.0446258 0 0 -0.0601642  0.171473 0 0.387389 0 0 0.241767  0 0 0 0 0 0  
1.88496 0.0761861 0.0332334 -5.81066 0 4 0 0 -6.59248  -5.88149 0 3.5971 0 0 -6.73547  -0.0633433 0 0.0485675 0 0 -0.0558545  0.134173 0 0.354328 0 0 0.198846  0 0 0 0 0 0  
2.35619 0.0911574 0.030653 -6.02392 0 4 0 0 -6.78882  -6.09882 0 3.64636 0 0 -6.92267  -0.0514207 0 0.0444801 0 0 -0.0421358  0.126324 0 0.309158 0 0 0.175993  0 0 0 0 0 0  
2.82743 0.105311 0.0297736 -6.13634 0 4 0 0 -6.96647  -6.20223 0 3.66753 0 0 -7.08788  -0.0451659 0 0.0416934 0 0 -0.0407819  0.111059 0 0.290776 0 0 0.162193  0 0 0 0 0 0  
3.29867 0.119344 0.0299517 -6.29877 0 4 0 0 -7.06225  -6.3564 0 3.66669 0 0 -7.16103  -0.0469211 0 0.0458253 0 0 -0.0369936  0.104557 0 0.287483 0 0 0.135775  0 0 0 0 0 0  
3.76991 0.13365 0.0304289 -6.41315 0 4 0 0 -7.23203  -6.47547 0 3.66276 0 0 -7.34615  -0.0475191 0 0.0459727 0 0 -0.0441165  0.10984 0 0.291263 0 0 0.158236  0 0 0 0 0 0  
4.24115 0.147576 0.0285928 -6.58887 0 4 0 0 -7.34444  -6.64835 0 3.67187 0 0 -7.43842  -0.0386235 0 0.0472892 0 0 -0.039282  0.0981074 0 0.280843 0 0 0.133255  0 0 0 0 0 0  
4.71239 0.161034 0.0284342 -6.75809 0 4 0 0 -7.45743  -6.82355 0 3.66986 0 0 -7.55109  -0.0424384 0 0.046179 0 0 -0.0478277  0.107896 0 0.283957 0 0 0.141491  0 0 0 0 0 0  
5.18363 0.17439 0.0276892 -6.95065 0 4 0 0 -7.51548  -7.00168 0 3.67544 0 0 -7.60083  -0.0367871 0 0.0474866 0 0 -0.0393488  0.0878193 0 0.277071 0 0 0.124696  0 0 0 0 0 0  
5.65487 0.187307 0.0275547 -7.14264 0 4 0 0 -7.55926  -7.20166 0 3.67485 0 0 -7.68017  -0.0299549 0 0.0491145 0 0 -0.0284357  0.0889696 0 0.276033 0 0 0.149346  0 0 0 0 0 0  
6.12611 0.199896 0.0260301 -7.30573 0 4 0 0 -7.58437  -7.36598 0 3.69421 0 0 -7.69162  -0.0384253 0 0.0436821 0 0 -0.0361682  0.0986726 0 0.262103 0 0 0.143419  0 0 0 0 0 0  
6.59734 0.211731 0.0237022 -7.49349 0 4 0 0 -7.74991  -7.54699 0 3.72381 0 0 -7.83169  -0.0328575 0 0.0425341 0 0 -0.0317318  0.0863506 0 0.233651 0 0 0.113509  0 0 0 0 0 0  
7.06858 0.222316 0.0212914 -7.58329 0 4 0 0 -7.84909  -7.63451 0 3.75866 0 0 -7.91498  -0.0219498 0 0.0375779 0 0 -0.0249113  0.0731675 0 0.203767 0 0 0.0907945  0 0 0 0 0 0  
7.53982 0.23235 0.0207801 -7.80703 0 4 0 0 -8.00839  -7.85781 0 3.77283 0 0 -8.07329  -0.0180562 0 0.0368331 0 0 -0.0225603  0.068834 0 0.190337 0 0 0.0874619  0 0 0 0 0 0  
8.01106 0.241543 0.0190554 -7.90603 0 4 0 0 -8.20708  -7.94893 0 3.79841 0 0 -8.27039  -0.0186685 0 0.0325425 0 0 -0.0230081  0.0615677 0 0.169046 0 0 0.0863128  0 0 0 0 0 0  
8.4823 0.250063 0.0173193 -7.96781 0 4 0 0 -8.39396  -8.01126 0 3.8172 0 0 -8.45059  -0.0178345 0 0.029109 0 0 -0.0225336  0.0612843 0 0.153688 0 0 0.0791657  0 0 0 0 0 0  
8.95354 0.258068 0.0172439 -8.03345 0 4 0 0 -8.47074  -8.08174 0 3.81969 0 0 -8.53141  -0.015816 0 0.0268039 0 0 -0.0199079  0.0641109 0 0.153505 0 0 0.0805782  0 0 0 0 0 0  
9.42478 0.265953 0.0164728 -8.07589 0 4 0 0 -8.50329  -8.1288 0 3.8277 0 0 -8.55787  -0.0141536 0 0.0252652 0 0 -0.0191881  0.0670629 0 0.147032 0 0 0.0737723  0 0 0 0 0 0  
9.89602 0.273855 0.0173974 -8.14198 0 4 0 0 -8.58101  -8.19608 0 3.81549 0 0 -8.63455  -0.0150156 0 0.0258828 0 0 -0.0197538  0.0691086 0 0.158632 0 0 0.073291  0 0 0 0 0 0  
10.3673 0.282191 0.0176983 -8.18964 0 4 0 0 -8.58256  -8.24431 0 3.81825 0 0 -8.64063  -0.0134369 0 0.0261238 0 0 -0.0155856  0.0681009 0 0.155625 0 0 0.0736616  0 0 0 0 0 0  
10.8385 0.290649 0.0181336 -8.20814 0 4 0 0 -8.55875  -8.27003 0 3.81254 0 0 -8.63244  -0.014548 0 0.0260226 0 0 -0.0183994  0.0764385 0 0.161435 0 0 0.0920906  0 0 0 0 0 0  
11.3097 0.299314 0.0185355 -8.15491 0 4 0 0 -8.51986  -8.21594 0 3.80145 0 0 -8.60161  -0.0122248 0 0.0269601 0 0 -0.0162845  0.0732459 0 0.171591 0 0 0.0980366  0 0 0 0 0 0  
11.781 0.308289 0.0196157 -8.05344 0 4 0 0 -8.35324  -8.12425 0 3.78443 0 0 -8.4576  -0.0165312 0 0.0259926 0 0 -0.0188511  0.0873467 0 0.189581 0 0 0.123208  0 0 0 0 0 0  
12.2522 0.317686 0.0202089 -8.01491 0 4 0 0 -8.25594  -8.08576 0 3.77501 0 0 -8.36302  -0.0146549 0 0.0268744 0 0 -0.0232572  0.0855041 0 0.198119 0 0 0.130334  0 0 0 0 0 0  
12.7235 0.327575 0.0217169 -7.95582 0 4 0 0 -8.11153  -8.02907 0 3.75653 0 0 -8.23617  -0.0205912 0 0.0300218 0 0 -0.021338  0.0938339 0 0.213445 0 0 0.145976  0 0 0 0 0 0  
13.1947 0.337687 0.0209683 -7.77989 0 4 0 0 -7.99119  -7.8467 0 3.76771 0 0 -8.10177  -0.0193455 0 0.0310039 0 0 -0.0160039  0.0861516 0 0.201286 0 0 0.126583  0 0 0 0 0 0  
13.6659 0.347599 0.0211237 -7.81549 0 4 0 0 -7.83882  -7.87811 0 3.77582 0 0 -7.94377  -0.0216925 0 0.0302175 0 0 -0.0173996  0.0843161 0 0.193959 0 0 0.122348  0 0 0 0 0 0  
14.1372 0.357511 0.0206922 -7.95677 0 4 0 0 -7.74074  -8.02212 0 3.7839 0 0 -7.84262  -0.0201006 0 0.0297466 0 0 -0.0132593  0.0854506 0 0.186353 0 0 0.115135  0 0 0 0 0 0  
14.6084 0.367207 0.0202864 -8.08564 0 4 0 0 -7.43747  -8.13708 0 3.78672 0 0 -7.5359  -0.021232 0 0.0319373 0 0 -0.0134425  0.0726777 0 0.181339 0 0 0.111873  0 0 0 0 0 0  
15.0796 0.376771 0.0202074 -8.21038 0 4 0 0 -7.23874  -8.27514 0 3.77865 0 0 -7.33865  -0.0150202 0 0.0330974 0 0 -0.0175915  0.0797787 0 0.188252 0 0 0.117499  0 0 0 0 0 0  
15.5509 0.386368 0.0204939 -8.35647 0 4 0 0 -7.02909  -8.43762 0 3.75959 0 0 -7.14456  -0.0156355 0 0.0339999 0 0 -0.0147096  0.0967814 0 0.206411 0 0 0.130175  0 0 0 0 0 0  
16.0221 0.39635 0.0212741 -8.56716 0 4 0 0 -6.99579  -8.64836 0 3.75286 0 0 -7.11743  -0.0195819 0 0.034396 0 0 -0.0197696  0.100775 0 0.212748 0 0 0.141403  0 0 0 0 0 0  
16.4934 0.406513 0.0222219 -8.6314 0 4 0 0 -6.94876  -8.71245 0 3.7419 0 0 -7.07614  -0.0192547 0 0.0352963 0 0 -0.019815  0.100312 0 0.222806 0 0 0.147197  0 0 0 0 0 0  
16.9646 0.416976 0.0224746 -8.62644 0 4 0 0 -6.91981  -8.69132 0 3.74481 0 0 -7.04203  -0.0192312 0 0.0370552 0 0 -0.0154216  0.0841089 0 0.218136 0 0 0.137635  0 0 0 0 0 0  
17.4358 0.427663 0.0226242 -8.43584 0 4 0 0 -6.83285  -8.48764 0 3.73418 0 0 -6.95216  -0.0172597 0 0.0405862 0 0 -0.0133647  0.0690647 0 0.22523 0 0 0.132677  0 0 0 0 0 0  
17.9071 0.438309 0.0222014 -8.36883 0 4 0 0 -6.91076  -8.43098 0 3.74101 0 0 -7.03601  -0.012339 0 0.0392658 0 0 -0.0108608  0.0744868 0 0.219729 0 0 0.136119  0 0 0 0 0 0  
18.3783 0.448942 0.0226232 -8.44395 0 4 0 0 -6.99002  -8.51396 0 3.73884 0 0 -7.11497  -0.0116586 0 0.0379667 0 0 -0.0110954  0.0816687 0 0.223189 0 0 0.136036  0 0 0 0 0 0  
18.8496 0.459681 0.023044 -8.58622 0 4 0 0 -7.20926  -8.66302 0 3.73519 0 0 -7.33166  -0.0142383 0 0.0378076 0 0 -0.0157003  0.0910357 0 0.226997 0 0 0.138099  0 0 0 0 0 0  
19.3208 0.470531 0.0227406 -8.67984 0 4 0 0 -7.38074  -8.74761 0 3.73289 0 0 -7.49323  -0.0181276 0 0.038086 0 0 -0.0167499  0.0858934 0 0.229026 0 0 0.129243  0 0 0 0 0 0  
19.792 0.481201 0.0234899 -8.64318 0 4 0 0 -7.45842  -8.71732 0 3.72118 0 0 -7.569  -0.0213137 0 0.0407999 0 0 -0.0154744  0.0954571 0 0.238021 0 0 0.126057  0 0 0 0 0 0  
20.2633 0.492527 0.025121 -8.51014 0 4 0 0 -7.65035  -8.6027 0 3.69266 0 0 -7.76368  -0.0199374 0 0.0466378 0 0 -0.0214258  0.112494 0 0.260707 0 0 0.134747  0 0 0 0 0 0  
20.7345 0.504243 0.0250612 -8.33889 0 4 0 0 -7.68747  -8.44819 0 3.6821 0 0 -7.81772  -0.0312477 0 0.0446098 0 0 -0.0236722  0.140548 0 0.273294 0 0 0.15392  0 0 0 0 0 0  
21.2058 0.515878 0.0248275 -8.34537 0 4 0 0 -7.70354  -8.43935 0 3.69799 0 0 -7.82141  -0.0221822 0 0.0429174 0 0 -0.016763  0.116167 0 0.259097 0 0 0.134637  0 0 0 0 0 0  
21.677 0.52806 0.0266237 -8.32898 0 4 0 0 -7.54883  -8.41631 0 3.68177 0 0 -7.67609  -0.0280078 0 0.0461751 0 0 -0.015267  0.115336 0 0.272055 0 0 0.142533  0 0 0 0 0 0  
22.1482 0.540876 0.0268941 -8.29082 0 4 0 0 -7.33216  -8.36224 0 3.67543 0 0 -7.45579  -0.0220635 0 0.0477418 0 0 -0.0162265  0.0934819 0 0.276832 0 0 0.139864  0 0 0 0 0 0  
22.6195 0.553546 0.0262704 -8.2535 0 4 0 0 -7.01397  -8.33304 0 3.65594 0 0 -7.15222  -0.0279377 0 0.0478448 0 0 -0.024734  0.107478 0 0.296219 0 0 0.162983  0 0 0 0 0 0  
23.0907 0.566026 0.026269 -8.17447 0 4 0 0 -6.80455  -8.26018 0 3.65678 0 0 -6.95909  -0.0219688 0 0.0497355 0 0 -0.0204501  0.107671 0 0.29348 0 0 0.174991  0 0 0 0 0 0  
23.5619 0.578181 0.024988 -8.25336 0 4 0 0 -6.73204  -8.3425 0 3.66906 0 0 -6.85769  -0.0251246 0 0.0492632 0 0 -0.0188152  0.11427 0 0.281672 0 0 0.144463  0 0 0 0 0 0  
24.0332 0.589874 0.0243472 -8.32302 0 4 0 0 -6.63695  -8.42253 0 3.6827 0 0 -6.77807  -0.02243 0 0.0389693 0 0 -0.0277526  0.121944 0 0.278335 0 0 0.168878  0 0 0 0 0 0  
24.5044 0.601207 0.023366 -8.31896 0 4 0 0 -6.58389  -8.39682 0 3.69395 0 0 -6.72622  -0.0209984 0 0.0398881 0 0 -0.0241842  0.0988589 0 0.266159 0 0 0.166517  0 0 0 0 0 0  
24.9757 0.612395 0.0235397 -8.18922 0 4 0 0 -6.57755  -8.25472 0 3.68324 0 0 -6.69309  -0.0196835 0 0.0417814 0 0 -0.0247189  0.0851794 0 0.274978 0 0 0.140266  0 0 0 0 0 0  
25.4469 0.623201 0.0227486 -7.97889 0 4 0 0 -6.68223  -8.04442 0 3.70747 0 0 -6.78932  -0.0145292 0 0.0377876 0 0 -0.0214661  0.0800585 0 0.254746 0 0 0.128555  0 0 0 0 0 0  
25.9181 0.6339 0.0221608 -7.90386 0 4 0 0 -6.83015  -7.97269 0 3.72383 0 0 -6.93509  -0.0161051 0 0.0376992 0 0 -0.0115828  0.0849379 0 0.238469 0 0 0.116521  0 0 0 0 0 0  
26.3894 0.644042 0.0211335 -7.85427 0 4 0 0 -7.036  -7.91436 0 3.7502 0 0 -7.12801  -0.0169347 0 0.0347413 0 0 -0.0156651  0.0770202 0 0.215064 0 0 0.107679  0 0 0 0 0 0  
26.8606 0.654026 0.0210844 -7.83234 0 4 0 0 -7.17419  -7.89723 0 3.76059 0 0 -7.28262  -0.0170529 0 0.0315391 0 0 -0.0154411  0.0819356 0 0.207871 0 0 0.123875  0 0 0 0 0 0  
27.3319 0.664103 0.0217184 -7.80805 0 4 0 0 -7.29274  -7.87333 0 3.75298 0 0 -7.40128  -0.0188865 0 0.0345584 0 0 -0.0157548  0.0841682 0 0.212457 0 0 0.124296  0 0 0 0 0 0  
27.8031 0.674599 0.0223612 -7.81739 0 4 0 0 -7.33596  -7.87101 0 3.74014 0 0 -7.43542  -0.0221149 0 0.0372579 0 0 -0.0167578  0.075731 0 0.222599 0 0 0.116218  0 0 0 0 0 0  
28.2743 0.685431 0.0231223 -7.82094 0 4 0 0 -7.32842  -7.8817 0 3.73492 0 0 -7.4301  -0.0244149 0 0.0379484 0 0 -0.0221123  0.0851758 0 0.22713 0 0 0.12379  0 0 0 0 0 0  
28.7456 0.69633 0.023442 -7.79528 0 4 0 0 -7.38902  -7.84817 0 3.72291 0 0 -7.48126  -0.0277202 0 0.0401897 0 0 -0.024779  0.0806129 0 0.236896 0 0 0.117012  0 0 0 0 0 0  
29.2168 0.707257 0.0227748 -7.7859 0 4 0 0 -7.3501  -7.83153 0 3.7216 0 0 -7.44398  -0.0277356 0 0.04123 0 0 -0.019711  0.0733631 0 0.237171 0 0 0.11359  0 0 0 0 0 0  
29.6881 0.717969 0.0238349 -7.8262 0 4 0 0 -7.34926  -7.87409 0 3.70783 0 0 -7.45515  -0.0248342 0 0.0421676 0 0 -0.0176871  0.0727274 0 0.25 0 0 0.123582  0 0 0 0 0 0  
30.1593 0.729205 0.0239776 -7.81425 0 4 0 0 -7.34252  -7.89394 0 3.69536 0 0 -7.46741  -0.0230487 0 0.0416497 0 0 -0.0158576  0.10274 0 0.262989 0 0 0.140745  0 0 0 0 0 0  
30.6305 0.740496 0.024533 -7.85067 0 4 0 0 -7.24057  -7.9564 0 3.6822 0 0 -7.38404  -0.031521 0 0.0398742 0 0 -0.0225023  0.137249 0 0.27793 0 0 0.165974  0 0 0 0 0 0  
31.1018 0.751977 0.0244476 -7.97834 0 4 0 0 -7.25221  -8.05705 0 3.69991 0 0 -7.37841  -0.0346533 0 0.0399286 0 0 -0.0247408  0.113364 0 0.260161 0 0 0.150942  0 0 0 0 0 0  
31.573 0.763598 0.0247474 -8.15756 0 4 0 0 -7.28634  -8.23591 0 3.70517 0 0 -7.41928  -0.0320735 0 0.0395211 0 0 -0.0197577  0.110423 0 0.255311 0 0 0.152689  0 0 0 0 0 0  
32.0442 0.775258 0.0244311 -8.16292 0 4 0 0 -7.23215  -8.24997 0 3.70324 0 0 -7.36463  -0.0311014 0 0.042424 0 0 -0.0194253  0.118155 0 0.254336 0 0 0.151906  0 0 0 0 0 0  
32.5155 0.78696 0.0246066 -8.1422 0 4 0 0 -7.23089  -8.22108 0 3.69999 0 0 -7.37708  -0.0321774 0 0.0445383 0 0 -0.0204663  0.111051 0 0.25547 0 0 0.166656  0 0 0 0 0 0  
32.9867 0.798502 0.0247337 -8.04583 0 4 0 0 -7.14685  -8.12395 0 3.70173 0 0 -7.28435  -0.0337525 0 0.0437709 0 0 -0.0172028  0.111876 0 0.2545 0 0 0.154702  0 0 0 0 0 0  
33.458 0.810235 0.0253246 -7.95946 0 4 0 0 -7.03492  -8.05179 0 3.69597 0 0 -7.19032  -0.0297362 0 0.0435211 0 0 -0.0164644  0.122059 0 0.26051 0 0 0.171868  0 0 0 0 0 0  
33.9292 0.822224 0.0253163 -7.82485 0 4 0 0 -7.01092  -7.9171 0 3.69517 0 0 -7.16128  -0.0232775 0 0.0441139 0 0 -0.0201823  0.115522 0 0.26072 0 0 0.170551  0 0 0 0 0 0  
34.4004 0.833869 0.0243281 -7.63813 0 4 0 0 -6.98441  -7.72513 0 3.69631 0 0 -7.13252  -0.0228888 0 0.0419434 0 0 -0.0219717  0.109888 0 0.26175 0 0 0.170083  0 0 0 0 0 0  
34.8717 0.845017 0.023465 -7.57605 0 4 0 0 -7.05622  -7.66195 0 3.70531 0 0 -7.20526  -0.0239892 0 0.0422174 0 0 -0.0182474  0.109891 0 0.252474 0 0 0.167291  0 0 0 0 0 0  
35.3429 0.855921 0.0231332 -7.65595 0 4 0 0 -7.16487  -7.73952 0 3.71168 0 0 -7.32069  -0.0293433 0 0.0400937 0 0 -0.0136891  0.112907 0 0.248227 0 0 0.169517  0 0 0 0 0 0  
35.8142 0.866806 0.0227676 -7.7128 0 4 0 0 -7.31042  -7.77897 0 3.7193 0 0 -7.45243  -0.0312087 0 0.0409287 0 0 -0.0137277  0.0973775 0 0.239773 0 0 0.155739  0 0 0 0 0 0  
36.2854 0.877659 0.0230725 -7.74269 0 4 0 0 -7.416  -7.80901 0 3.71141 0 0 -7.55069  -0.0286802 0 0.038967 0 0 -0.0177403  0.0949985 0 0.249625 0 0 0.152437  0 0 0 0 0 0  
36.7566 0.888509 0.0232189 -7.88164 0 4 0 0 -7.49681  -7.9523 0 3.71594 0 0 -7.63007  -0.0252956 0 0.0396852 0 0 -0.0161352  0.0959566 0 0.244378 0 0 0.149395  0 0 0 0 0 0  
37.2279 0.899769 0.0241515 -7.9848 0 4 0 0 -7.52634  -8.0526 0 3.70994 0 0 -7.66097  -0.0302064 0 0.0422154 0 0 -0.0159695  0.0980028 0 0.247842 0 0 0.150603  0 0 0 0 0 0  
37.6991 0.91158 0.0260098 -8.0713 0 4 0 0 -7.48943  -8.1468 0 3.68337 0 0 -7.63285  -0.0321524 0 0.046213 0 0 -0.0236807  0.107656 0 0.270415 0 0 0.167102  0 0 0 0 0 0  
38.1704 0.92382 0.0268716 -8.17787 0 4 0 0 -7.38275  -8.25757 0 3.66659 0 0 -7.52394  -0.0342134 0 0.047376 0 0 -0.0265071  0.113917 0 0.286032 0 0 0.167701  0 0 0 0 0 0  
38.6416 0.936581 0.0271715 -8.26751 0 4 0 0 -7.19315  -8.338 0 3.6666 0 0 -7.32459  -0.0356706 0 0.0473175 0 0 -0.0301962  0.106163 0 0.286078 0 0 0.161637  0 0 0 0 0 0  
39.1128 0.94938 0.0268991 -8.2757 0 4 0 0 -7.10934  -8.33271 0 3.67481 0 0 -7.21395  -0.0361798 0 0.0500783 0 0 -0.0302657  0.0931909 0 0.275115 0 0 0.134871  0 0 0 0 0 0  
39.5841 0.961957 0.0262444 -8.09491 0 4 0 0 -7.02012  -8.17245 0 3.67441 0 0 -7.13965  -0.0367288 0 0.0435063 0 0 -0.0291919  0.114276 0 0.282079 0 0 0.148721  0 0 0 0 0 0  
40.0553 0.974063 0.0247867 -7.96893 0 4 0 0 -6.9579  -8.04867 0 3.7061 0 0 -7.07234  -0.0246 0 0.039726 0 0 -0.0180571  0.104336 0 0.25417 0 0 0.132497  0 0 0 0 0 0  
40.5265 0.986114 0.0258061 -7.95089 0 4 0 0 -6.93785  -8.02368 0 3.70415 0 0 -7.04561  -0.0223139 0 0.0415418 0 0 -0.0171227  0.0951015 0 0.254312 0 0 0.12489  0 0 0 0 0 0  
40.9978 0.998549 0.0267585 -7.90528 0 4 0 0 -6.97504  -7.97691 0 3.69596 0 0 -7.07951  -0.0322366 0 0.0422048 0 0 -0.0204983  0.103875 0 0.261837 0 0 0.124973  0 0 0 0 0 0  
41.469 1.01134 0.0276889 -7.99757 0 4 0 0 -7.09469  -8.07177 0 3.68658 0 0 -7.20204  -0.0328993 0 0.0441056 0 0 -0.0253295  0.107092 0 0.269317 0 0 0.132674  0 0 0 0 0 0  
41.9403 1.02418 0.0273965 -8.03886 0 4 0 0 -7.21973  -8.08848 0 3.68908 0 0 -7.30038  -0.0354695 0 0.0500492 0 0 -0.0261961  0.0850826 0 0.260866 0 0 0.106844  0 0 0 0 0 0  
42.4115 1.03681 0.0261667 -7.85898 0 4 0 0 -7.2789  -7.92726 0 3.69431 0 0 -7.37164  -0.0322491 0 0.0465901 0 0 -0.0274215  0.100526 0 0.259104 0 0 0.120164  0 0 0 0 0 0  
42.8827 1.04896 0.0262242 -7.8837 0 4 0 0 -7.3625  -7.95576 0 3.69665 0 0 -7.45072  -0.032309 0 0.048955 0 0 -0.0292662  0.104374 0 0.254394 0 0 0.117488  0 0 0 0 0 0  
43.354 1.0612 0.0252583 -7.96198 0 4 0 0 -7.3731  -8.02143 0 3.71468 0 0 -7.45535  -0.036344 0 0.0445378 0 0 -0.0299195  0.0957959 0 0.240786 0 0 0.112171  0 0 0 0 0 0  
43.8252 1.07293 0.0241979 -7.92289 0 4 0 0 -7.40292  -8.00145 0 3.72685 0 0 -7.49954  -0.0324522 0 0.0406324 0 0 -0.028517  0.111016 0 0.232521 0 0 0.125131  0 0 0 0 0 0  
44.2965 1.08395 0.0228637 -8.00525 0 4 0 0 -7.33829  -8.07074 0 3.73789 0 0 -7.43081  -0.0374366 0 0.0398323 0 0 -0.0279024  0.102921 0 0.222278 0 0 0.120417  0 0 0 0 0 0  
44.7677 1.09442 0.0213416 -8.1116 0 4 0 0 -7.33691  -8.15958 0 3.75529 0 0 -7.42981  -0.0294836 0 0.0347198 0 0 -0.0253509  0.0774681 0 0.209992 0 0 0.118253  0 0 0 0 0 0  
45.2389 1.1042 0.0202622 -8.1573 0 4 0 0 -7.39756  -8.2088 0 3.7594 0 0 -7.4939  -0.0250225 0 0.0298558 0 0 -0.0268649  0.0765233 0 0.210744 0 0 0.123203  0 0 0 0 0 0  
45.7102 1.11372 0.0199119 -8.25195 0 4 0 0 -7.41048  -8.3004 0 3.77056 0 0 -7.50234  -0.0145972 0 0.0282802 0 0 -0.0180787  0.0630532 0 0.201162 0 0 0.10994  0 0 0 0 0 0  
46.1814 1.12307 0.0198203 -8.36462 0 4 0 0 -7.4292  -8.41583 0 3.77241 0 0 -7.52479  -0.0137541 0 0.0300114 0 0 -0.0140582  0.0649667 0 0.197574 0 0 0.109655  0 0 0 0 0 0  
46.6527 1.13239 0.0195605 -8.42983 0 4 0 0 -7.54611  -8.47576 0 3.77139 0 0 -7.62997  -0.013058 0 0.0317052 0 0 -0.0138283  0.0589864 0 0.196903 0 0 0.0976864  0 0 0 0 0 0  
47.1239 1.14144 0.018809 -8.34049 0 4 0 0 -7.66808  -8.38266 0 3.77874 0 0 -7.74287  -0.0143187 0 0.0305392 0 0 -0.0124178  0.0564905 0 0.190723 0 0 0.0872032  0 0 0 0 0 0  
47.5951 1.15058 0.019377 -8.24835 0 4 0 0 -7.8046  -8.28759 0 3.76777 0 0 -7.87887  -0.0138681 0 0.0296429 0 0 -0.0124112  0.0531085 0 0.202588 0 0 0.0866769  0 0 0 0 0 0  
48.0664 1.16011 0.0208743 -8.12883 0 4 0 0 -7.80829  -8.17543 0 3.74869 0 0 -7.89016  -0.0118672 0 0.0341027 0 0 -0.0141539  0.0584709 0 0.217208 0 0 0.0960197  0 0 0 0 0 0  
48.5376 1.17035 0.0217608 -8.07124 0 4 0 0 -7.72887  -8.13507 0 3.73243 0 0 -7.82297  -0.00794044 0 0.0364775 0 0 -0.00823846  0.0717669 0 0.231088 0 0 0.102345  0 0 0 0 0 0  
49.0088 1.18085 0.0225798 -7.97138 0 4 0 0 -7.81619  -8.03729 0 3.73288 0 0 -7.91436  -0.00292205 0 0.0374202 0 0 -0.00792946  0.0688392 0 0.229702 0 0 0.106097  0 0 0 0 0 0  
49.4801 1.19162 0.0230408 -7.90173 0 4 0 0 -7.80678  -7.97727 0 3.73669 0 0 -7.91406  -0.00670987 0 0.035959 0 0 -0.0132007  0.0822518 0 0.22735 0 0 0.120483  0 0 0 0 0 0  
49.9513 1.20249 0.0234326 -7.75665 0 4 0 0 -7.70518  -7.83981 0 3.73432 0 0 -7.81811  -0.00484876 0 0.03481 0 0 -0.0109801  0.0880075 0 0.230867 0 0 0.123911  0 0 0 0 0 0  
50.4226 1.21384 0.024811 -7.46727 0 4 0 0 -7.63436  -7.56231 0 3.71439 0 0 -7.75572  -0.00595872 0 0.0355669 0 0 -0.0134266  0.100998 0 0.250042 0 0 0.134793  0 0 0 0 0 0  
50.8938 1.22586 0.0251084 -7.10818 0 4 0 0 -7.49794  -7.19403 0 3.69775 0 0 -7.61599  -0.00819396 0 0.0380807 0 0 -0.0108736  0.0940421 0 0.264169 0 0 0.12893  0 0 0 0 0 0  
51.365 1.23779 0.0257915 -6.84823 0 4 0 0 -7.66576  -6.95009 0 3.68328 0 0 -7.78785  -0.0120277 0 0.0413666 0 0 -0.0129927  0.113879 0 0.275353 0 0 0.135088  0 0 0 0 0 0  
51.8363 1.25009 0.0259588 -6.76174 0 4 0 0 -7.71031  -6.86181 0 3.6943 0 0 -7.8185  -0.0102764 0 0.0426802 0 0 -0.0116359  0.110338 0 0.263023 0 0 0.11983  0 0 0 0 0 0  
52.3075 1.26235 0.0260658 -6.4676 0 4 0 0 -7.70198  -6.56983 0 3.68691 0 0 -7.80368  -0.0108971 0 0.0396129 0 0 -0.0132775  0.113125 0 0.273477 0 0 0.114971  0 0 0 0 0 0  
52.7788 1.27514 0.0278863 -6.19939 0 4 0 0 -7.64288  -6.31675 0 3.65779 0 0 -7.75484  -0.0195737 0 0.0408502 0 0 -0.0176291  0.136932 0 0.30136 0 0 0.129586  0 0 0 0 0 0  
53.25 1.28889 0.0292071 -6.05632 0 4 0 0 -7.49875  -6.17984 0 3.62705 0 0 -7.62227  -0.0221475 0 0.0462823 0 0 -0.0225794  0.14567 0 0.32667 0 0 0.1461  0 0 0 0 0 0  
53.7212 1.30274 0.0287782 -6.02442 0 4 0 0 -7.41445  -6.13924 0 3.61778 0 0 -7.55364  -0.0315333 0 0.0461839 0 0 -0.0321467  0.146353 0 0.336036 0 0 0.171333  0 0 0 0 0 0  
54.1925 1.31635 0.0291483 -6.01232 0 4 0 0 -7.31431  -6.12275 0 3.62643 0 0 -7.48021  -0.042902 0 0.0491276 0 0 -0.0318706  0.15333 0 0.324444 0 0 0.197772  0 0 0 0 0 0  
54.6637 1.33023 0.0301309 -5.79759 0 4 0 0 -7.037  -5.91758 0 3.6044 0 0 -7.21867  -0.0500912 0 0.0521581 0 0 -0.0428068  0.170078 0 0.343446 0 0 0.224478  0 0 0 0 0 0  
55.135 1.34453 0.0301504 -6.00248 0 4 0 0 -7.00518  -6.10523 0 3.61008 0 0 -7.17734  -0.0557732 0 0.0515326 0 0 -0.0485424  0.158528 0 0.338391 0 0 0.220705  0 0 0 0 0 0  
55.6062 1.35833 0.0284845 -6.32309 0 4 0 0 -7.1084  -6.40662 0 3.64701 0 0 -7.25039  -0.0467936 0 0.0515694 0 0 -0.0352695  0.130329 0 0.301416 0 0 0.17726  0 0 0 0 0 0  
56.0774 1.37122 0.0266878 -6.42399 0 4 0 0 -7.19129  -6.50328 0 3.68082 0 0 -7.31194  -0.0371866 0 0.0492725 0 0 -0.0268069  0.116475 0 0.269905 0 0 0.147456  0 0 0 0 0 0  
56.5487 1.38344 0.024875 -6.62363 0 4 0 0 -7.34684  -6.67216 0 3.70363 0 0 -7.44918  -0.0397386 0 0.0469397 0 0 -0.0281353  0.0882617 0 0.249427 0 0 0.130484  0 0 0 0 0 0  
57.0199 1.39537 0.0251176 -6.76687 0 4 0 0 -7.35244  -6.82383 0 3.70617 0 0 -7.4563  -0.0352499 0 0.0445952 0 0 -0.0264559  0.0922133 0 0.249236 0 0 0.130312  0 0 0 0 0 0  
57.4911 1.40704 0.0250037 -6.84629 0 4 0 0 -7.31198  -6.89761 0 3.70162 0 0 -7.42136  -0.034706 0 0.0471936 0 0 -0.0213466  0.0860275 0 0.251182 0 0 0.130723  0 0 0 0 0 0  
57.9624 1.41883 0.0245751 -6.80467 0 4 0 0 -7.1932  -6.84349 0 3.71123 0 0 -7.30016  -0.0330907 0 0.0462725 0 0 -0.0184398  0.0719072 0 0.242495 0 0 0.125399  0 0 0 0 0 0  
58.4336 1.43039 0.0233884 -6.96312 0 4 0 0 -7.06426  -7.01456 0 3.72228 0 0 -7.17806  -0.0315876 0 0.045389 0 0 -0.0166394  0.0830274 0 0.232333 0 0 0.130439  0 0 0 0 0 0  
58.9049 1.44172 0.0241926 -7.01724 0 4 0 0 -6.87752  -7.09314 0 3.71159 0 0 -7.02751  -0.0364181 0 0.0403025 0 0 -0.0124915  0.112323 0 0.248108 0 0 0.162476  0 0 0 0 0 0  
59.3761 1.45289 0.0231377 -7.10576 0 4 0 0 -6.70252  -7.17817 0 3.71623 0 0 -6.84329  -0.0379937 0 0.0401495 0 0 -0.0148212  0.110409 0 0.243616 0 0 0.155595  0 0 0 0 0 0  
59.8473 1.46351 0.0221657 -7.27873 0 4 0 0 -6.76326  -7.35117 0 3.72343 0 0 -6.88845  -0.0349038 0 0.0386212 0 0 -0.0172757  0.107344 0 0.237952 0 0 0.142468  0 0 0 0 0 0  
60.3186 1.47357 0.0211529 -7.27347 0 4 0 0 -6.83501  -7.33349 0 3.73622 0 0 -6.95901  -0.0322557 0 0.0348907 0 0 -0.018751  0.0922689 0 0.228888 0 0 0.142748  0 0 0 0 0 0  
60.7898 1.4833 0.0204949 -7.25947 0 4 0 0 -6.89396  -7.30971 0 3.74611 0 0 -7.00148  -0.0307592 0 0.0326404 0 0 -0.0181765  0.0810076 0 0.221249 0 0 0.125697  0 0 0 0 0 0  
61.2611 1.49346 0.0220669 -7.20892 0 4 0 0 -7.02569  -7.25853 0 3.72843 0 0 -7.12652  -0.0357973 0 0.0331091 0 0 -0.026714  0.0854077 0 0.238463 0 0 0.127537  0 0 0 0 0 0  
61.7323 1.5039 0.0225416 -7.03114 0 4 0 0 -7.03043  -7.06719 0 3.72041 0 0 -7.12643  -0.0364961 0 0.0343179 0 0 -0.0225923  0.072544 0 0.245274 0 0 0.118593  0 0 0 0 0 0  
62.2035 1.51497 0.024454 -6.89549 0 4 0 0 -7.09493  -6.95792 0 3.69116 0 0 -7.21682  -0.0463924 0 0.0356326 0 0 -0.0374861  0.108822 0 0.27321 0 0 0.159381  0 0 0 0 0 0  
62.6748 1.52688 0.0259899 -6.89599 0 4 0 0 -7.0166  -6.97959 0 3.66811 0 0 -7.15899  -0.0403117 0 0.0386423 0 0 -0.043311  0.123914 0 0.293252 0 0 0.185702  0 0 0 0 0 0  
63.146 1.53923 0.026513 -6.76033 0 4 0 0 -6.9375  -6.85963 0 3.6476 0 0 -7.06997  -0.0432505 0 0.041027 0 0 -0.0533087  0.142552 0 0.311375 0 0 0.185786  0 0 0 0 0 0  
63.6173 1.55183 0.0267426 -6.54912 0 4 0 0 -6.78915  -6.66688 0 3.64195 0 0 -6.93599  -0.0463872 0 0.0405331 0 0 -0.0471558  0.164152 0 0.317521 0 0 0.193992  0 0 0 0 0 0  
64.0885 1.56449 0.0271591 -6.47209 0 4 0 0 -6.72502  -6.60962 0 3.65297 0 0 -6.87759  -0.0447349 0 0.0386045 0 0 -0.0378667  0.18226 0 0.308425 0 0 0.190445  0 0 0 0 0 0  
64.5597 1.57679 0.0259385 -6.46651 0 4 0 0 -6.66186  -6.59691 0 3.66699 0 0 -6.80684  -0.0376767 0 0.0365955 0 0 -0.0295115  0.168076 0 0.296414 0 0 0.174498  0 0 0 0 0 0  
65.031 1.58884 0.0256428 -6.36665 0 4 0 0 -6.67369  -6.4869 0 3.68384 0 0 -6.80442  -0.0284691 0 0.0402874 0 0 -0.0189666  0.14872 0 0.275872 0 0 0.149691  0 0 0 0 0 0  
65.5022 1.60083 0.0254636 -6.44731 0 4 0 0 -6.71681  -6.56296 0 3.69035 0 0 -6.8513  -0.0234224 0 0.0389123 0 0 -0.0157061  0.139072 0 0.270734 0 0 0.150204  0 0 0 0 0 0  
65.9734 1.61271 0.0242174 -6.66643 0 4 0 0 -6.90894  -6.77675 0 3.70485 0 0 -7.02785  -0.022328 0 0.0368493 0 0 -0.0128662  0.132647 0 0.258305 0 0 0.131774  0 0 0 0 0 0  
66.4447 1.62372 0.0229717 -6.74844 0 4 0 0 -6.95154  -6.83408 0 3.73797 0 0 -7.05257  -0.0182612 0 0.0366576 0 0 -0.00901877  0.103907 0 0.225369 0 0 0.110049  0 0 0 0 0 0  
66.9159 1.63495 0.0241851 -6.74509 0 4 0 0 -6.92523  -6.83819 0 3.7139 0 0 -7.02584  -0.0254825 0 0.040115 0 0 -0.0157485  0.118575 0 0.245981 0 0 0.116357  0 0 0 0 0 0  
67.3872 1.64636 0.0240045 -6.7315 0 4 0 0 -7.10663  -6.82016 0 3.70628 0 0 -7.21062  -0.024578 0 0.0381535 0 0 -0.0233831  0.113232 0 0.255568 0 0 0.12737  0 0 0 0 0 0  
67.8584 1.65781 0.0248907 -6.67165 0 4 0 0 -7.25525  -6.77124 0 3.70459 0 0 -7.36398  -0.0227524 0 0.0383236 0 0 -0.0231783  0.122342 0 0.257089 0 0 0.131904  0 0 0 0 0 0  
68.3296 1.66958 0.0253335 -6.57258 0 4 0 0 -7.24309  -6.68655 0 3.68081 0 0 -7.36312  -0.0206328 0 0.0397372 0 0 -0.0285422  0.134602 0 0.279453 0 0 0.148572  0 0 0 0 0 0  
68.8009 1.68181 0.026751 -6.48889 0 4 0 0 -7.22273  -6.60287 0 3.64194 0 0 -7.34697  -0.025969 0 0.0437274 0 0 -0.0255705  0.139941 0 0.314336 0 0 0.149806  0 0 0 0 0 0  
69.2721 1.69443 0.0266496 -6.42312 0 4 0 0 -7.2573  -6.53355 0 3.62721 0 0 -7.39655  -0.0312454 0 0.0467751 0 0 -0.0278029  0.141679 0 0.326017 0 0 0.16706  0 0 0 0 0 0  
69.7434 1.70688 0.0256677 -6.33445 0 4 0 0 -7.29006  -6.45007 0 3.62969 0 0 -7.43852  -0.0318024 0 0.0463484 0 0 -0.0294018  0.147421 0 0.323965 0 0 0.177869  0 0 0 0 0 0  
70.2146 1.71896 0.0258433 -6.36681 0 4 0 0 -7.52896  -6.47522 0 3.63739 0 0 -7.6818  -0.0281215 0 0.0505298 0 0 -0.0248442  0.136526 0 0.312082 0 0 0.177684  0 0 0 0 0 0  
70.6858 1.73095 0.0248981 -6.44926 0 4 0 0 -7.70433  -6.55989 0 3.66617 0 0 -7.8486  -0.0238671 0 0.0502759 0 0 -0.0194529  0.134503 0 0.28355 0 0 0.163718  0 0 0 0 0 0  
71.1571 1.74254 0.0240394 -6.63179 0 4 0 0 -7.84422  -6.72093 0 3.67629 0 0 -7.96778  -0.0249716 0 0.0482725 0 0 -0.0137166  0.114112 0 0.275436 0 0 0.137277  0 0 0 0 0 0  
71.6283 1.75364 0.022957 -6.89026 0 4 0 0 -8.14005  -6.98224 0 3.70266 0 0 -8.25957  -0.0184425 0 0.0461357 0 0 -0.0117202  0.11042 0 0.251206 0 0 0.131234  0 0 0 0 0 0  
72.0996 1.76436 0.0228247 -7.21418 0 4 0 0 -8.35493  -7.29677 0 3.71431 0 0 -8.46445  -0.0246663 0 0.0448953 0 0 -0.0108074  0.107249 0 0.240791 0 0 0.120321  0 0 0 0 0 0  
72.5708 1.7746 0.0209978 -7.53893 0 4 0 0 -8.54632  -7.59833 0 3.75026 0 0 -8.62605  -0.0248022 0 0.0407842 0 0 -0.0123089  0.0841973 0 0.208958 0 0 0.0920416  0 0 0 0 0 0  
73.042 1.78401 0.0190002 -7.80074 0 4 0 0 -8.61573  -7.84851 0 3.78173 0 0 -8.68085  -0.0225281 0 0.0336251 0 0 -0.00990751  0.0703013 0 0.184641 0 0 0.0750335  0 0 0 0 0 0  
73.5133 1.79295 0.0186916 -7.85697 0 4 0 0 -8.59364  -7.90517 0 3.7876 0 0 -8.6576  -0.0210109 0 0.0315505 0 0 -0.0112403  0.0692129 0 0.180854 0 0 0.0751962  0 0 0 0 0 0  
73.9845 1.80167 0.018139 -7.92637 0 4 0 0 -8.61693  -7.98045 0 3.78834 0 0 -8.68088  -0.020175 0 0.0318985 0 0 -0.0076047  0.0742604 0 0.179762 0 0 0.0715556  0 0 0 0 0 0  
74.4557 1.81015 0.0181837 -7.95584 0 4 0 0 -8.59091  -8.01014 0 3.79294 0 0 -8.65698  -0.0141343 0 0.0328533 0 0 -0.00772535  0.0684308 0 0.174207 0 0 0.073796  0 0 0 0 0 0  
74.927 1.81839 0.0169431 -8.04846 0 4 0 0 -8.50597  -8.10727 0 3.80656 0 0 -8.57374  -0.00772241 0 0.0305282 0 0 -0.00555321  0.066536 0 0.162913 0 0 0.0733239  0 0 0 0 0 0  
75.3982 1.82613 0.015831 -8.07443 0 4 0 0 -8.40916  -8.13274 0 3.81016 0 0 -8.48051  -0.00683293 0 0.0279749 0 0 -0.00646993  0.0651498 0 0.161864 0 0 0.077813  0 0 0 0 0 0  
75.8695 1.83369 0.016002 -7.99156 0 4 0 0 -8.37418  -8.04841 0 3.81205 0 0 -8.43687  -0.00779713 0 0.0285973 0 0 -0.00813914  0.0646474 0 0.159353 0 0 0.0708355  0 0 0 0 0 0  
76.3407 1.84137 0.0162983 -7.89459 0 4 0 0 -8.25979  -7.95475 0 3.80668 0 0 -8.33501  -0.00665071 0 0.0295604 0 0 -0.00996001  0.0668057 0 0.163761 0 0 0.0851727  0 0 0 0 0 0  
76.8119 1.84929 0.0171864 -7.67533 0 4 0 0 -8.11697  -7.75262 0 3.78992 0 0 -8.20179  -0.00289977 0 0.0295302 0 0 -0.0111088  0.0801848 0 0.180552 0 0 0.0959242  0 0 0 0 0 0  
77.2832 1.85754 0.0175965 -7.5833 0 4 0 0 -8.04943  -7.67057 0 3.78135 0 0 -8.14935  -0.00815172 0 0.029417 0 0 -0.0132091  0.0954154 0 0.189232 0 0 0.113127  0 0 0 0 0 0  
77.7544 1.86598 0.0178184 -7.50119 0 4 0 0 -8.01595  -7.57997 0 3.78141 0 0 -8.11108  -0.00741831 0 0.0321287 0 0 -0.0148038  0.086202 0 0.186461 0 0 0.109934  0 0 0 0 0 0  
78.2257 1.87463 0.0194736 -7.50299 0 4 0 0 -7.90239  -7.59482 0 3.75375 0 0 -8.00218  -0.0145757 0 0.0372248 0 0 -0.0155226  0.106405 0 0.209028 0 0 0.115319  0 0 0 0 0 0  
78.6969 1.88417 0.0211242 -7.36391 0 4 0 0 -7.78706  -7.44923 0 3.74161 0 0 -7.88907  -0.0153677 0 0.0415535 0 0 -0.0172017  0.100688 0 0.216836 0 0 0.119213  0 0 0 0 0 0  
79.1681 1.89462 0.0228811 -7.26177 0 4 0 0 -7.54679  -7.35979 0 3.71768 0 0 -7.6637  -0.0155738 0 0.0454986 0 0 -0.011211  0.113595 0 0.236822 0 0 0.12812  0 0 0 0 0 0  
79.6394 1.90569 0.0239945 -7.02049 0 4 0 0 -7.15825  -7.12916 0 3.70549 0 0 -7.28755  -0.0141488 0 0.0471459 0 0 -0.00781799  0.122816 0 0.247367 0 0 0.137125  0 0 0 0 0 0  
80.1106 1.9173 0.0250238 -6.88932 0 4 0 0 -6.97858  -7.01756 0 3.67941 0 0 -7.12693  -0.0207885 0 0.0467951 0 0 -0.0156883  0.149033 0 0.273796 0 0 0.164039  0 0 0 0 0 0  
80.5819 1.92934 0.0250818 -6.91593 0 4 0 0 -6.6597  -7.03355 0 3.67 0 0 -6.81201  -0.024272 0 0.0501867 0 0 -0.0229234  0.141893 0 0.279817 0 0 0.17524  0 0 0 0 0 0  
81.0531 1.94135 0.0258635 -6.90726 0 4 0 0 -6.48309  -7.03283 0 3.67156 0 0 -6.64471  -0.0205881 0 0.0494789 0 0 -0.0253324  0.146154 0 0.278958 0 0 0.186954  0 0 0 0 0 0  
81.5243 1.95347 0.0252773 -6.76112 0 4 0 0 -6.26773  -6.90144 0 3.67603 0 0 -6.45394  -0.0185459 0 0.0412157 0 0 -0.0230012  0.15886 0 0.282751 0 0 0.20921  0 0 0 0 0 0  
81.9956 1.96519 0.0251197 -6.77423 0 4 0 0 -6.05711  -6.89129 0 3.68508 0 0 -6.21803  -0.0202299 0 0.0433606 0 0 -0.0206018  0.137295 0 0.271556 0 0 0.181522  0 0 0 0 0 0  
82.4668 1.97736 0.0265965 -6.81915 0 4 0 0 -6.1585  -6.94483 0 3.66769 0 0 -6.32659  -0.025635 0 0.0421667 0 0 -0.0275215  0.151318 0 0.290142 0 0 0.195608  0 0 0 0 0 0  
82.938 1.98996 0.0271466 -6.9015 0 4 0 0 -6.46483  -7.00626 0 3.68068 0 0 -6.61112  -0.0251589 0 0.0446046 0 0 -0.0311813  0.129918 0 0.274711 0 0 0.177463  0 0 0 0 0 0  
83.4093 2.0028 0.0272112 -6.88908 0 4 0 0 -6.47797  -6.9853 0 3.68245 0 0 -6.6176  -0.0250121 0 0.0448023 0 0 -0.0263148  0.121227 0 0.272751 0 0 0.165945  0 0 0 0 0 0  
83.8805 2.01565 0.0266811 -6.7924 0 4 0 0 -6.54523  -6.88891 0 3.67051 0 0 -6.69863  -0.0322715 0 0.0436076 0 0 -0.0225846  0.128782 0 0.285884 0 0 0.175988  0 0 0 0 0 0  
84.3518 2.0281 0.0260415 -6.84036 0 4 0 0 -6.64389  -6.93899 0 3.66552 0 0 -6.80864  -0.0354945 0 0.0440381 0 0 -0.0254067  0.134126 0 0.290441 0 0 0.190153  0 0 0 0 0 0  
84.823 2.04008 0.0246493 -6.78295 0 4 0 0 -6.76295  -6.90166 0 3.68357 0 0 -6.91048  -0.0293188 0 0.036036 0 0 -0.0203556  0.148026 0 0.280392 0 0 0.167885  0 0 0 0 0 0  
85.2942 2.05147 0.0243631 -6.94922 0 4 0 0 -6.82538  -7.0521 0 3.68939 0 0 -6.95878  -0.0340666 0 0.0340552 0 0 -0.0259564  0.13695 0 0.276558 0 0 0.159354  0 0 0 0 0 0  
85.7655 2.06308 0.0245565 -7.08615 0 4 0 0 -6.92039  -7.18346 0 3.69177 0 0 -7.0425  -0.035423 0 0.0333338 0 0 -0.0297062  0.13274 0 0.2749 0 0 0.151823  0 0 0 0 0 0  
86.2367 2.07476 0.0247042 -7.21032 0 4 0 0 -6.96734  -7.30904 0 3.69682 0 0 -7.09605  -0.037236 0 0.0342217 0 0 -0.0286008  0.135958 0 0.268962 0 0 0.157312  0 0 0 0 0 0  
86.708 2.08651 0.0248614 -7.16955 0 4 0 0 -6.90579  -7.2713 0 3.69788 0 0 -7.03819  -0.0366569 0 0.0368126 0 0 -0.0271481  0.138403 0 0.265303 0 0 0.159547  0 0 0 0 0 0  
87.1792 2.0982 0.0247408 -7.15677 0 4 0 0 -6.89046  -7.2607 0 3.69532 0 0 -7.01613  -0.0442217 0 0.0372022 0 0 -0.0316227  0.148147 0 0.267477 0 0 0.157294  0 0 0 0 0 0  
87.6504 2.10984 0.024779 -7.1334 0 4 0 0 -6.80344  -7.23042 0 3.69036 0 0 -6.94643  -0.0455031 0 0.0392206 0 0 -0.0326842  0.142518 0 0.270415 0 0 0.175671  0 0 0 0 0 0  
88.1217 2.12138 0.0247533 -7.216 0 4 0 0 -6.82238  -7.30091 0 3.69222 0 0 -6.95535  -0.0451045 0 0.0392189 0 0 -0.0301855  0.130021 0 0.268562 0 0 0.163154  0 0 0 0 0 0  
88.5929 2.13329 0.0258441 -7.21721 0 4 0 0 -6.86269  -7.31147 0 3.68849 0 0 -6.99527  -0.0386097 0 0.0383267 0 0 -0.0273793  0.132871 0 0.273183 0 0 0.159952  0 0 0 0 0 0  
89.0642 2.14563 0.0267773 -7.10096 0 4 0 0 -6.7762  -7.20526 0 3.68325 0 0 -6.91706  -0.0356735 0 0.0440796 0 0 -0.0213718  0.139982 0 0.272672 0 0 0.162224  0 0 0 0 0 0  
89.5354 2.15816 0.0267721 -7.04304 0 4 0 0 -6.72267  -7.15502 0 3.66309 0 0 -6.86751  -0.0394614 0 0.0442272 0 0 -0.0246204  0.151433 0 0.292685 0 0 0.16946  0 0 0 0 0 0  
90.0066 2.17063 0.0262798 -7.11668 0 4 0 0 -6.72479  -7.21688 0 3.65895 0 0 -6.84543  -0.0382102 0 0.0462834 0 0 -0.0278117  0.138405 0 0.294768 0 0 0.148457  0 0 0 0 0 0  
90.4779 2.18287 0.0253337 -7.37462 0 4 0 0 -6.63548  -7.45254 0 3.66838 0 0 -6.75042  -0.0360574 0 0.0454052 0 0 -0.025591  0.113978 0 0.286214 0 0 0.140522  0 0 0 0 0 0  
90.9491 2.19473 0.0248102 -7.42015 0 4 0 0 -6.61479  -7.50853 0 3.68042 0 0 -6.74054  -0.0343561 0 0.0456462 0 0 -0.0232236  0.122738 0 0.273932 0 0 0.148976  0 0 0 0 0 0  
91.4203 2.20626 0.0243899 -7.43991 0 4 0 0 -6.61494  -7.52806 0 3.69325 0 0 -6.73981  -0.0249824 0 0.0453646 0 0 -0.019546  0.113134 0 0.261386 0 0 0.144415  0 0 0 0 0 0  
91.8916 2.21747 0.0230909 -7.54026 0 4 0 0 -6.62573  -7.6261 0 3.70376 0 0 -6.74093  -0.0250592 0 0.0444073 0 0 -0.0236689  0.110903 0 0.251833 0 0 0.138867  0 0 0 0 0 0  
92.3628 2.22807 0.0216403 -7.65015 0 4 0 0 -6.64761  -7.74276 0 3.72234 0 0 -6.756  -0.0170986 0 0.0400624 0 0 -0.0187413  0.109708 0 0.237599 0 0 0.127138  0 0 0 0 0 0  
92.8341 2.23804 0.0211386 -7.71505 0 4 0 0 -6.71857  -7.80879 0 3.73947 0 0 -6.8285  -0.0131009 0 0.0378274 0 0 -0.0153733  0.106839 0 0.222706 0 0 0.125304  0 0 0 0 0 0  
93.3053 2.24766 0.0199973 -7.85519 0 4 0 0 -6.8269  -7.92633 0 3.75585 0 0 -6.92202  -0.0228522 0 0.0352851 0 0 -0.0185017  0.0939918 0 0.208868 0 0 0.113617  0 0 0 0 0 0  
93.7765 2.25697 0.0196222 -8.00983 0 4 0 0 -6.87052  -8.07224 0 3.75906 0 0 -6.95677  -0.0235212 0 0.0345599 0 0 -0.0242796  0.0859354 0 0.206379 0 0 0.110536  0 0 0 0 0 0  
94.2478 2.26631 0.0203876 -8.06247 0 4 0 0 -6.83451  -8.13448 0 3.74615 0 0 -6.92454  -0.0227944 0 0.036299 0 0 -0.0224729  0.0947983 0 0.217554 0 0 0.112501  0 0 0 0 0 0  
94.719 2.27604 0.0204144 -8.2274 0 4 0 0 -6.87198  -8.28715 0 3.73374 0 0 -6.95279  -0.0286463 0 0.0384801 0 0 -0.0283331  0.0884014 0 0.227776 0 0 0.109139  0 0 0 0 0 0  
95.1903 2.28577 0.0203848 -8.40096 0 4 0 0 -7.02269  -8.46161 0 3.74005 0 0 -7.10183  -0.0321743 0 0.0376712 0 0 -0.0290832  0.0928252 0 0.222282 0 0 0.108224  0 0 0 0 0 0  
95.6615 2.29495 0.0185757 -8.52849 0 4 0 0 -7.23824  -8.58995 0 3.76162 0 0 -7.30188  -0.023983 0 0.0361051 0 0 -0.027751  0.0854478 0 0.202274 0 0 0.0913941  0 0 0 0 0 0  
96.1327 2.30338 0.0176037 -8.6736 0 4 0 0 -7.27525  -8.72083 0 3.77809 0 0 -7.33156  -0.027016 0 0.0351428 0 0 -0.0262548  0.0742515 0 0.186769 0 0 0.0825617  0 0 0 0 0 0  
96.604 2.31156 0.017109 -8.58268 0 4 0 0 -7.23875  -8.63015 0 3.78134 0 0 -7.28609  -0.0246902 0 0.0347321 0 0 -0.0275543  0.0721682 0 0.183931 0 0 0.0748936  0 0 0 0 0 0  
97.0752 2.31973 0.0176206 -8.4584 0 4 0 0 -7.21221  -8.50804 0 3.77568 0 0 -7.271  -0.0217173 0 0.034355 0 0 -0.0266063  0.0713588 0 0.189967 0 0 0.0854037  0 0 0 0 0 0  
97.5465 2.32807 0.0183724 -8.26001 0 4 0 0 -7.17771  -8.31685 0 3.76945 0 0 -7.24916  -0.0192087 0 0.0347838 0 0 -0.0225964  0.0760431 0 0.195769 0 0 0.0940485  0 0 0 0 0 0  
98.0177 2.33675 0.0185795 -8.09122 0 4 0 0 -7.11673  -8.15614 0 3.76576 0 0 -7.19758  -0.0165333 0 0.0334962 0 0 -0.0243244  0.0814495 0 0.200745 0 0 0.105182  0 0 0 0 0 0  
98.4889 2.34577 0.0192878 -8.01489 0 4 0 0 -7.09443  -8.08516 0 3.76063 0 0 -7.18375  -0.0160644 0 0.0336118 0 0 -0.0248523  0.0863392 0 0.205762 0 0 0.114175  0 0 0 0 0 0  
98.9602 2.35494 0.0194642 -7.96671 0 4 0 0 -7.15175  -8.04059 0 3.75587 0 0 -7.24019  -0.0178448 0 0.0347295 0 0 -0.0272875  0.0917223 0 0.209404 0 0 0.115731  0 0 0 0 0 0  
99.4314 2.36418 0.0196707 -7.93195 0 4 0 0 -7.22516  -7.9978 0 3.76007 0 0 -7.30857  -0.0223367 0 0.0347913 0 0 -0.0284706  0.0881858 0 0.205139 0 0 0.111887  0 0 0 0 0 0  
99.9026 2.37339 0.0194248 -7.91279 0 4 0 0 -7.28675  -7.96304 0 3.76516 0 0 -7.3601  -0.0197413 0 0.0360628 0 0 -0.023307  0.0699909 0 0.198779 0 0 0.0966634  0 0 0 0 0 0  
100.374 2.38272 0.0199562 -7.94499 0 4 0 0 -7.42961  -7.99081 0 3.76134 0 0 -7.48917  -0.0237237 0 0.0401134 0 0 -0.0242628  0.0695452 0 0.19855 0 0 0.0838224  0 0 0 0 0 0  
100.845 2.39236 0.0208081 -7.90751 0 4 0 0 -7.52489  -7.95108 0 3.75756 0 0 -7.59014  -0.0234615 0 0.0407441 0 0 -0.0216731  0.0670266 0 0.201698 0 0 0.0869232  0 0 0 0 0 0  
101.316 2.40221 0.0210667 -7.84807 0 4 0 0 -7.51301  -7.89271 0 3.75814 0 0 -7.57701  -0.0230607 0 0.0403384 0 0 -0.0282009  0.0677003 0 0.201527 0 0 0.0921974  0 0 0 0 0 0  
101.788 2.41229 0.0216655 -7.63315 0 4 0 0 -7.36528  -7.692 0 3.74943 0 0 -7.43822  -0.0200521 0 0.0407631 0 0 -0.0238033  0.0789034 0 0.20981 0 0 0.0967489  0 0 0 0 0 0  
102.259 2.4223 0.020758 -7.32716 0 4 0 0 -7.15131  -7.38559 0 3.74523 0 0 -7.22796  -0.0198207 0 0.0420156 0 0 -0.0167858  0.0782531 0 0.212757 0 0 0.0934349  0 0 0 0 0 0  
102.73 2.43203 0.0206153 -7.11376 0 4 0 0 -6.94086  -7.18793 0 3.74678 0 0 -7.04119  -0.0164731 0 0.0377723 0 0 -0.0180327  0.0906441 0 0.215452 0 0 0.118359  0 0 0 0 0 0  
103.201 2.44167 0.0202757 -7.04962 0 4 0 0 -6.79966  -7.12116 0 3.75218 0 0 -6.9028  -0.0169888 0 0.036668 0 0 -0.0194669  0.0885294 0 0.211152 0 0 0.122607  0 0 0 0 0 0  
103.673 2.45113 0.02021 -7.09674 0 4 0 0 -6.7953  -7.15522 0 3.75318 0 0 -6.9027  -0.0194975 0 0.0388508 0 0 -0.0191839  0.0779771 0 0.207966 0 0 0.12659  0 0 0 0 0 0  
104.144 2.46119 0.0213415 -7.03802 0 4 0 0 -6.5618  -7.10131 0 3.74043 0 0 -6.66741  -0.0140923 0 0.0385493 0 0 -0.0107931  0.0773842 0 0.221018 0 0 0.116406  0 0 0 0 0 0  
104.615 2.47124 0.0216284 -6.97304 0 4 0 0 -6.59723  -7.03302 0 3.72829 0 0 -6.70034  -0.0203309 0 0.0396433 0 0 -0.0128472  0.080316 0 0.232067 0 0 0.115954  0 0 0 0 0 0  
105.086 2.48154 0.0218926 -7.09073 0 4 0 0 -6.71961  -7.16216 0 3.71662 0 0 -6.83693  -0.0273129 0 0.0388518 0 0 -0.0166191  0.0987459 0 0.244533 0 0 0.133932  0 0 0 0 0 0  
105.558 2.49193 0.0220616 -7.12074 0 4 0 0 -6.73546  -7.20279 0 3.72514 0 0 -6.86728  -0.0232958 0 0.0350683 0 0 -0.0151901  0.105339 0 0.239794 0 0 0.147018  0 0 0 0 0 0  
106.029 2.50235 0.0227761 -7.22101 0 4 0 0 -6.75286  -7.30821 0 3.7127 0 0 -6.88234  -0.0323344 0 0.0337018 0 0 -0.018499  0.11953 0 0.253602 0 0 0.147975  0 0 0 0 0 0  
106.5 2.51321 0.0233023 -7.29486 0 4 0 0 -6.63092  -7.3878 0 3.69932 0 0 -6.7668  -0.0251508 0 0.0342591 0 0 -0.0224159  0.118094 0 0.266418 0 0 0.158294  0 0 0 0 0 0  
106.971 2.5244 0.0239588 -7.46655 0 4 0 0 -6.53727  -7.55803 0 3.70237 0 0 -6.66593  -0.0248755 0 0.0383759 0 0 -0.0261311  0.116358 0 0.259252 0 0 0.15479  0 0 0 0 0 0  
107.442 2.53568 0.0240451 -7.57195 0 4 0 0 -6.53633  -7.6429 0 3.70261 0 0 -6.63535  -0.0244106 0 0.0403298 0 0 -0.0211156  0.095365 0 0.257065 0 0 0.120137  0 0 0 0 0 0  
107.914 2.54699 0.0242187 -7.62805 0 4 0 0 -6.46874  -7.68687 0 3.69655 0 0 -6.56393  -0.0243317 0 0.0390226 0 0 -0.0225685  0.0831493 0 0.264429 0 0 0.117756  0 0 0 0 0 0  
108.385 2.55833 0.0233388 -7.52138 0 4 0 0 -6.42779  -7.59105 0 3.70652 0 0 -6.52367  -0.0259453 0 0.0392542 0 0 -0.0296031  0.0956159 0 0.254225 0 0 0.125485  0 0 0 0 0 0  
108.856 2.56908 0.0222509 -7.38421 0 4 0 0 -6.40225  -7.46694 0 3.73005 0 0 -6.51786  -0.0241613 0 0.0361791 0 0 -0.0265345  0.106885 0 0.233767 0 0 0.142145  0 0 0 0 0 0  
109.327 2.57963 0.0227082 -7.24734 0 4 0 0 -6.35866  -7.32958 0 3.72493 0 0 -6.48097  -0.0295779 0 0.0329824 0 0 -0.0301005  0.111817 0 0.24209 0 0 0.152415  0 0 0 0 0 0  
109.799 2.59076 0.0246588 -7.11175 0 4 0 0 -6.41842  -7.19215 0 3.69746 0 0 -6.55354  -0.0345525 0 0.0376623 0 0 -0.0359333  0.114951 0 0.26488 0 0 0.171056  0 0 0 0 0 0  
110.27 2.60257 0.025494 -7.01148 0 4 0 0 -6.43935  -7.09175 0 3.68595 0 0 -6.57426  -0.0342725 0 0.0417644 0 0 -0.0344571  0.11455 0 0.272282 0 0 0.169366  0 0 0 0 0 0  
110.741 2.61446 0.0247887 -6.91174 0 4 0 0 -6.3511  -6.99489 0 3.68978 0 0 -6.48976  -0.0354262 0 0.0407194 0 0 -0.0353969  0.118575 0 0.269505 0 0 0.174051  0 0 0 0 0 0  
111.212 2.62611 0.0243967 -6.89304 0 4 0 0 -6.41563  -6.96888 0 3.69619 0 0 -6.53936  -0.0410298 0 0.0405784 0 0 -0.033761  0.116873 0 0.263229 0 0 0.157485  0 0 0 0 0 0  
111.684 2.63735 0.0231947 -7.0227 0 4 0 0 -6.40096  -7.08756 0 3.70619 0 0 -6.50883  -0.0375692 0 0.0402544 0 0 -0.028234  0.102434 0 0.253556 0 0 0.136101  0 0 0 0 0 0  
112.155 2.6483 0.0229808 -7.14925 0 4 0 0 -6.40978  -7.21486 0 3.69729 0 0 -6.50689  -0.0398921 0 0.0379667 0 0 -0.0263314  0.105498 0 0.264745 0 0 0.123438  0 0 0 0 0 0  
112.626 2.65875 0.021038 -7.27799 0 4 0 0 -6.57415  -7.3331 0 3.72957 0 0 -6.65399  -0.0310147 0 0.0355961 0 0 -0.0200358  0.086125 0 0.234831 0 0 0.0998758  0 0 0 0 0 0  
113.097 2.66838 0.0195442 -7.37402 0 4 0 0 -6.6748  -7.42392 0 3.7548 0 0 -6.75527  -0.0341367 0 0.0328133 0 0 -0.0183672  0.0840394 0 0.212387 0 0 0.0988316  0 0 0 0 0 0  
113.569 2.67755 0.0189247 -7.46683 0 4 0 0 -6.74648  -7.51925 0 3.77418 0 0 -6.81812  -0.0320536 0 0.0270046 0 0 -0.0178514  0.0844673 0 0.198816 0 0 0.0894895  0 0 0 0 0 0  
114.04 2.68644 0.0186574 -7.55862 0 4 0 0 -6.77142  -7.60377 0 3.77704 0 0 -6.8409  -0.0304795 0 0.0274318 0 0 -0.0193488  0.0756224 0 0.195532 0 0 0.088838  0 0 0 0 0 0  
114.511 2.69529 0.0182894 -7.69272 0 4 0 0 -6.87994  -7.73639 0 3.78558 0 0 -6.94741  -0.0304937 0 0.0254881 0 0 -0.0216028  0.0741688 0 0.18893 0 0 0.0890649  0 0 0 0 0 0  
114.982 2.7039 0.0184839 -7.75604 0 4 0 0 -6.85061  -7.80115 0 3.78794 0 0 -6.91838  -0.0269697 0 0.0252702 0 0 -0.0185803  0.0720808 0 0.18679 0 0 0.0863539  0 0 0 0 0 0  
115.454 2.71261 0.0182596 -7.79023 0 4 0 0 -6.9357  -7.84313 0 3.78845 0 0 -7.00303  -0.024309 0 0.0261796 0 0 -0.0191867  0.0772067 0 0.185367 0 0 0.0865171  0 0 0 0 0 0  
115.925 2.72115 0.018468 -7.84296 0 4 0 0 -6.92214  -7.90441 0 3.78966 0 0 -6.99463  -0.0231072 0 0.0283588 0 0 -0.019845  0.0845574 0 0.181984 0 0 0.0923311  0 0 0 0 0 0  
116.396 2.72971 0.0178488 -8.0144 0 4 0 0 -7.01188  -8.08393 0 3.79341 0 0 -7.09163  -0.0192572 0 0.0271629 0 0 -0.0200993  0.0887883 0 0.179431 0 0 0.099853  0 0 0 0 0 0  
116.867 2.73826 0.0183188 -8.06957 0 4 0 0 -7.09348  -8.13102 0 3.78757 0 0 -7.16778  -0.0227394 0 0.030934 0 0 -0.0174672  0.0841897 0 0.181501 0 0 0.0917662  0 0 0 0 0 0  
117.338 2.74697 0.0186679 -8.04063 0 4 0 0 -7.10485  -8.10938 0 3.77993 0 0 -7.18097  -0.0209009 0 0.0308247 0 0 -0.0191866  0.0896483 0 0.189248 0 0 0.0953028  0 0 0 0 0 0  
117.81 2.75575 0.0186403 -7.97423 0 4 0 0 -7.13464  -8.03908 0 3.77664 0 0 -7.21518  -0.0194573 0 0.0315545 0 0 -0.0188752  0.0843101 0 0.191805 0 0 0.0994122  0 0 0 0 0 0  
118.281 2.76428 0.0173643 -7.84272 0 4 0 0 -7.16972  -7.9045 0 3.80129 0 0 -7.24973  -0.0132766 0 0.0286492 0 0 -0.0174258  0.0750616 0 0.170065 0 0 0.0974435  0 0 0 0 0 0  
118.752 2.77243 0.0169827 -7.76019 0 4 0 0 -7.07669  -7.81859 0 3.80668 0 0 -7.15411  -0.0118055 0 0.0282084 0 0 -0.013688  0.0702047 0 0.165115 0 0 0.0911054  0 0 0 0 0 0  
119.223 2.7809 0.0186247 -7.74067 0 4 0 0 -7.17042  -7.80469 0 3.79237 0 0 -7.26078  -0.0104421 0 0.030218 0 0 -0.0115477  0.0744696 0 0.177408 0 0 0.101905  0 0 0 0 0 0  
119.695 2.79018 0.0200624 -7.74 0 4 0 0 -7.24546  -7.79454 0 3.77542 0 0 -7.32654  -0.0141197 0 0.0357734 0 0 -0.0123925  0.0686513 0 0.188806 0 0 0.093469  0 0 0 0 0 0  
120.166 2.7999 0.020297 -7.60977 0 4 0 0 -7.35959  -7.66626 0 3.77569 0 0 -7.44512  -0.014724 0 0.0368873 0 0 -0.0077232  0.0712093 0 0.187425 0 0 0.093252  0 0 0 0 0 0  
120.637 2.80965 0.0206949 -7.42432 0 4 0 0 -7.4451  -7.47068 0 3.75422 0 0 -7.52971  -0.00909421 0 0.0379282 0 0 -0.00388016  0.0554521 0 0.207847 0 0 0.0884929  0 0 0 0 0 0  
121.108 2.81946 0.0209971 -7.29572 0 4 0 0 -7.54252  -7.34231 0 3.75485 0 0 -7.63316  -0.0127905 0 0.0361648 0 0 0.000449404  0.0593726 0 0.208982 0 0 0.0901903  0 0 0 0 0 0  
121.58 2.82941 0.0213826 -7.30497 0 4 0 0 -7.64161  -7.34032 0 3.73739 0 0 -7.71523  -0.0150964 0 0.0345392 0 0 -0.00291267  0.0504498 0 0.228067 0 0 0.0765337  0 0 0 0 0 0  
122.051 2.83925 0.0206482 -7.36607 0 4 0 0 -7.66983  -7.39927 0 3.74542 0 0 -7.72712  -0.0191277 0 0.0300599 0 0 -0.0105514  0.0523296 0 0.224515 0 0 0.0678436  0 0 0 0 0 0  
122.522 2.84918 0.0213414 -7.51601 0 4 0 0 -7.72808  -7.56387 0 3.73672 0 0 -7.80601  -0.0200321 0 0.0348569 0 0 -0.0144554  0.0678889 0 0.228419 0 0 0.0923928  0 0 0 0 0 0  
122.993 2.85922 0.0212788 -7.4649 0 4 0 0 -7.74741  -7.5222 0 3.73127 0 0 -7.83662  -0.0255833 0 0.0368107 0 0 -0.0122982  0.0828854 0 0.231922 0 0 0.101512  0 0 0 0 0 0  
123.465 2.86918 0.0212745 -7.33178 0 4 0 0 -7.70925  -7.39254 0 3.72185 0 0 -7.81323  -0.0234507 0 0.0351192 0 0 -0.0193536  0.0842071 0 0.243033 0 0 0.123341  0 0 0 0 0 0  
123.936 2.87942 0.0220822 -7.29787 0 4 0 0 -7.67067  -7.36012 0 3.72489 0 0 -7.77325  -0.0226341 0 0.0363396 0 0 -0.0215303  0.084884 0 0.238774 0 0 0.124109  0 0 0 0 0 0  
124.407 2.89027 0.0239362 -7.35152 0 4 0 0 -7.70993  -7.41281 0 3.70285 0 0 -7.81793  -0.0220892 0 0.0376509 0 0 -0.0194051  0.0833863 0 0.2595 0 0 0.127413  0 0 0 0 0 0  
124.878 2.90185 0.0249874 -7.34212 0 4 0 0 -7.81253  -7.41896 0 3.68585 0 0 -7.93227  -0.0268852 0 0.0403342 0 0 -0.0211351  0.103722 0 0.273811 0 0 0.140874  0 0 0 0 0 0  
125.35 2.91375 0.0256876 -7.25942 0 4 0 0 -7.77755  -7.33338 0 3.68265 0 0 -7.89136  -0.0285496 0 0.0439759 0 0 -0.0168363  0.102508 0 0.27337 0 0 0.130646  0 0 0 0 0 0  
125.821 2.92569 0.0259299 -7.10325 0 4 0 0 -7.54779  -7.16849 0 3.68265 0 0 -7.64714  -0.0239862 0 0.0451968 0 0 -0.0180978  0.08922 0 0.272149 0 0 0.117443  0 0 0 0 0 0  
126.292 2.93794 0.0265168 -6.84572 0 4 0 0 -7.3804  -6.92635 0 3.67215 0 0 -7.48405  -0.0249615 0 0.0467899 0 0 -0.0180916  0.105595 0 0.281063 0 0 0.121743  0 0 0 0 0 0  
126.763 2.95062 0.0268052 -6.83838 0 4 0 0 -7.15798  -6.91529 0 3.66195 0 0 -7.27783  -0.0253938 0 0.0473073 0 0 -0.0227217  0.102304 0 0.29074 0 0 0.14257  0 0 0 0 0 0  
127.235 2.96341 0.0272309 -6.94675 0 4 0 0 -7.00564  -7.02765 0 3.65446 0 0 -7.12053  -0.0242936 0 0.0468051 0 0 -0.0175125  0.105185 0 0.298737 0 0 0.132407  0 0 0 0 0 0  
127.706 2.97569 0.0255088 -6.9925 0 4 0 0 -6.97273  -7.06745 0 3.67293 0 0 -7.08474  -0.0312227 0 0.0435656 0 0 -0.0222109  0.106168 0 0.283501 0 0 0.134229  0 0 0 0 0 0  
128.177 2.98762 0.0251234 -7.07087 0 4 0 0 -6.97635  -7.13728 0 3.67646 0 0 -7.07937  -0.0326081 0 0.042206 0 0 -0.0220498  0.0990188 0 0.281337 0 0 0.125069  0 0 0 0 0 0  
128.648 2.99941 0.0247668 -7.04661 0 4 0 0 -7.02323  -7.09651 0 3.6844 0 0 -7.11566  -0.0296637 0 0.0428505 0 0 -0.0164362  0.07956 0 0.272752 0 0 0.108863  0 0 0 0 0 0  
129.119 3.01117 0.025101 -6.97398 0 4 0 0 -6.83982  -7.02422 0 3.68306 0 0 -6.94262  -0.0314549 0 0.0443102 0 0 -0.0149786  0.0816936 0 0.272631 0 0 0.117777  0 0 0 0 0 0  
129.591 3.02291 0.0246176 -6.74554 0 4 0 0 -6.72088  -6.80562 0 3.6772 0 0 -6.84183  -0.0377447 0 0.042222 0 0 -0.0240543  0.0978184 0 0.280577 0 0 0.145003  0 0 0 0 0 0  
130.062 3.03487 0.0259222 -6.67966 0 4 0 0 -6.65623  -6.74419 0 3.67371 0 0 -6.79074  -0.0408485 0 0.046727 0 0 -0.0243254  0.105384 0 0.279561 0 0 0.158836  0 0 0 0 0 0  
130.533 3.04708 0.026074 -6.59963 0 4 0 0 -6.50923  -6.68565 0 3.67065 0 0 -6.66708  -0.0434832 0 0.0442849 0 0 -0.027534  0.129505 0 0.285062 0 0 0.185383  0 0 0 0 0 0  
131.004 3.05937 0.0259703 -6.47184 0 4 0 0 -6.4598  -6.55587 0 3.67121 0 0 -6.60995  -0.0391475 0 0.0454952 0 0 -0.0241441  0.123178 0 0.283294 0 0 0.174296  0 0 0 0 0 0  
131.476 3.07165 0.0263396 -6.48652 0 4 0 0 -6.45027  -6.5642 0 3.66512 0 0 -6.5958  -0.0469346 0 0.0462059 0 0 -0.0326504  0.124618 0 0.288674 0 0 0.178182  0 0 0 0 0 0  
131.947 3.08409 0.0261132 -6.62654 0 4 0 0 -6.50834  -6.71368 0 3.68051 0 0 -6.65335  -0.0450005 0 0.0468301 0 0 -0.0291807  0.132142 0 0.272659 0 0 0.174189  0 0 0 0 0 0  
132.418 3.0961 0.0250821 -6.74844 0 4 0 0 -6.54652  -6.84458 0 3.6843 0 0 -6.69424  -0.0459111 0 0.0426206 0 0 -0.0344418  0.142052 0 0.27308 0 0 0.182169  0 0 0 0 0 0  
132.889 3.10794 0.0253586 -6.88714 0 4 0 0 -6.68144  -6.98612 0 3.68523 0 0 -6.82072  -0.0363898 0 0.043081 0 0 -0.025734  0.135377 0 0.271692 0 0 0.165011  0 0 0 0 0 0  
133.361 3.11973 0.0251157 -6.96901 0 4 0 0 -6.86652  -7.05588 0 3.6987 0 0 -6.98996  -0.0312959 0 0.04338 0 0 -0.026512  0.118169 0 0.257921 0 0 0.149958  0 0 0 0 0 0  
133.832 3.13143 0.0243834 -7.03979 0 4 0 0 -6.9831  -7.11433 0 3.70892 0 0 -7.08289  -0.0374469 0 0.0456661 0 0 -0.0258634  0.111987 0 0.245417 0 0 0.125653  0 0 0 0 0 0  
134.303 3.14295 0.0242264 -7.13454 0 4 0 0 -6.98322  -7.19785 0 3.71141 0 0 -7.08182  -0.0381747 0 0.0441988 0 0 -0.0285299  0.101483 0 0.24439 0 0 0.127134  0 0 0 0 0 0  
134.774 3.15442 0.0239381 -7.28961 0 4 0 0 -7.11499  -7.35895 0 3.7247 0 0 -7.21143  -0.035416 0 0.0412316 0 0 -0.0291299  0.104759 0 0.234064 0 0 0.125567  0 0 0 0 0 0  
135.246 3.16534 0.0226347 -7.48959 0 4 0 0 -7.23448  -7.54043 0 3.74254 0 0 -7.32001  -0.0344873 0 0.0395134 0 0 -0.0303228  0.0853332 0 0.217946 0 0 0.115851  0 0 0 0 0 0  
135.717 3.17569 0.021625 -7.5737 0 4 0 0 -7.40394  -7.62477 0 3.75597 0 0 -7.49429  -0.0349536 0 0.0386972 0 0 -0.0231861  0.0860244 0 0.205328 0 0 0.113539  0 0 0 0 0 0  
136.188 3.18566 0.0203639 -7.57494 0 4 0 0 -7.53932  -7.62601 0 3.7752 0 0 -7.61489  -0.0205115 0 0.0345615 0 0 -0.015091  0.071581 0 0.190238 0 0 0.0906532  0 0 0 0 0 0  
136.659 3.1951 0.0202519 -7.63474 0 4 0 0 -7.58385  -7.68295 0 3.78028 0 0 -7.65766  -0.0231733 0 0.0323688 0 0 -0.0210466  0.0713828 0 0.187349 0 0 0.0948543  0 0 0 0 0 0  
137.131 3.20448 0.0196088 -7.7997 0 4 0 0 -7.60936  -7.85212 0 3.78935 0 0 -7.68651  -0.0202937 0 0.0321774 0 0 -0.0213688  0.0727144 0 0.178469 0 0 0.0985249  0 0 0 0 0 0  
137.602 3.21361 0.019252 -7.78592 0 4 0 0 -7.4953  -7.84526 0 3.79197 0 0 -7.58225  -0.0184775 0 0.0292849 0 0 -0.02427  0.077821 0 0.178747 0 0 0.11122  0 0 0 0 0 0  
138.073 3.22331 0.0216435 -7.68174 0 4 0 0 -7.40028  -7.7504 0 3.76584 0 0 -7.50647  -0.0188185 0 0.0311904 0 0 -0.023473  0.0874776 0 0.202969 0 0 0.129671  0 0 0 0 0 0  
138.544 3.23339 0.0221585 -7.47653 0 4 0 0 -7.22942  -7.53232 0 3.75089 0 0 -7.33317  -0.0206393 0 0.0369573 0 0 -0.0234731  0.0764248 0 0.212154 0 0 0.127224  0 0 0 0 0 0  
139.015 3.24411 0.0231876 -7.2931 0 4 0 0 -7.12123  -7.34612 0 3.7382 0 0 -7.22287  -0.0278142 0 0.0387554 0 0 -0.0198438  0.0808344 0 0.223048 0 0 0.12148  0 0 0 0 0 0  
139.487 3.25513 0.0235382 -6.94439 0 4 0 0 -6.99268  -7.01318 0 3.71449 0 0 -7.10822  -0.0221311 0 0.0420026 0 0 -0.021007  0.0909163 0 0.243509 0 0 0.136547  0 0 0 0 0 0  
139.958 3.26636 0.0240206 -6.86224 0 4 0 0 -6.93415  -6.94495 0 3.70131 0 0 -7.06819  -0.0276349 0 0.0451167 0 0 -0.0181736  0.110343 0 0.253569 0 0 0.152212  0 0 0 0 0 0  
140.429 3.27737 0.0225774 -6.85263 0 4 0 0 -6.95882  -6.93964 0 3.71114 0 0 -7.08424  -0.0288598 0 0.0466321 0 0 -0.0207981  0.115876 0 0.24223 0 0 0.146224  0 0 0 0 0 0  
140.9 3.28794 0.0225882 -6.85631 0 4 0 0 -6.92019  -6.94682 0 3.71788 0 0 -7.04829  -0.0210823 0 0.0433033 0 0 -0.0128977  0.111595 0 0.238815 0 0 0.140993  0 0 0 0 0 0  
141.372 3.29836 0.0217686 -6.86267 0 4 0 0 -6.94287  -6.94841 0 3.72578 0 0 -7.0563  -0.0215238 0 0.0447549 0 0 -0.0170781  0.10726 0 0.229463 0 0 0.130513  0 0 0 0 0 0  
141.843 3.30851 0.0213043 -6.87562 0 4 0 0 -6.93717  -6.94575 0 3.72966 0 0 -7.03587  -0.0221498 0 0.0435294 0 0 -0.0168903  0.0922864 0 0.226813 0 0 0.115587  0 0 0 0 0 0  
142.314 3.31865 0.0221278 -6.83712 0 4 0 0 -6.93007  -6.90357 0 3.72715 0 0 -7.02766  -0.0225561 0 0.0461533 0 0 -0.0129957  0.0890003 0 0.226696 0 0 0.11059  0 0 0 0 0 0  
142.785 3.32905 0.0221407 -6.78095 0 4 0 0 -7.0182  -6.85097 0 3.72363 0 0 -7.1222  -0.0196681 0 0.0448614 0 0 -0.0137574  0.089689 0 0.231511 0 0 0.117751  0 0 0 0 0 0  
143.257 3.33975 0.0235153 -6.60379 0 4 0 0 -7.04309  -6.68245 0 3.71515 0 0 -7.16347  -0.022218 0 0.0452136 0 0 -0.0155635  0.100879 0 0.239637 0 0 0.135939  0 0 0 0 0 0  
143.728 3.35092 0.0238295 -6.51813 0 4 0 0 -7.05087  -6.59749 0 3.72029 0 0 -7.17214  -0.0291742 0 0.0408318 0 0 -0.0179423  0.108534 0 0.23888 0 0 0.139214  0 0 0 0 0 0  
144.199 3.36228 0.0245257 -6.41255 0 4 0 0 -6.93328  -6.50881 0 3.71115 0 0 -7.06244  -0.0321596 0 0.0404217 0 0 -0.0249934  0.128422 0 0.248425 0 0 0.154158  0 0 0 0 0 0  
144.67 3.3742 0.0262683 -6.34685 0 4 0 0 -6.83534  -6.4615 0 3.6742 0 0 -7.00656  -0.0365014 0 0.0406731 0 0 -0.0287431  0.151155 0 0.285126 0 0 0.199965  0 0 0 0 0 0  
145.142 3.38678 0.0272446 -6.36037 0 4 0 0 -6.80551  -6.48026 0 3.65718 0 0 -6.97786  -0.033186 0 0.0444263 0 0 -0.0270906  0.153079 0 0.298393 0 0 0.199448  0 0 0 0 0 0  
145.613 3.39957 0.0270486 -6.42896 0 4 0 0 -6.75342  -6.55236 0 3.65748 0 0 -6.92941  -0.0357983 0 0.042428 0 0 -0.0204494  0.159193 0 0.300093 0 0 0.196436  0 0 0 0 0 0  
146.084 3.41193 0.0256596 -6.56688 0 4 0 0 -6.73042  -6.68509 0 3.66954 0 0 -6.89315  -0.0359423 0 0.0419295 0 0 -0.0244651  0.154154 0 0.288535 0 0 0.187201  0 0 0 0 0 0  
146.555 3.42425 0.0261639 -6.64966 0 4 0 0 -6.53165  -6.76965 0 3.65558 0 0 -6.71731  -0.0414867 0 0.0403807 0 0 -0.0267069  0.161473 0 0.304034 0 0 0.212364  0 0 0 0 0 0  
147.027 3.43634 0.0255118 -6.65268 0 4 0 0 -6.40326  -6.76479 0 3.66616 0 0 -6.5687  -0.0395923 0 0.0366542 0 0 -0.0286312  0.151697 0 0.297186 0 0 0.194067  0 0 0 0 0 0  
147.498 3.4482 0.0248073 -6.60066 0 4 0 0 -6.27968  -6.71798 0 3.67129 0 0 -6.44607  -0.0437064 0 0.0333096 0 0 -0.037663  0.161019 0 0.295403 0 0 0.204046  0 0 0 0 0 0  
147.969 3.4601 0.0255582 -6.49591 0 4 0 0 -6.09323  -6.62754 0 3.6588 0 0 -6.27361  -0.0446992 0 0.0316268 0 0 -0.0402689  0.176331 0 0.309573 0 0 0.220652  0 0 0 0 0 0  
148.44 3.47256 0.0265978 -6.48057 0 4 0 0 -5.93509  -6.61085 0 3.6502 0 0 -6.11321  -0.0475944 0 0.0355253 0 0 -0.0454771  0.177877 0 0.314274 0 0 0.223589  0 0 0 0 0 0  
148.911 3.48521 0.0272205 -6.52936 0 4 0 0 -5.99876  -6.64759 0 3.64211 0 0 -6.14612  -0.0448649 0 0.0389454 0 0 -0.041814  0.163091 0 0.318942 0 0 0.189179  0 0 0 0 0 0  
149.383 3.49783 0.027195 -6.53094 0 4 0 0 -6.03347  -6.63602 0 3.64133 0 0 -6.17696  -0.0505247 0 0.0383032 0 0 -0.0484354  0.155604 0 0.320369 0 0 0.191922  0 0 0 0 0 0  
149.854 3.51053 0.0267138 -6.48981 0 4 0 0 -6.23435  -6.58352 0 3.65571 0 0 -6.36196  -0.0516625 0 0.0356816 0 0 -0.040623  0.145371 0 0.308609 0 0 0.168233  0 0 0 0 0 0  
150.325 3.52316 0.0263075 -6.62666 0 4 0 0 -6.44991  -6.70986 0 3.67106 0 0 -6.57364  -0.0507118 0 0.0331872 0 0 -0.0446601  0.13391 0 0.295751 0 0 0.168393  0 0 0 0 0 0  
150.796 3.53547 0.0257446 -6.73462 0 4 0 0 -6.6327  -6.81081 0 3.68086 0 0 -6.74464  -0.0450318 0 0.0378376 0 0 -0.0358711  0.121224 0 0.281303 0 0 0.147817  0 0 0 0 0 0  
151.268 3.54758 0.0256579 -6.79632 0 4 0 0 -6.76724  -6.86864 0 3.69264 0 0 -6.87647  -0.0455634 0 0.0386323 0 0 -0.0358052  0.117889 0 0.268731 0 0 0.145037  0 0 0 0 0 0  
151.739 3.55952 0.0254073 -6.79626 0 4 0 0 -6.80719  -6.86381 0 3.70939 0 0 -6.90956  -0.040334 0 0.0381266 0 0 -0.03539  0.107882 0 0.252478 0 0 0.137761  0 0 0 0 0 0  
152.21 3.57154 0.025164 -6.8211 0 4 0 0 -6.86815  -6.88293 0 3.70945 0 0 -6.94807  -0.0393264 0 0.0403512 0 0 -0.0290626  0.101157 0 0.250201 0 0 0.108984  0 0 0 0 0 0  
152.681 3.58327 0.0238695 -6.93924 0 4 0 0 -7.05559  -7.00013 0 3.72189 0 0 -7.12906  -0.0414571 0 0.0382286 0 0 -0.0256578  0.102351 0 0.239883 0 0 0.0991317  0 0 0 0 0 0  
153.153 3.594 0.0221884 -6.95965 0 4 0 0 -7.29149  -7.01836 0 3.73433 0 0 -7.36299  -0.0441409 0 0.0348537 0 0 -0.0260432  0.10285 0 0.230812 0 0 0.0975418  0 0 0 0 0 0  
153.624 3.60399 0.02079 -7.18039 0 4 0 0 -7.55365  -7.22348 0 3.75345 0 0 -7.60175  -0.0331259 0 0.0348199 0 0 -0.0186835  0.0762178 0 0.211734 0 0 0.0667762  0 0 0 0 0 0  
154.095 3.61365 0.0195983 -7.41855 0 4 0 0 -7.67482  -7.45669 0 3.77947 0 0 -7.7151  -0.0259954 0 0.0319291 0 0 -0.0154549  0.0641382 0 0.188605 0 0 0.0557269  0 0 0 0 0 0  
154.566 3.62274 0.0189493 -7.53361 0 4 0 0 -7.65559  -7.56772 0 3.79209 0 0 -7.70407  -0.0296897 0 0.031889 0 0 -0.0143076  0.0638058 0 0.176017 0 0 0.0627919  0 0 0 0 0 0  
155.038 3.63179 0.0196198 -7.52539 0 4 0 0 -7.57448  -7.56755 0 3.79126 0 0 -7.63768  -0.0293278 0 0.0323502 0 0 -0.0158337  0.0714845 0 0.176392 0 0 0.0790361  0 0 0 0 0 0  
155.509 3.64081 0.0189723 -7.50597 0 4 0 0 -7.44697  -7.55498 0 3.80194 0 0 -7.51524  -0.0288684 0 0.0280114 0 0 -0.0198704  0.0778811 0 0.170048 0 0 0.088146  0 0 0 0 0 0  
155.98 3.64983 0.0191257 -7.54425 0 4 0 0 -7.35825  -7.57724 0 3.79797 0 0 -7.41598  -0.0256959 0 0.0304728 0 0 -0.0173562  0.0586799 0 0.171558 0 0 0.0750836  0 0 0 0 0 0  
156.451 3.65877 0.0192236 -7.54866 0 4 0 0 -7.29962  -7.58196 0 3.79103 0 0 -7.35575  -0.0276884 0 0.032824 0 0 -0.0188857  0.0609886 0 0.176142 0 0 0.0750169  0 0 0 0 0 0  
156.923 3.66814 0.0202936 -7.34934 0 4 0 0 -7.22319  -7.37688 0 3.76977 0 0 -7.27945  -0.0212077 0 0.0332767 0 0 -0.0184666  0.0487399 0 0.196955 0 0 0.074728  0 0 0 0 0 0  
157.394 3.67802 0.0216524 -7.28148 0 4 0 0 -7.11307  -7.31126 0 3.75922 0 0 -7.16978  -0.0241715 0 0.0367797 0 0 -0.0185966  0.0539501 0 0.204003 0 0 0.0753084  0 0 0 0 0 0  
157.865 3.68846 0.0225243 -7.16478 0 4 0 0 -7.03046  -7.21043 0 3.74163 0 0 -7.10687  -0.0275294 0 0.0382564 0 0 -0.0178084  0.0731795 0 0.220116 0 0 0.0942245  0 0 0 0 0 0  
158.336 3.69915 0.0228137 -7.15869 0 4 0 0 -6.92742  -7.22298 0 3.72223 0 0 -7.02661  -0.0290203 0 0.0384114 0 0 -0.0208257  0.0933067 0 0.239359 0 0 0.120015  0 0 0 0 0 0  
158.808 3.70985 0.0222186 -7.24804 0 4 0 0 -6.94642  -7.33845 0 3.72911 0 0 -7.06369  -0.0212578 0 0.0352487 0 0 -0.0201726  0.111664 0 0.235645 0 0 0.137435  0 0 0 0 0 0  
159.279 3.72014 0.0217499 -7.29946 0 4 0 0 -7.06522  -7.39619 0 3.73982 0 0 -7.18062  -0.0256112 0 0.0324101 0 0 -0.0235487  0.122341 0 0.227766 0 0 0.138944  0 0 0 0 0 0  
159.75 3.73031 0.0215688 -7.35318 0 4 0 0 -7.23626  -7.44233 0 3.75 0 0 -7.34836  -0.0259133 0 0.034124 0 0 -0.0192825  0.115063 0 0.215881 0 0 0.131381  0 0 0 0 0 0  
160.221 3.74057 0.021499 -7.35622 0 4 0 0 -7.31135  -7.44451 0 3.75356 0 0 -7.41882  -0.0227576 0 0.0346403 0 0 -0.0232989  0.111043 0 0.211799 0 0 0.130774  0 0 0 0 0 0  
160.692 3.75068 0.0212691 -7.38428 0 4 0 0 -7.37434  -7.4739 0 3.75627 0 0 -7.48697  -0.0177175 0 0.0360806 0 0 -0.0236598  0.107331 0 0.207646 0 0 0.136291  0 0 0 0 0 0  
161.164 3.76047 0.0205304 -7.44413 0 4 0 0 -7.4523  -7.52751 0 3.77126 0 0 -7.56452  -0.0166062 0 0.0341203 0 0 -0.0217133  0.0999865 0 0.194617 0 0 0.133941  0 0 0 0 0 0  
161.635 3.77019 0.0207751 -7.43209 0 4 0 0 -7.57907  -7.51537 0 3.76251 0 0 -7.68393  -0.0144194 0 0.0351673 0 0 -0.0177991  0.0977026 0 0.202326 0 0 0.122659  0 0 0 0 0 0  
162.106 3.77997 0.0213382 -7.33846 0 4 0 0 -7.57076  -7.4319 0 3.74323 0 0 -7.6843  -0.0199885 0 0.0372703 0 0 -0.0201874  0.113436 0 0.219496 0 0 0.133727  0 0 0 0 0 0  
162.577 3.79019 0.0219982 -7.11387 0 4 0 0 -7.51382  -7.2168 0 3.73149 0 0 -7.63972  -0.0214942 0 0.0386918 0 0 -0.0191867  0.124428 0 0.229815 0 0 0.145086  0 0 0 0 0 0  
163.049 3.80068 0.0226831 -6.95908 0 4 0 0 -7.48869  -7.08036 0 3.72718 0 0 -7.62646  -0.0212805 0 0.0371687 0 0 -0.0202416  0.142559 0 0.235655 0 0 0.158009  0 0 0 0 0 0  
163.52 3.81214 0.0253125 -6.79684 0 4 0 0 -7.51463  -6.92465 0 3.69893 0 0 -7.66102  -0.0258781 0 0.0402214 0 0 -0.0245135  0.153683 0 0.260849 0 0 0.170912  0 0 0 0 0 0  
163.991 3.82455 0.0269104 -6.51752 0 4 0 0 -7.48867  -6.64969 0 3.66996 0 0 -7.65117  -0.0312875 0 0.0406453 0 0 -0.0363594  0.163458 0 0.289394 0 0 0.198857  0 0 0 0 0 0  
164.462 3.83749 0.0276283 -6.35363 0 4 0 0 -7.45272  -6.49043 0 3.64413 0 0 -7.61458  -0.039814 0 0.0420186 0 0 -0.0395123  0.17661 0 0.313855 0 0 0.201373  0 0 0 0 0 0  
164.934 3.85096 0.0291933 -6.17777 0 4 0 0 -7.37933  -6.2939 0 3.60371 0 0 -7.534  -0.0422408 0 0.0488565 0 0 -0.0376989  0.158371 0 0.347435 0 0 0.192371  0 0 0 0 0 0  
165.405 3.86467 0.029599 -6.29701 0 4 0 0 -7.45194  -6.4044 0 3.60083 0 0 -7.59247  -0.0505863 0 0.0534022 0 0 -0.0478312  0.157971 0 0.345764 0 0 0.188364  0 0 0 0 0 0  
165.876 3.87784 0.027078 -6.27767 0 4 0 0 -7.41377  -6.37171 0 3.63682 0 0 -7.52041  -0.0468415 0 0.048856 0 0 -0.0410746  0.140885 0 0.314319 0 0 0.147719  0 0 0 0 0 0  
166.347 3.89027 0.02533 -6.22527 0 4 0 0 -7.34958  -6.30626 0 3.66798 0 0 -7.45539  -0.0370588 0 0.0442002 0 0 -0.0287212  0.11805 0 0.287817 0 0 0.134536  0 0 0 0 0 0  
166.819 3.90204 0.0242361 -6.19214 0 4 0 0 -7.19836  -6.27954 0 3.69011 0 0 -7.31227  -0.0307988 0 0.0406414 0 0 -0.021381  0.118204 0 0.269246 0 0 0.135284  0 0 0 0 0 0  
167.29 3.91332 0.0241884 -6.09183 0 4 0 0 -6.89964  -6.17432 0 3.69423 0 0 -7.01621  -0.0259547 0 0.0408011 0 0 -0.0154051  0.108452 0 0.264966 0 0 0.131971  0 0 0 0 0 0  
167.761 3.92458 0.0244538 -6.22757 0 4 0 0 -6.81413  -6.31635 0 3.69209 0 0 -6.95232  -0.0242367 0 0.0402747 0 0 -0.0126144  0.113012 0 0.267635 0 0 0.150807  0 0 0 0 0 0  
168.232 3.9362 0.0253599 -6.47405 0 4 0 0 -6.71305  -6.5668 0 3.67135 0 0 -6.88224  -0.0318178 0 0.0381471 0 0 -0.0206969  0.124561 0 0.290508 0 0 0.189887  0 0 0 0 0 0  
168.704 3.94812 0.0255194 -6.57764 0 4 0 0 -6.83639  -6.66545 0 3.66177 0 0 -6.97934  -0.0311928 0 0.0408093 0 0 -0.0190497  0.118994 0 0.297425 0 0 0.162002  0 0 0 0 0 0  
169.175 3.96007 0.0248131 -6.74568 0 4 0 0 -7.00718  -6.82228 0 3.68594 0 0 -7.13593  -0.0262418 0 0.0404654 0 0 -0.0136314  0.102837 0 0.273594 0 0 0.14238  0 0 0 0 0 0  
169.646 3.97163 0.0234651 -6.8594 0 4 0 0 -6.99585  -6.91777 0 3.70522 0 0 -7.1039  -0.0208463 0 0.0400331 0 0 -0.00896498  0.0792172 0 0.25475 0 0 0.117016  0 0 0 0 0 0  
170.117 3.98247 0.022114 -6.91556 0 4 0 0 -7.0448  -6.97311 0 3.7195 0 0 -7.14186  -0.017259 0 0.0388407 0 0 -0.00593856  0.0748118 0 0.241659 0 0 0.103  0 0 0 0 0 0  
170.588 3.99269 0.0212253 -6.97463 0 4 0 0 -7.03729  -7.03236 0 3.72961 0 0 -7.13011  -0.0194462 0 0.0344914 0 0 -0.00726077  0.0771799 0 0.2359 0 0 0.10008  0 0 0 0 0 0  
171.06 4.00295 0.0218748 -6.99511 0 4 0 0 -7.07625  -7.06105 0 3.71888 0 0 -7.18526  -0.0211141 0 0.0387358 0 0 -0.00721291  0.0870505 0 0.242388 0 0 0.116218  0 0 0 0 0 0  
171.531 4.01316 0.0217054 -7.07607 0 4 0 0 -7.01214  -7.14246 0 3.71781 0 0 -7.11754  -0.0136407 0 0.0407516 0 0 -0.00628504  0.0800323 0 0.241442 0 0 0.111684  0 0 0 0 0 0  
172.002 4.02322 0.0212261 -7.09737 0 4 0 0 -6.93665  -7.17293 0 3.73446 0 0 -7.04288  -0.0103002 0 0.0390443 0 0 -0.00672491  0.0858604 0 0.2265 0 0 0.112954  0 0 0 0 0 0  
172.473 4.0333 0.0211998 -7.20739 0 4 0 0 -6.95194  -7.27874 0 3.73295 0 0 -7.05264  -0.0196529 0 0.039797 0 0 -0.0110345  0.0909966 0 0.227251 0 0 0.11173  0 0 0 0 0 0  
172.945 4.0431 0.0207073 -7.16179 0 4 0 0 -6.98274  -7.2377 0 3.73615 0 0 -7.08825  -0.0214681 0 0.0417862 0 0 -0.00786487  0.0973812 0 0.222064 0 0 0.113373  0 0 0 0 0 0  
173.416 4.05253 0.0198011 -7.12478 0 4 0 0 -7.0574  -7.2197 0 3.74189 0 0 -7.17194  -0.0213843 0 0.035507 0 0 -0.0130507  0.116304 0 0.2226 0 0 0.127591  0 0 0 0 0 0  
173.887 4.06203 0.0199586 -7.08176 0 4 0 0 -7.29243  -7.17401 0 3.74129 0 0 -7.40082  -0.0285356 0 0.0376842 0 0 -0.017805  0.120787 0 0.221023 0 0 0.126202  0 0 0 0 0 0  
174.358 4.07135 0.0195348 -7.18802 0 4 0 0 -7.47136  -7.26662 0 3.75715 0 0 -7.57166  -0.0217704 0 0.0358639 0 0 -0.0136785  0.100367 0 0.206983 0 0 0.113982  0 0 0 0 0 0  
174.83 4.08035 0.0187222 -7.38812 0 4 0 0 -7.54468  -7.44573 0 3.78473 0 0 -7.62465  -0.0188892 0 0.0342898 0 0 -0.0151885  0.076502 0 0.18098 0 0 0.0951628  0 0 0 0 0 0  
175.301 4.08915 0.0183893 -7.46648 0 4 0 0 -7.75995  -7.52437 0 3.78981 0 0 -7.83406  -0.018744 0 0.0321302 0 0 -0.0198168  0.0766315 0 0.178061 0 0 0.0939279  0 0 0 0 0 0  
175.772 4.09786 0.0180948 -7.62971 0 4 0 0 -7.91528  -7.68043 0 3.7932 0 0 -7.98548  -0.0201521 0 0.0323704 0 0 -0.0214507  0.0708748 0 0.174431 0 0 0.0916533  0 0 0 0 0 0  
176.243 4.10639 0.0178621 -7.78253 0 4 0 0 -8.01522  -7.83146 0 3.80229 0 0 -8.08062  -0.0188721 0 0.0315223 0 0 -0.0213049  0.0678061 0 0.166186 0 0 0.0867118  0 0 0 0 0 0  
176.715 4.11493 0.0184921 -7.89548 0 4 0 0 -7.90379  -7.96965 0 3.79405 0 0 -7.97827  -0.0140744 0 0.0330565 0 0 -0.0174811  0.088246 0 0.172894 0 0 0.0919655  0 0 0 0 0 0  
177.186 4.12377 0.0192063 -7.97292 0 4 0 0 -7.89758  -8.03342 0 3.78748 0 0 -7.96956  -0.0171407 0 0.0333544 0 0 -0.0171798  0.0776396 0 0.179164 0 0 0.0891578  0 0 0 0 0 0  
177.657 4.13299 0.0193468 -8.04176 0 4 0 0 -7.8774  -8.09908 0 3.78052 0 0 -7.94541  -0.0159191 0 0.0317741 0 0 -0.0203905  0.0732396 0 0.187703 0 0 0.0883974  0 0 0 0 0 0  
178.128 4.14173 0.0176847 -7.91028 0 4 0 0 -7.84993  -7.95263 0 3.78521 0 0 -7.90623  -0.0189037 0 0.0312409 0 0 -0.0217008  0.0612628 0 0.183546 0 0 0.0779963  0 0 0 0 0 0  
178.6 4.15002 0.0171284 -7.85583 0 4 0 0 -7.92256  -7.90844 0 3.7802 0 0 -7.98519  -0.0168903 0 0.0301415 0 0 -0.0221291  0.0695033 0 0.189655 0 0 0.0847555  0 0 0 0 0 0  
179.071 4.15773 0.0161034 -7.81507 0 4 0 0 -8.12861  -7.8654 0 3.79716 0 0 -8.18365  -0.0183461 0 0.0284073 0 0 -0.0217501  0.0686715 0 0.174432 0 0 0.0767929  0 0 0 0 0 0  
179.542 4.16519 0.0155551 -7.95236 0 4 0 0 -8.28405  -8.00211 0 3.80244 0 0 -8.33369  -0.0152357 0 0.0277088 0 0 -0.0203165  0.0649841 0 0.169853 0 0 0.0699595  0 0 0 0 0 0  
180.013 4.17267 0.0161559 -8.01587 0 4 0 0 -8.4836  -8.06846 0 3.80439 0 0 -8.5417  -0.0107248 0 0.0280413 0 0 -0.0186108  0.0633222 0 0.167571 0 0 0.0767079  0 0 0 0 0 0  
180.484 4.18017 0.0158147 -8.03817 0 4 0 0 -8.56348  -8.08706 0 3.80772 0 0 -8.61769  -0.00885738 0 0.0271613 0 0 -0.0154771  0.0577533 0 0.165114 0 0 0.0696854  0 0 0 0 0 0  
180.956 4.18761 0.0156897 -8.04558 0 4 0 0 -8.53014  -8.09312 0 3.80949 0 0 -8.58194  -0.0107361 0 0.0265892 0 0 -0.0151746  0.0582843 0 0.163917 0 0 0.0669803  0 0 0 0 0 0  
181.427 4.19504 0.0155687 -8.09219 0 4 0 0 -8.45439  -8.14468 0 3.81323 0 0 -8.512  -0.0126802 0 0.0263774 0 0 -0.0102602  0.0651643 0 0.160391 0 0 0.0678703  0 0 0 0 0 0  
181.898 4.20258 0.0163763 -8.06249 0 4 0 0 -8.36832  -8.11708 0 3.80906 0 0 -8.42807  -0.00940259 0 0.0302334 0 0 -0.00680657  0.0639886 0 0.160708 0 0 0.0665587  0 0 0 0 0 0  
182.369 4.21036 0.0167039 -7.92527 0 4 0 0 -8.08345  -7.9844 0 3.80135 0 0 -8.14456  -0.0128235 0 0.0297771 0 0 -0.00771688  0.071954 0 0.168868 0 0 0.0688292  0 0 0 0 0 0  
182.841 4.21833 0.0170109 -7.899 0 4 0 0 -7.86238  -7.9566 0 3.79748 0 0 -7.93239  -0.0129583 0 0.0331793 0 0 -0.00784583  0.0705521 0 0.169343 0 0 0.0778463  0 0 0 0 0 0  
183.312 4.22629 0.0165013 -7.93929 0 4 0 0 -7.77856  -7.99134 0 3.80498 0 0 -7.85098  -0.0172894 0 0.032224 0 0 -0.00981454  0.0693371 0 0.162798 0 0 0.0822373  0 0 0 0 0 0  
183.783 4.23395 0.0161664 -7.95753 0 4 0 0 -7.70335  -8.01052 0 3.81372 0 0 -7.7804  -0.0153662 0 0.0282448 0 0 -0.00970052  0.068358 0 0.158031 0 0 0.0867599  0 0 0 0 0 0  
184.254 4.24139 0.0157924 -7.867 0 4 0 0 -7.67614  -7.91567 0 3.81109 0 0 -7.74678  -0.0131019 0 0.0289774 0 0 -0.0109419  0.0617813 0 0.15993 0 0 0.0815868  0 0 0 0 0 0  
184.726 4.2487 0.0152747 -7.90468 0 4 0 0 -7.75775  -7.94303 0 3.81889 0 0 -7.82142  -0.0196977 0 0.0281361 0 0 -0.00782368  0.0580514 0 0.152971 0 0 0.0714912  0 0 0 0 0 0  
185.197 4.25604 0.0157667 -7.88054 0 4 0 0 -7.84611  -7.92208 0 3.81245 0 0 -7.90931  -0.0170919 0 0.0279712 0 0 -0.00693658  0.0586356 0 0.159579 0 0 0.0701368  0 0 0 0 0 0  
185.668 4.26353 0.0161626 -7.87262 0 4 0 0 -7.79598  -7.91851 0 3.80572 0 0 -7.85844  -0.0182393 0 0.0303272 0 0 -0.00810308  0.0641371 0 0.163955 0 0 0.0705566  0 0 0 0 0 0  
186.139 4.2713 0.0168048 -7.87368 0 4 0 0 -7.76727  -7.91787 0 3.79987 0 0 -7.82122  -0.0138152 0 0.0347485 0 0 -0.00821912  0.0580101 0 0.165385 0 0 0.0621741  0 0 0 0 0 0  
186.611 4.27943 0.0177046 -7.79293 0 4 0 0 -7.75028  -7.83345 0 3.78469 0 0 -7.80223  -0.0142023 0 0.0363297 0 0 -0.00620998  0.0547187 0 0.178979 0 0 0.0581544  0 0 0 0 0 0  
187.082 4.2884 0.0199563 -7.67584 0 4 0 0 -7.57037  -7.73758 0 3.74959 0 0 -7.63265  -0.0160257 0 0.0422804 0 0 -0.0115196  0.0777682 0 0.208134 0 0 0.0738018  0 0 0 0 0 0  
187.553 4.2979 0.0206907 -7.52911 0 4 0 0 -7.36422  -7.60026 0 3.74309 0 0 -7.43575  -0.0148094 0 0.0425449 0 0 -0.00408201  0.0859594 0 0.214368 0 0 0.0756197  0 0 0 0 0 0  
188.024 4.30782 0.021688 -7.45546 0 4 0 0 -7.2868  -7.54332 0 3.72284 0 0 -7.37247  -0.0212959 0 0.0469185 0 0 -0.00871995  0.109156 0 0.230239 0 0 0.094389  0 0 0 0 0 0  
188.496 4.3182 0.0218164 -7.32311 0 4 0 0 -7.23987  -7.40021 0 3.70052 0 0 -7.33011  -0.029026 0 0.0496689 0 0 -0.0140694  0.106124 0 0.249807 0 0 0.104312  0 0 0 0 0 0  
188.967 4.32829 0.0211009 -7.23986 0 4 0 0 -7.22756  -7.3024 0 3.72186 0 0 -7.31324  -0.0276582 0 0.0459968 0 0 -0.0191967  0.0901983 0 0.232139 0 0 0.104879  0 0 0 0 0 0  
189.438 4.33808 0.020146 -7.24847 0 4 0 0 -7.42977  -7.29846 0 3.73767 0 0 -7.50715  -0.0294739 0 0.0405152 0 0 -0.0154925  0.0794617 0 0.221814 0 0 0.0928674  0 0 0 0 0 0  
189.909 4.34743 0.0197592 -7.26822 0 4 0 0 -7.57001  -7.30573 0 3.75087 0 0 -7.64277  -0.0298746 0 0.0395898 0 0 -0.0103625  0.0673921 0 0.209544 0 0 0.083129  0 0 0 0 0 0  
190.381 4.35649 0.0180665 -7.31372 0 4 0 0 -7.6766  -7.3577 0 3.77889 0 0 -7.74759  -0.0209344 0 0.0362764 0 0 -0.00564618  0.0649185 0 0.184837 0 0 0.0766324  0 0 0 0 0 0  
190.852 4.365 0.0180817 -7.38364 0 4 0 0 -7.66328  -7.44216 0 3.78626 0 0 -7.73729  -0.0218125 0 0.0343197 0 0 -0.00562636  0.0803253 0 0.179425 0 0 0.0796364  0 0 0 0 0 0  
191.323 4.37361 0.0186735 -7.55737 0 4 0 0 -7.72986  -7.60287 0 3.77802 0 0 -7.79924  -0.0246822 0 0.034615 0 0 -0.0123274  0.0701884 0 0.187369 0 0 0.0817025  0 0 0 0 0 0  
191.794 4.38261 0.0194263 -7.73407 0 4 0 0 -7.70817  -7.76861 0 3.7704 0 0 -7.77837  -0.033015 0 0.0346083 0 0 -0.0176513  0.0675586 0 0.194987 0 0 0.0878467  0 0 0 0 0 0  
192.265 4.39184 0.0195184 -7.77665 0 4 0 0 -7.65872  -7.80539 0 3.77109 0 0 -7.7246  -0.0372797 0 0.0339051 0 0 -0.023811  0.0660206 0 0.195005 0 0 0.0896842  0 0 0 0 0 0  
192.737 4.40104 0.0195288 -7.77416 0 4 0 0 -7.52825  -7.80626 0 3.7667 0 0 -7.59582  -0.0313096 0 0.0372231 0 0 -0.0216541  0.0634081 0 0.196076 0 0 0.0892213  0 0 0 0 0 0  
193.208 4.41018 0.0193747 -7.7952 0 4 0 0 -7.48889  -7.82267 0 3.77378 0 0 -7.55176  -0.0336415 0 0.0357914 0 0 -0.0238084  0.0611128 0 0.190424 0 0 0.0866756  0 0 0 0 0 0  
193.679 4.4192 0.0188714 -7.75709 0 4 0 0 -7.51299  -7.79586 0 3.76943 0 0 -7.57806  -0.0352019 0 0.0350624 0 0 -0.0263425  0.0739723 0 0.19551 0 0 0.0914078  0 0 0 0 0 0  
194.15 4.42825 0.0190233 -7.68227 0 4 0 0 -7.3987  -7.7327 0 3.77279 0 0 -7.47501  -0.0352963 0 0.0329837 0 0 -0.0233924  0.0857198 0 0.194228 0 0 0.0997018  0 0 0 0 0 0  
194.622 4.43709 0.0188045 -7.57918 0 4 0 0 -7.3645  -7.63368 0 3.77346 0 0 -7.44815  -0.0289136 0 0.0308019 0 0 -0.0219054  0.0834126 0 0.195741 0 0 0.10555  0 0 0 0 0 0  
195.093 4.44598 0.0187486 -7.4761 0 4 0 0 -7.36366  -7.54147 0 3.78078 0 0 -7.4622  -0.025596 0 0.0300763 0 0 -0.017641  0.0909725 0 0.189148 0 0 0.116174  0 0 0 0 0 0  
195.564 4.45497 0.0198688 -7.4413 0 4 0 0 -7.44913  -7.50715 0 3.77128 0 0 -7.54444  -0.0214685 0 0.0336661 0 0 -0.0145304  0.0873247 0 0.195055 0 0 0.109839  0 0 0 0 0 0  
196.035 4.46424 0.0194211 -7.53331 0 4 0 0 -7.62052  -7.6056 0 3.77023 0 0 -7.72737  -0.0288158 0 0.0305086 0 0 -0.0166978  0.101103 0 0.199257 0 0 0.123556  0 0 0 0 0 0  
196.507 4.47354 0.0197819 -7.70821 0 4 0 0 -7.77732  -7.77858 0 3.7708 0 0 -7.87933  -0.0282329 0 0.0333357 0 0 -0.0143353  0.0986058 0 0.195862 0 0 0.116345  0 0 0 0 0 0  
196.978 4.483 0.0207642 -7.89922 0 4 0 0 -7.88046  -7.95749 0 3.76269 0 0 -7.98266  -0.032407 0 0.0369879 0 0 -0.020522  0.0906778 0 0.200326 0 0 0.122724  0 0 0 0 0 0  
197.449 4.49282 0.0214454 -8.05221 0 4 0 0 -8.00779  -8.10939 0 3.75071 0 0 -8.10119  -0.0271947 0 0.0377604 0 0 -0.0207567  0.0843707 0 0.211531 0 0 0.114158  0 0 0 0 0 0  
197.92 4.5027 0.0206472 -8.1517 0 4 0 0 -7.9962  -8.20378 0 3.74968 0 0 -8.08262  -0.0231674 0 0.0378364 0 0 -0.0178605  0.0752464 0 0.212484 0 0 0.104281  0 0 0 0 0 0  
198.392 4.51231 0.020209 -8.1807 0 4 0 0 -8.15355  -8.23088 0 3.75114 0 0 -8.23124  -0.0224178 0 0.0351762 0 0 -0.0179942  0.0725907 0 0.213686 0 0 0.0956861  0 0 0 0 0 0  
198.863 4.5219 0.0199939 -8.27542 0 4 0 0 -8.31951  -8.33079 0 3.75807 0 0 -8.40334  -0.0219153 0 0.0313962 0 0 -0.0164211  0.0772865 0 0.210529 0 0 0.100248  0 0 0 0 0 0  
199.334 4.53125 0.0195935 -8.2206 0 4 0 0 -8.35286  -8.28592 0 3.77249 0 0 -8.44617  -0.0196992 0 0.0301731 0 0 -0.0122449  0.085017 0 0.197335 0 0 0.105551  0 0 0 0 0 0  
199.805 4.54032 0.0191596 -8.147 0 4 0 0 -8.2692  -8.20677 0 3.77073 0 0 -8.35596  -0.0165347 0 0.0328726 0 0 -0.0124595  0.0763058 0 0.196401 0 0 0.0992226  0 0 0 0 0 0  
200.277 4.54948 0.0198019 -8.1377 0 4 0 0 -8.12957  -8.20516 0 3.75916 0 0 -8.22705  -0.0200873 0 0.0342624 0 0 -0.0204444  0.0875508 0 0.206574 0 0 0.11792  0 0 0 0 0 0  
200.748 4.55862 0.0199903 -7.99526 0 4 0 0 -7.96358  -8.06474 0 3.75228 0 0 -8.06703  -0.0185978 0 0.0340842 0 0 -0.0258041  0.0880785 0 0.213633 0 0 0.129244  0 0 0 0 0 0  
201.219 4.56784 0.0194516 -7.76323 0 4 0 0 -7.75516  -7.83459 0 3.75567 0 0 -7.85888  -0.0221492 0 0.0340452 0 0 -0.0243407  0.0935066 0 0.210289 0 0 0.128062  0 0 0 0 0 0  
201.69 4.57708 0.0198558 -7.54431 0 4 0 0 -7.57747  -7.61143 0 3.75801 0 0 -7.67816  -0.021709 0 0.0372473 0 0 -0.0173085  0.0888325 0 0.204745 0 0 0.117995  0 0 0 0 0 0  
202.161 4.58637 0.0197462 -7.52216 0 4 0 0 -7.49651  -7.59538 0 3.76434 0 0 -7.60111  -0.0224586 0 0.0327552 0 0 -0.0128522  0.0956731 0 0.202904 0 0 0.117452  0 0 0 0 0 0  
202.633 4.59567 0.0195812 -7.45913 0 4 0 0 -7.45063  -7.52178 0 3.755 0 0 -7.542  -0.0213032 0 0.0359817 0 0 -0.0107843  0.0839572 0 0.209015 0 0 0.102152  0 0 0 0 0 0  
203.104 4.60522 0.0210962 -7.35495 0 4 0 0 -7.37204  -7.4295 0 3.73529 0 0 -7.47157  -0.0223254 0 0.0378271 0 0 -0.013689  0.096868 0 0.226886 0 0 0.113219  0 0 0 0 0 0  
203.575 4.61524 0.0212671 -7.25322 0 4 0 0 -7.29033  -7.31046 0 3.73084 0 0 -7.37986  -0.0175371 0 0.0410809 0 0 -0.015626  0.0747833 0 0.228077 0 0 0.10515  0 0 0 0 0 0  
204.046 4.62527 0.0213438 -7.16963 0 4 0 0 -7.10774  -7.23079 0 3.73123 0 0 -7.19528  -0.0199198 0 0.0433619 0 0 -0.0144879  0.0810789 0 0.225411 0 0 0.102037  0 0 0 0 0 0  
204.518 4.63563 0.0225982 -7.08386 0 4 0 0 -6.99512  -7.16013 0 3.71459 0 0 -7.0944  -0.0232303 0 0.0444951 0 0 -0.0161018  0.0995065 0 0.240915 0 0 0.115381  0 0 0 0 0 0  
204.989 4.64624 0.0225082 -6.82823 0 4 0 0 -6.69916  -6.90909 0 3.72065 0 0 -6.8086  -0.0264253 0 0.0434363 0 0 -0.0132243  0.10729 0 0.235915 0 0 0.122662  0 0 0 0 0 0  
205.46 4.6572 0.0233945 -6.75201 0 4 0 0 -6.53459  -6.84959 0 3.69914 0 0 -6.65716  -0.0265159 0 0.0461949 0 0 -0.0146939  0.124101 0 0.254662 0 0 0.137274  0 0 0 0 0 0  
205.931 4.66815 0.0230967 -6.67146 0 4 0 0 -6.40482  -6.78942 0 3.69655 0 0 -6.54422  -0.0232255 0 0.0433796 0 0 -0.0131372  0.141185 0 0.260068 0 0 0.152536  0 0 0 0 0 0  
206.403 4.67919 0.0229548 -6.63775 0 4 0 0 -6.43614  -6.74684 0 3.69441 0 0 -6.56817  -0.0179043 0 0.0424274 0 0 -0.00833178  0.126994 0 0.263161 0 0 0.140355  0 0 0 0 0 0  
206.874 4.68962 0.0217406 -6.66921 0 4 0 0 -6.48967  -6.76792 0 3.70272 0 0 -6.63196  -0.0175741 0 0.0376907 0 0 -0.0104318  0.116291 0 0.259589 0 0 0.152725  0 0 0 0 0 0  
207.345 4.70013 0.0226707 -6.8459 0 4 0 0 -6.5672  -6.93942 0 3.69715 0 0 -6.70381  -0.0186321 0 0.0390868 0 0 -0.0167387  0.112152 0 0.263764 0 0 0.153346  0 0 0 0 0 0  
207.816 4.71109 0.0231709 -7.03253 0 4 0 0 -6.6937  -7.13233 0 3.6911 0 0 -6.82889  -0.0258754 0 0.0405619 0 0 -0.0194826  0.125673 0 0.268335 0 0 0.154674  0 0 0 0 0 0  
208.288 4.72187 0.0224247 -7.15497 0 4 0 0 -6.84886  -7.24493 0 3.7012 0 0 -6.96969  -0.0285564 0 0.0380923 0 0 -0.0200438  0.118521 0 0.260707 0 0 0.140869  0 0 0 0 0 0  
208.759 4.73242 0.0223433 -7.24903 0 4 0 0 -7.01696  -7.33566 0 3.7095 0 0 -7.12824  -0.030211 0 0.0369702 0 0 -0.0253451  0.11684 0 0.253526 0 0 0.136618  0 0 0 0 0 0  
209.23 4.74299 0.0224173 -7.3356 0 4 0 0 -7.19639  -7.40377 0 3.71307 0 0 -7.2877  -0.0294542 0 0.0423707 0 0 -0.0214181  0.0976309 0 0.244561 0 0 0.112731  0 0 0 0 0 0  
209.701 4.75342 0.0221553 -7.36822 0 4 0 0 -7.34002  -7.413 0 3.72135 0 0 -7.41231  -0.0285901 0 0.0447709 0 0 -0.0223727  0.0733679 0 0.233883 0 0 0.0946694  0 0 0 0 0 0  
210.173 4.76389 0.0224687 -7.39851 0 4 0 0 -7.42346  -7.45072 0 3.72455 0 0 -7.49916  -0.0291725 0 0.0402244 0 0 -0.0225451  0.0813855 0 0.235231 0 0 0.0982451  0 0 0 0 0 0  
210.644 4.77426 0.0213537 -7.36589 0 4 0 0 -7.39621  -7.40348 0 3.74228 0 0 -7.46235  -0.0296689 0 0.0431952 0 0 -0.0210285  0.0672558 0 0.214521 0 0 0.08717  0 0 0 0 0 0  
211.115 4.78472 0.0220753 -7.21222 0 4 0 0 -7.13375  -7.2636 0 3.73226 0 0 -7.21829  -0.0312731 0 0.0433984 0 0 -0.0194341  0.0826489 0 0.224339 0 0 0.103971  0 0 0 0 0 0  
211.586 4.79537 0.0228778 -6.97533 0 4 0 0 -6.86493  -7.02858 0 3.71964 0 0 -6.96071  -0.0289967 0 0.0462626 0 0 -0.0159825  0.0822495 0 0.234101 0 0 0.11176  0 0 0 0 0 0  
212.058 4.80632 0.0233415 -6.80336 0 4 0 0 -6.64879  -6.86226 0 3.70545 0 0 -6.78184  -0.0303181 0 0.0457147 0 0 -0.0109912  0.0892183 0 0.248834 0 0 0.144045  0 0 0 0 0 0  
212.529 4.81738 0.0235669 -6.71084 0 4 0 0 -6.49106  -6.78051 0 3.6843 0 0 -6.63652  -0.0294567 0 0.0461009 0 0 -0.0189567  0.0991289 0 0.269602 0 0 0.164417  0 0 0 0 0 0  
213 4.82831 0.0229165 -6.65499 0 4 0 0 -6.48976  -6.73149 0 3.69507 0 0 -6.62947  -0.0290294 0 0.0426336 0 0 -0.0218614  0.105525 0 0.2623 0 0 0.161569  0 0 0 0 0 0  
213.471 4.83936 0.024113 -6.71055 0 4 0 0 -6.55413  -6.79482 0 3.67674 0 0 -6.69612  -0.0385397 0 0.0436125 0 0 -0.0292879  0.12281 0 0.27965 0 0 0.171284  0 0 0 0 0 0  
213.942 4.85105 0.0250051 -6.63931 0 4 0 0 -6.72802  -6.73543 0 3.65567 0 0 -6.86647  -0.056411 0 0.0399419 0 0 -0.0506916  0.152527 0 0.304391 0 0 0.189142  0 0 0 0 0 0  
214.414 4.86311 0.0258543 -6.69027 0 4 0 0 -6.89525  -6.78437 0 3.66039 0 0 -7.04008  -0.0549541 0 0.0420688 0 0 -0.0453267  0.14905 0 0.297545 0 0 0.19016  0 0 0 0 0 0  
214.885 4.87541 0.0266176 -6.7032 0 4 0 0 -7.00334  -6.79729 0 3.65643 0 0 -7.14649  -0.0508858 0 0.0447817 0 0 -0.043665  0.144975 0 0.298784 0 0 0.186817  0 0 0 0 0 0  
215.356 4.88797 0.0266829 -6.787 0 4 0 0 -7.05772  -6.8638 0 3.67155 0 0 -7.18153  -0.0505592 0 0.0456628 0 0 -0.0372717  0.127363 0 0.282785 0 0 0.161084  0 0 0 0 0 0  
215.827 4.90031 0.0252942 -6.82024 0 4 0 0 -7.04585  -6.89156 0 3.68722 0 0 -7.16606  -0.0450466 0 0.0438049 0 0 -0.0320926  0.116368 0 0.26898 0 0 0.152299  0 0 0 0 0 0  
216.299 4.91172 0.023208 -6.71877 0 4 0 0 -6.9027  -6.77628 0 3.70446 0 0 -7.00386  -0.0359627 0 0.0427549 0 0 -0.0321392  0.0934787 0 0.252781 0 0 0.133308  0 0 0 0 0 0  
216.77 4.92256 0.0228082 -6.68504 0 4 0 0 -6.84367  -6.74559 0 3.71024 0 0 -6.94949  -0.036505 0 0.0404141 0 0 -0.028987  0.0970582 0 0.249351 0 0 0.134805  0 0 0 0 0 0  
217.241 4.93338 0.0231049 -6.58401 0 4 0 0 -6.93038  -6.65125 0 3.70998 0 0 -7.04385  -0.0336778 0 0.0403367 0 0 -0.0241371  0.100917 0 0.249679 0 0 0.13761  0 0 0 0 0 0  
217.712 4.94428 0.022784 -6.66053 0 4 0 0 -6.98561  -6.72009 0 3.7152 0 0 -7.09383  -0.0392786 0 0.0409168 0 0 -0.0251965  0.0988384 0 0.24388 0 0 0.133414  0 0 0 0 0 0  
218.184 4.9548 0.0224771 -6.77381 0 4 0 0 -7.10763  -6.84069 0 3.72321 0 0 -7.22553  -0.0354112 0 0.0384683 0 0 -0.0228246  0.102287 0 0.238317 0 0 0.140733  0 0 0 0 0 0  
218.655 4.96502 0.020883 -6.93396 0 4 0 0 -7.37648  -6.98139 0 3.74742 0 0 -7.46696  -0.0359991 0 0.0363586 0 0 -0.0238771  0.0834309 0 0.216225 0 0 0.114357  0 0 0 0 0 0  
219.126 4.97503 0.0212386 -7.10171 0 4 0 0 -7.48425  -7.15245 0 3.75352 0 0 -7.57458  -0.028313 0 0.0360221 0 0 -0.0208769  0.0790518 0 0.210461 0 0 0.111208  0 0 0 0 0 0  
219.597 4.98453 0.0191952 -7.18971 0 4 0 0 -7.54479  -7.23175 0 3.77908 0 0 -7.62932  -0.0252218 0 0.033226 0 0 -0.0145023  0.0672654 0 0.187692 0 0 0.0990264  0 0 0 0 0 0  
220.069 4.99324 0.017932 -7.26757 0 4 0 0 -7.57929  -7.29543 0 3.79409 0 0 -7.6488  -0.0218211 0 0.0311953 0 0 -0.0121241  0.0496779 0 0.174714 0 0 0.0816358  0 0 0 0 0 0  
220.54 5.00163 0.0176903 -7.37082 0 4 0 0 -7.6082  -7.39099 0 3.79105 0 0 -7.6717  -0.0192392 0 0.0308452 0 0 -0.0114639  0.0394115 0 0.178101 0 0 0.0749559  0 0 0 0 0 0  
