# LF_DEM version v3.0-126-gb72fb1a
# np 1000
# VF 0.76
# Lx 73.993
# Ly 0
# Lz 73.993
# flow_type shear
# data in cl units.
#1: time
#2: cumulated strain
#3: shear rate
#4-9: total stress tensor (xx, xy, xz, yz, yy, zz)
#10-15: contact stress tensor (xx, xy, xz, yz, yy, zz)
#16-21: dashpot stress tensor (xx, xy, xz, yz, yy, zz)
#22-27: hydro stress tensor (xx, xy, xz, yz, yy, zz)
#28-33: repulsion stress tensor (xx, xy, xz, yz, yy, zz)

0.188496 0.000403349 0.00213983 -0.124357 0 0.1 0 0 -0.127834  -0.133599 0 0.0714058 0 0 -0.141439  -0.00478512 0 0.0027215 0 0 -0.00509704  0.0140275 0 0.0258727 0 0 0.0187018  0 0 0 0 0 0  
18.8496 0.0402443 0.00215928 -0.117015 0 0.1 0 0 -0.121298  -0.129565 0 0.0708752 0 0 -0.139494  -0.0051234 0 0.00202665 0 0 -0.00607853  0.0176734 0 0.0270981 0 0 0.0242748  0 0 0 0 0 0  
37.6991 0.0815779 0.0022373 -0.113762 0 0.1 0 0 -0.120151  -0.12655 0 0.0698475 0 0 -0.137526  -0.00569662 0 0.00205048 0 0 -0.00673546  0.0184841 0 0.028102 0 0 0.0241099  0 0 0 0 0 0  
56.5487 0.123757 0.0022373 -0.12279 0 0.1 0 0 -0.123237  -0.133647 0 0.0696032 0 0 -0.139519  -0.00523022 0 0.0021734 0 0 -0.0061248  0.0160872 0 0.0282234 0 0 0.0224066  0 0 0 0 0 0  
75.3982 0.165395 0.00220935 -0.129744 0 0.1 0 0 -0.122785  -0.141123 0 0.0711873 0 0 -0.140057  -0.00388485 0 0.00229693 0 0 -0.00384089  0.0152647 0 0.0265158 0 0 0.0211131  0 0 0 0 0 0  
94.2478 0.20783 0.00232508 -0.132064 0 0.1 0 0 -0.119152  -0.144623 0 0.0698662 0 0 -0.136236  -0.0047026 0 0.00239486 0 0 -0.00466467  0.0172616 0 0.0277389 0 0 0.0217487  0 0 0 0 0 0  
113.097 0.251955 0.00236087 -0.129655 0 0.1 0 0 -0.112257  -0.142597 0 0.0673775 0 0 -0.131639  -0.00526723 0 0.00241812 0 0 -0.00618989  0.018209 0 0.0302044 0 0 0.0255712  0 0 0 0 0 0  
131.947 0.296293 0.00234486 -0.132047 0 0.1 0 0 -0.114307  -0.143944 0 0.0677418 0 0 -0.13154  -0.00540127 0 0.00268918 0 0 -0.00587349  0.0172986 0 0.0295691 0 0 0.0231069  0 0 0 0 0 0  
150.796 0.339941 0.00228702 -0.1374 0 0.1 0 0 -0.125084  -0.14897 0 0.0703369 0 0 -0.141713  -0.00442191 0 0.00207818 0 0 -0.00541017  0.015992 0 0.0275849 0 0 0.0220393  0 0 0 0 0 0  
169.646 0.383519 0.00233342 -0.140754 0 0.1 0 0 -0.13385  -0.151292 0 0.0706649 0 0 -0.149123  -0.00488311 0 0.00219198 0 0 -0.00490503  0.0154214 0 0.0271431 0 0 0.0201784  0 0 0 0 0 0  
188.496 0.427885 0.00238078 -0.137324 0 0.1 0 0 -0.123963  -0.146976 0 0.0689294 0 0 -0.141698  -0.00426216 0 0.00222972 0 0 -0.00521664  0.0139147 0 0.0288409 0 0 0.0229518  0 0 0 0 0 0  
207.345 0.473235 0.002431 -0.129796 0 0.1 0 0 -0.105669  -0.138011 0 0.0664825 0 0 -0.126528  -0.00518771 0 0.00214812 0 0 -0.0063493  0.0134026 0 0.0313694 0 0 0.0272073  0 0 0 0 0 0  
226.195 0.519279 0.00245689 -0.120705 0 0.1 0 0 -0.094294  -0.133836 0 0.0640794 0 0 -0.118482  -0.00632867 0 0.00225973 0 0 -0.00711226  0.0194595 0 0.0336609 0 0 0.0312999  0 0 0 0 0 0  
245.044 0.56581 0.00247528 -0.123657 0 0.1 0 0 -0.0956776  -0.136042 0 0.0642645 0 0 -0.115612  -0.00645575 0 0.00266344 0 0 -0.00643143  0.0188415 0 0.0330721 0 0 0.0263662  0 0 0 0 0 0  
263.894 0.61217 0.00242724 -0.130521 0 0.1 0 0 -0.105051  -0.14088 0 0.0651801 0 0 -0.122575  -0.00549202 0 0.00296875 0 0 -0.00676959  0.0158513 0 0.0318511 0 0 0.0242938  0 0 0 0 0 0  
282.743 0.657938 0.00244067 -0.133316 0 0.1 0 0 -0.10679  -0.142801 0 0.0659656 0 0 -0.124872  -0.005174 0 0.00248778 0 0 -0.00588506  0.0146587 0 0.0315466 0 0 0.0239672  0 0 0 0 0 0  
301.593 0.703643 0.00240027 -0.130237 0 0.1 0 0 -0.103852  -0.140473 0 0.0657305 0 0 -0.12241  -0.00564806 0 0.00238823 0 0 -0.00610907  0.0158838 0 0.0318813 0 0 0.0246676  0 0 0 0 0 0  
320.442 0.749728 0.00246872 -0.124336 0 0.1 0 0 -0.10321  -0.135357 0 0.0659168 0 0 -0.120204  -0.00570069 0 0.00242922 0 0 -0.00612528  0.0167217 0 0.031654 0 0 0.0231186  0 0 0 0 0 0  
339.292 0.796512 0.00251713 -0.11727 0 0.1 0 0 -0.100967  -0.129739 0 0.0641243 0 0 -0.119442  -0.00669191 0 0.00252844 0 0 -0.00912443  0.0191606 0 0.0333473 0 0 0.0275992  0 0 0 0 0 0  
358.142 0.844201 0.00251331 -0.113892 0 0.1 0 0 -0.104619  -0.125842 0 0.0645513 0 0 -0.121846  -0.00631043 0 0.00313756 0 0 -0.00758585  0.0182609 0 0.0323111 0 0 0.0248134  0 0 0 0 0 0  
376.991 0.890505 0.00240329 -0.118764 0 0.1 0 0 -0.109265  -0.131065 0 0.0648773 0 0 -0.126336  -0.0060543 0 0.00261304 0 0 -0.00804027  0.0183549 0 0.0325096 0 0 0.0251116  0 0 0 0 0 0  
395.841 0.935984 0.00239507 -0.127539 0 0.1 0 0 -0.113539  -0.139849 0 0.0673471 0 0 -0.128972  -0.00455221 0 0.00238564 0 0 -0.00691094  0.0168623 0 0.0302672 0 0 0.0223436  0 0 0 0 0 0  
414.69 0.981267 0.00244899 -0.134564 0 0.1 0 0 -0.121508  -0.144347 0 0.0679303 0 0 -0.136262  -0.00412055 0 0.00252301 0 0 -0.00649375  0.0139037 0 0.0295467 0 0 0.0212477  0 0 0 0 0 0  
433.54 1.02793 0.00248975 -0.137301 0 0.1 0 0 -0.125073  -0.144895 0 0.0679072 0 0 -0.138258  -0.00484283 0 0.00310891 0 0 -0.00605949  0.0124365 0 0.0289839 0 0 0.0192442  0 0 0 0 0 0  
452.389 1.07574 0.00252997 -0.136239 0 0.1 0 0 -0.123853  -0.144714 0 0.0680928 0 0 -0.136734  -0.00544333 0 0.00290202 0 0 -0.00582652  0.0139179 0 0.0290051 0 0 0.0187077  0 0 0 0 0 0  
471.239 1.12234 0.00246038 -0.136709 0 0.1 0 0 -0.12547  -0.144456 0 0.0683626 0 0 -0.138754  -0.0057383 0 0.00300022 0 0 -0.00644495  0.013485 0 0.0286372 0 0 0.0197296  0 0 0 0 0 0  
490.088 1.16753 0.0023879 -0.136329 0 0.1 0 0 -0.125426  -0.144213 0 0.0692279 0 0 -0.140128  -0.00479035 0 0.00278181 0 0 -0.00549566  0.0126746 0 0.0279903 0 0 0.0201978  0 0 0 0 0 0  
508.938 1.21204 0.00232522 -0.135084 0 0.1 0 0 -0.121363  -0.142667 0 0.0688898 0 0 -0.136592  -0.0044724 0 0.00277107 0 0 -0.00497454  0.0120557 0 0.0283392 0 0 0.0202033  0 0 0 0 0 0  
527.788 1.25639 0.00238009 -0.129923 0 0.1 0 0 -0.118226  -0.139141 0 0.0679939 0 0 -0.135149  -0.0047189 0 0.00277486 0 0 -0.00369216  0.0139369 0 0.0292312 0 0 0.0206151  0 0 0 0 0 0  
546.637 1.30156 0.00238982 -0.12543 0 0.1 0 0 -0.116432  -0.134165 0 0.0664157 0 0 -0.133524  -0.00513665 0 0.00313432 0 0 -0.00512463  0.013872 0 0.03045 0 0 0.0222165  0 0 0 0 0 0  
565.487 1.34728 0.00243366 -0.129023 0 0.1 0 0 -0.118234  -0.137706 0 0.0667509 0 0 -0.134966  -0.00536357 0 0.00310544 0 0 -0.00539132  0.0140462 0 0.0301437 0 0 0.022124  0 0 0 0 0 0  
584.336 1.39428 0.0025442 -0.127581 0 0.1 0 0 -0.10727  -0.138062 0 0.066072 0 0 -0.128019  -0.0052368 0 0.00284214 0 0 -0.00536539  0.0157171 0 0.0310859 0 0 0.0261141  0 0 0 0 0 0  
603.186 1.44254 0.00256218 -0.123984 0 0.1 0 0 -0.0951202  -0.135801 0 0.0639775 0 0 -0.118058  -0.00561857 0 0.00282336 0 0 -0.0069728  0.0174354 0 0.0331991 0 0 0.0299104  0 0 0 0 0 0  
622.035 1.49033 0.0024952 -0.124675 0 0.1 0 0 -0.091078  -0.13786 0 0.0630232 0 0 -0.115067  -0.00630662 0 0.00195197 0 0 -0.00881803  0.0194915 0 0.0350249 0 0 0.0328074  0 0 0 0 0 0  
640.885 1.53582 0.00235998 -0.133188 0 0.1 0 0 -0.104413  -0.143689 0 0.0670907 0 0 -0.123141  -0.00554962 0 0.00275232 0 0 -0.00633061  0.0160506 0 0.0301569 0 0 0.0250581  0 0 0 0 0 0  
659.734 1.57907 0.00224148 -0.140218 0 0.1 0 0 -0.116015  -0.150525 0 0.0705157 0 0 -0.132534  -0.00423648 0 0.00291839 0 0 -0.00447418  0.0145431 0 0.0265659 0 0 0.0209935  0 0 0 0 0 0  
678.584 1.62125 0.00227031 -0.145904 0 0.1 0 0 -0.118826  -0.155524 0 0.071521 0 0 -0.134325  -0.0034595 0 0.00292251 0 0 -0.0044967  0.0130798 0 0.0255565 0 0 0.0199955  0 0 0 0 0 0  
697.434 1.66511 0.00239823 -0.146874 0 0.1 0 0 -0.11802  -0.156202 0 0.0695923 0 0 -0.134006  -0.00373677 0 0.00273018 0 0 -0.00507746  0.0130646 0 0.0276775 0 0 0.0210639  0 0 0 0 0 0  
716.283 1.71135 0.00250315 -0.14149 0 0.1 0 0 -0.113117  -0.149435 0 0.068253 0 0 -0.128437  -0.00470039 0 0.00293822 0 0 -0.00623961  0.0126452 0 0.0288088 0 0 0.0215597  0 0 0 0 0 0  
735.133 1.75821 0.00244435 -0.134217 0 0.1 0 0 -0.105909  -0.142219 0 0.0670785 0 0 -0.123594  -0.00522715 0 0.00306978 0 0 -0.00670125  0.0132283 0 0.0298517 0 0 0.0243865  0 0 0 0 0 0  
753.982 1.80397 0.00240269 -0.127341 0 0.1 0 0 -0.108906  -0.13787 0 0.0669433 0 0 -0.127442  -0.00523859 0 0.00279261 0 0 -0.00706143  0.0157674 0 0.0302641 0 0 0.025598  0 0 0 0 0 0  
772.832 1.84813 0.00229125 -0.129343 0 0.1 0 0 -0.118542  -0.14086 0 0.068611 0 0 -0.136312  -0.00514261 0 0.00231314 0 0 -0.0056539  0.0166594 0 0.0290758 0 0 0.0234244  0 0 0 0 0 0  
791.681 1.8911 0.00228942 -0.12479 0 0.1 0 0 -0.122903  -0.137992 0 0.0683543 0 0 -0.13975  -0.00495287 0 0.00195589 0 0 -0.00567362  0.0181548 0 0.0296898 0 0 0.0225202  0 0 0 0 0 0  
810.531 1.93507 0.00239501 -0.12252 0 0.1 0 0 -0.119652  -0.136439 0 0.0671991 0 0 -0.137489  -0.00513973 0 0.00177188 0 0 -0.00514467  0.0190584 0 0.031029 0 0 0.0229823  0 0 0 0 0 0  
829.38 1.98042 0.0024022 -0.122794 0 0.1 0 0 -0.106912  -0.137371 0 0.0653982 0 0 -0.126158  -0.00593501 0 0.00187422 0 0 -0.00685611  0.0205119 0 0.0327276 0 0 0.0261021  0 0 0 0 0 0  
848.23 2.02521 0.00233168 -0.121691 0 0.1 0 0 -0.107477  -0.136276 0 0.0648089 0 0 -0.125495  -0.00636558 0 0.00224947 0 0 -0.00692594  0.02095 0 0.0329417 0 0 0.0249446  0 0 0 0 0 0  
867.08 2.07013 0.00239077 -0.119445 0 0.1 0 0 -0.107216  -0.134402 0 0.0650305 0 0 -0.127159  -0.0055791 0 0.00189891 0 0 -0.00652293  0.0205362 0 0.0330706 0 0 0.0264666  0 0 0 0 0 0  
885.929 2.11568 0.00242414 -0.125576 0 0.1 0 0 -0.115822  -0.138202 0 0.0668602 0 0 -0.132192  -0.00596055 0 0.00262924 0 0 -0.00610079  0.0185857 0 0.0305106 0 0 0.0224716  0 0 0 0 0 0  
904.779 2.16026 0.00232488 -0.135529 0 0.1 0 0 -0.125668  -0.144566 0 0.0678938 0 0 -0.138685  -0.0060444 0 0.0029496 0 0 -0.00587235  0.0150814 0 0.0291566 0 0 0.0188896  0 0 0 0 0 0  
923.628 2.2036 0.00228904 -0.138781 0 0.1 0 0 -0.128134  -0.146245 0 0.0693098 0 0 -0.13933  -0.00499053 0 0.0032433 0 0 -0.00534797  0.0124548 0 0.0274469 0 0 0.0165437  0 0 0 0 0 0  
942.478 2.24634 0.00226837 -0.136253 0 0.1 0 0 -0.127717  -0.143728 0 0.0701097 0 0 -0.139425  -0.00509623 0 0.00306038 0 0 -0.00466764  0.0125713 0 0.0268299 0 0 0.0163756  0 0 0 0 0 0  
961.327 2.28929 0.00229847 -0.130056 0 0.1 0 0 -0.119134  -0.140912 0 0.069071 0 0 -0.135018  -0.0054038 0 0.00255567 0 0 -0.00506651  0.0162606 0 0.0283733 0 0 0.0209502  0 0 0 0 0 0  
980.177 2.33269 0.00229565 -0.130154 0 0.1 0 0 -0.120473  -0.141369 0 0.0692674 0 0 -0.135214  -0.00441416 0 0.00270045 0 0 -0.00516758  0.0156291 0 0.0280322 0 0 0.0199079  0 0 0 0 0 0  
999.026 2.3762 0.00232185 -0.132096 0 0.1 0 0 -0.12673  -0.143108 0 0.0695866 0 0 -0.141483  -0.00457907 0 0.00266446 0 0 -0.00554512  0.0155909 0 0.027749 0 0 0.0202983  0 0 0 0 0 0  
1017.88 2.41972 0.00229644 -0.126178 0 0.1 0 0 -0.134507  -0.13759 0 0.0695637 0 0 -0.149705  -0.00416636 0 0.00255467 0 0 -0.00566312  0.0155787 0 0.0278816 0 0 0.0208616  0 0 0 0 0 0  
1036.73 2.46309 0.00233187 -0.129397 0 0.1 0 0 -0.141094  -0.140344 0 0.0697229 0 0 -0.157187  -0.00411808 0 0.00296122 0 0 -0.0046571  0.0150656 0 0.0273159 0 0 0.0207507  0 0 0 0 0 0  
1055.58 2.50835 0.00249696 -0.128597 0 0.1 0 0 -0.131017  -0.140612 0 0.0681014 0 0 -0.15104  -0.00407311 0 0.00273207 0 0 -0.00479973  0.0160879 0 0.0291665 0 0 0.0248234  0 0 0 0 0 0  
1074.42 2.55679 0.00261205 -0.124275 0 0.1 0 0 -0.10951  -0.136758 0 0.0636656 0 0 -0.130498  -0.00664395 0 0.00287744 0 0 -0.00607191  0.0191267 0 0.033457 0 0 0.0270604  0 0 0 0 0 0  
1093.27 2.60523 0.00248261 -0.126243 0 0.1 0 0 -0.0970241  -0.137262 0 0.0641138 0 0 -0.116809  -0.00710763 0 0.00320834 0 0 -0.00606826  0.0181268 0 0.0326779 0 0 0.0258529  0 0 0 0 0 0  
1112.12 2.64951 0.00224872 -0.137639 0 0.1 0 0 -0.107989  -0.146918 0 0.069318 0 0 -0.124541  -0.0057404 0 0.00306827 0 0 -0.00464132  0.0150193 0 0.0276137 0 0 0.0211929  0 0 0 0 0 0  
1130.97 2.69174 0.00225741 -0.140795 0 0.1 0 0 -0.113672  -0.149878 0 0.0710124 0 0 -0.129159  -0.0050423 0 0.00313343 0 0 -0.0040501  0.0141258 0 0.0258542 0 0 0.019537  0 0 0 0 0 0  
1149.82 2.73508 0.00233979 -0.135004 0 0.1 0 0 -0.106754  -0.14449 0 0.0693938 0 0 -0.124462  -0.0044627 0 0.00326952 0 0 -0.00482061  0.0139483 0 0.0273367 0 0 0.0225284  0 0 0 0 0 0  
1168.67 2.77955 0.0023563 -0.13655 0 0.1 0 0 -0.103169  -0.145355 0 0.0678656 0 0 -0.12135  -0.00498287 0 0.00314514 0 0 -0.00642259  0.0137884 0 0.0289893 0 0 0.0246043  0 0 0 0 0 0  
1187.52 2.82303 0.00226895 -0.145603 0 0.1 0 0 -0.10951  -0.153099 0 0.0682209 0 0 -0.126102  -0.00552082 0 0.00321108 0 0 -0.00649507  0.0130167 0 0.028568 0 0 0.0230875  0 0 0 0 0 0  
1206.37 2.86439 0.00217664 -0.159398 0 0.1 0 0 -0.12192  -0.164675 0 0.0702032 0 0 -0.135197  -0.00486466 0 0.00340229 0 0 -0.00543909  0.0101413 0 0.0263945 0 0 0.0187152  0 0 0 0 0 0  
1225.22 2.90436 0.00206596 -0.167528 0 0.1 0 0 -0.131901  -0.1725 0 0.072921 0 0 -0.144847  -0.00460958 0 0.00308565 0 0 -0.00462542  0.00958091 0 0.0239934 0 0 0.0175718  0 0 0 0 0 0  
1244.07 2.9432 0.00204678 -0.167341 0 0.1 0 0 -0.136423  -0.173151 0 0.0738741 0 0 -0.149171  -0.0038313 0 0.00287973 0 0 -0.00440439  0.0096416 0 0.0232462 0 0 0.0171519  0 0 0 0 0 0  
1262.92 2.982 0.00208606 -0.163465 0 0.1 0 0 -0.137554  -0.170295 0 0.0741511 0 0 -0.150156  -0.00359888 0 0.00267396 0 0 -0.0036697  0.0104295 0 0.023175 0 0 0.0162715  0 0 0 0 0 0  
1281.77 3.0225 0.0022241 -0.154074 0 0.1 0 0 -0.134348  -0.164616 0 0.0722162 0 0 -0.148272  -0.00328526 0 0.00251482 0 0 -0.00359919  0.0138273 0 0.0252689 0 0 0.0175231  0 0 0 0 0 0  
1300.62 3.066 0.00237878 -0.139244 0 0.1 0 0 -0.118111  -0.15379 0 0.0692057 0 0 -0.136849  -0.00487768 0 0.00191102 0 0 -0.00453715  0.0194243 0 0.0288833 0 0 0.023275  0 0 0 0 0 0  
1319.47 3.11148 0.00243013 -0.120456 0 0.1 0 0 -0.101617  -0.138403 0 0.0659443 0 0 -0.120789  -0.00611047 0 0.00177426 0 0 -0.00605754  0.0240576 0 0.0322814 0 0 0.02523  0 0 0 0 0 0  
1338.32 3.1572 0.0023969 -0.113499 0 0.1 0 0 -0.0927091  -0.133741 0 0.0635463 0 0 -0.114158  -0.00740508 0 0.0018285 0 0 -0.00782623  0.0276469 0 0.0346252 0 0 0.029275  0 0 0 0 0 0  
1357.17 3.20247 0.00240861 -0.116209 0 0.1 0 0 -0.0937313  -0.135832 0 0.0627413 0 0 -0.114733  -0.0074964 0 0.00185506 0 0 -0.00828489  0.0271189 0 0.0354036 0 0 0.0292864  0 0 0 0 0 0  
1376.02 3.24844 0.00244156 -0.116672 0 0.1 0 0 -0.0960212  -0.133687 0 0.062746 0 0 -0.115485  -0.00753387 0 0.00207142 0 0 -0.00729127  0.0245483 0 0.0351826 0 0 0.0267551  0 0 0 0 0 0  
1394.87 3.29406 0.00241629 -0.120074 0 0.1 0 0 -0.107959  -0.134045 0 0.0652833 0 0 -0.123004  -0.00719652 0 0.00272895 0 0 -0.00699667  0.0211674 0 0.0319877 0 0 0.0220422  0 0 0 0 0 0  
1413.72 3.34006 0.00243584 -0.120049 0 0.1 0 0 -0.113922  -0.132449 0 0.066693 0 0 -0.129774  -0.00654875 0 0.00271735 0 0 -0.0068729  0.0189484 0 0.0305897 0 0 0.0227252  0 0 0 0 0 0  
1432.57 3.38478 0.00231842 -0.124457 0 0.1 0 0 -0.118634  -0.135439 0 0.068996 0 0 -0.133071  -0.0058534 0 0.00273916 0 0 -0.00565258  0.0168349 0 0.0282648 0 0 0.0200896  0 0 0 0 0 0  
1451.42 3.42828 0.00232293 -0.127772 0 0.1 0 0 -0.120049  -0.139006 0 0.068987 0 0 -0.135278  -0.0062493 0 0.00218608 0 0 -0.00660673  0.0174831 0 0.028827 0 0 0.021836  0 0 0 0 0 0  
1470.27 3.47331 0.00243114 -0.125248 0 0.1 0 0 -0.117629  -0.137095 0 0.0684848 0 0 -0.133406  -0.00602581 0 0.00204077 0 0 -0.00652863  0.0178729 0 0.0294744 0 0 0.0223062  0 0 0 0 0 0  
1489.11 3.51985 0.00248027 -0.123128 0 0.1 0 0 -0.112734  -0.134519 0 0.0664365 0 0 -0.128638  -0.00658618 0 0.0026884 0 0 -0.00677671  0.0179773 0 0.0308751 0 0 0.0226804  0 0 0 0 0 0  
1507.96 3.56571 0.00238986 -0.120669 0 0.1 0 0 -0.110572  -0.132646 0 0.0661852 0 0 -0.128635  -0.00593684 0 0.00279576 0 0 -0.00753533  0.0179133 0 0.031019 0 0 0.0255981  0 0 0 0 0 0  
1526.81 3.60907 0.0022426 -0.12979 0 0.1 0 0 -0.121234  -0.140225 0 0.0689847 0 0 -0.136789  -0.00485809 0 0.0028139 0 0 -0.00586799  0.0152928 0 0.0282014 0 0 0.0214238  0 0 0 0 0 0  
1545.66 3.65014 0.00215853 -0.142331 0 0.1 0 0 -0.135484  -0.150515 0 0.0728662 0 0 -0.147765  -0.00369617 0 0.00301538 0 0 -0.00412475  0.0118803 0 0.0241184 0 0 0.0164053  0 0 0 0 0 0  
1564.51 3.69119 0.0021736 -0.145153 0 0.1 0 0 -0.143779  -0.153345 0 0.0726154 0 0 -0.154422  -0.00374452 0 0.00305489 0 0 -0.00473084  0.0119361 0 0.0243297 0 0 0.0153743  0 0 0 0 0 0  
1583.36 3.7319 0.0021368 -0.141588 0 0.1 0 0 -0.148932  -0.151065 0 0.0736991 0 0 -0.160661  -0.0029921 0 0.00281643 0 0 -0.00358175  0.0124692 0 0.0234844 0 0 0.0153107  0 0 0 0 0 0  
1602.21 3.77294 0.00221485 -0.133577 0 0.1 0 0 -0.14957  -0.142879 0 0.0724957 0 0 -0.162594  -0.00319071 0 0.00260838 0 0 -0.00329155  0.0124926 0 0.0248959 0 0 0.0163159  0 0 0 0 0 0  
1621.06 3.81558 0.00226292 -0.123014 0 0.1 0 0 -0.141207  -0.130701 0 0.0710285 0 0 -0.154467  -0.00384687 0 0.00304208 0 0 -0.00344201  0.011534 0 0.0259295 0 0 0.0167014  0 0 0 0 0 0  
1639.91 3.85812 0.0022277 -0.111179 0 0.1 0 0 -0.12212  -0.12277 0 0.0694114 0 0 -0.139913  -0.00485317 0 0.00228288 0 0 -0.00395195  0.0164445 0 0.0283057 0 0 0.0217443  0 0 0 0 0 0  
1658.76 3.89955 0.00218944 -0.106661 0 0.1 0 0 -0.110992  -0.119446 0 0.0671354 0 0 -0.132674  -0.00488426 0 0.00218366 0 0 -0.00624185  0.0176698 0 0.030681 0 0 0.0279243  0 0 0 0 0 0  
1677.61 3.94066 0.00220873 -0.11376 0 0.1 0 0 -0.113052  -0.125471 0 0.067487 0 0 -0.133163  -0.00520029 0 0.00211824 0 0 -0.00653799  0.016912 0 0.0303948 0 0 0.0266483  0 0 0 0 0 0  
1696.46 3.98187 0.00215229 -0.12102 0 0.1 0 0 -0.11692  -0.129904 0 0.0690197 0 0 -0.133835  -0.00518179 0 0.0025417 0 0 -0.00611768  0.0140655 0 0.0284386 0 0 0.0230321  0 0 0 0 0 0  
1715.31 4.02252 0.00216313 -0.121245 0 0.1 0 0 -0.118275  -0.130998 0 0.0698107 0 0 -0.136497  -0.00573858 0 0.00252914 0 0 -0.0060912  0.015492 0 0.0276601 0 0 0.0243132  0 0 0 0 0 0  
1734.16 4.06363 0.00220442 -0.120992 0 0.1 0 0 -0.117953  -0.132577 0 0.0695494 0 0 -0.136511  -0.00533853 0 0.00205194 0 0 -0.00575502  0.016923 0 0.0283986 0 0 0.0243129  0 0 0 0 0 0  
1753.01 4.10572 0.00227446 -0.122254 0 0.1 0 0 -0.114579  -0.13377 0 0.0681653 0 0 -0.132376  -0.00541423 0 0.00230629 0 0 -0.00671769  0.01693 0 0.0295284 0 0 0.0245147  0 0 0 0 0 0  
1771.86 4.14957 0.00239944 -0.121288 0 0.1 0 0 -0.112303  -0.132618 0 0.067359 0 0 -0.130074  -0.00514406 0 0.00246364 0 0 -0.0058751  0.0164744 0 0.0301774 0 0 0.0236467  0 0 0 0 0 0  
1790.71 4.19573 0.00246296 -0.116498 0 0.1 0 0 -0.109995  -0.128179 0 0.0662718 0 0 -0.129741  -0.00603725 0 0.00212343 0 0 -0.00618611  0.0177186 0 0.0316047 0 0 0.0259314  0 0 0 0 0 0  
1809.56 4.24189 0.00238857 -0.110676 0 0.1 0 0 -0.10667  -0.121578 0 0.0652028 0 0 -0.124288  -0.00600109 0 0.002528 0 0 -0.00600474  0.0169036 0 0.0322692 0 0 0.0236226  0 0 0 0 0 0  
1828.41 4.28495 0.00223309 -0.115598 0 0.1 0 0 -0.115122  -0.126921 0 0.0672822 0 0 -0.130488  -0.00538814 0 0.00292684 0 0 -0.00536114  0.0167112 0 0.029791 0 0 0.0207277  0 0 0 0 0 0  
1847.26 4.32709 0.00225761 -0.130012 0 0.1 0 0 -0.130399  -0.141062 0 0.0698781 0 0 -0.144375  -0.00478327 0 0.00249557 0 0 -0.00401119  0.0158332 0 0.0276264 0 0 0.0179869  0 0 0 0 0 0  
1866.11 4.3703 0.00233056 -0.1349 0 0.1 0 0 -0.132834  -0.144506 0 0.069596 0 0 -0.145196  -0.00473622 0 0.00286307 0 0 -0.00462696  0.0143416 0 0.0275409 0 0 0.0169892  0 0 0 0 0 0  
1884.96 4.41452 0.00234261 -0.136434 0 0.1 0 0 -0.125383  -0.14452 0 0.0680283 0 0 -0.137955  -0.00536406 0 0.00288944 0 0 -0.0056705  0.01345 0 0.0290822 0 0 0.0182421  0 0 0 0 0 0  
1903.81 4.45849 0.00233185 -0.13246 0 0.1 0 0 -0.118961  -0.141144 0 0.0683772 0 0 -0.134941  -0.00553325 0 0.00287277 0 0 -0.00541335  0.0142179 0 0.0287501 0 0 0.0213937  0 0 0 0 0 0  
1922.65 4.50294 0.00241997 -0.122838 0 0.1 0 0 -0.111482  -0.133685 0 0.0677454 0 0 -0.130743  -0.00541068 0 0.00253167 0 0 -0.00506088  0.0162573 0 0.0297229 0 0 0.0243219  0 0 0 0 0 0  
1941.5 4.55006 0.00258548 -0.116269 0 0.1 0 0 -0.102587  -0.126942 0 0.0652662 0 0 -0.122866  -0.00572484 0 0.0026472 0 0 -0.00632329  0.0163981 0 0.0320866 0 0 0.0266021  0 0 0 0 0 0  
1960.35 4.599 0.00257795 -0.113233 0 0.1 0 0 -0.0887599  -0.123696 0 0.0627927 0 0 -0.110526  -0.00733564 0 0.00270986 0 0 -0.00696836  0.0177989 0 0.0344975 0 0 0.0287341  0 0 0 0 0 0  
1979.2 4.64631 0.00243831 -0.116861 0 0.1 0 0 -0.0858036  -0.126315 0 0.0637473 0 0 -0.106986  -0.0069388 0 0.00261575 0 0 -0.00825645  0.0163927 0 0.033637 0 0 0.029439  0 0 0 0 0 0  
1998.05 4.69109 0.00232651 -0.128527 0 0.1 0 0 -0.0988707  -0.136358 0 0.066538 0 0 -0.11448  -0.00623186 0 0.00257986 0 0 -0.0073847  0.0140626 0 0.0308822 0 0 0.0229943  0 0 0 0 0 0  
2016.9 4.73488 0.00231085 -0.135045 0 0.1 0 0 -0.108942  -0.143608 0 0.0689956 0 0 -0.123813  -0.00592798 0 0.00278017 0 0 -0.00664402  0.0144912 0 0.0282242 0 0 0.0215156  0 0 0 0 0 0  
2035.75 4.77902 0.00234001 -0.132375 0 0.1 0 0 -0.109676  -0.142129 0 0.0693743 0 0 -0.125268  -0.00510118 0 0.00255361 0 0 -0.00583999  0.0148559 0 0.0280721 0 0 0.0214312  0 0 0 0 0 0  
2054.6 4.82347 0.00238617 -0.120307 0 0.1 0 0 -0.106742  -0.132316 0 0.0683589 0 0 -0.123984  -0.00507584 0 0.00244132 0 0 -0.00578734  0.0170841 0 0.0291998 0 0 0.0230288  0 0 0 0 0 0  
2073.45 4.8688 0.00241726 -0.107846 0 0.1 0 0 -0.0978537  -0.125055 0 0.0645801 0 0 -0.119847  -0.00747248 0 0.0011873 0 0 -0.00845516  0.0246819 0 0.0342326 0 0 0.0304486  0 0 0 0 0 0  
2092.3 4.91413 0.00239875 -0.111962 0 0.1 0 0 -0.105934  -0.126294 0 0.0651014 0 0 -0.123673  -0.007326 0 0.00219328 0 0 -0.0069018  0.0216581 0 0.0327053 0 0 0.0246408  0 0 0 0 0 0  
2111.15 4.95799 0.00224872 -0.122052 0 0.1 0 0 -0.119326  -0.132217 0 0.0682207 0 0 -0.131954  -0.00586591 0 0.00292057 0 0 -0.00584723  0.0160311 0 0.0288588 0 0 0.0184753  0 0 0 0 0 0  
2130 4.99868 0.00206833 -0.128398 0 0.1 0 0 -0.129331  -0.136904 0 0.0712504 0 0 -0.139459  -0.0055351 0 0.00286732 0 0 -0.00443321  0.0140411 0 0.0258823 0 0 0.014561  0 0 0 0 0 0  
2148.85 5.03824 0.00212568 -0.129355 0 0.1 0 0 -0.129179  -0.138291 0 0.0714711 0 0 -0.140879  -0.00489953 0 0.00269646 0 0 -0.00403293  0.0138363 0 0.0258325 0 0 0.0157334  0 0 0 0 0 0  
