# LF_DEM version v3.0-126-gb72fb1a
# np 1000
# VF 0.76
# Lx 73.993
# Ly 0
# Lz 73.993
# flow_type shear
# data in cl units.
#1: time
#2: cumulated strain
#3: shear rate
#4-9: total stress tensor (xx, xy, xz, yz, yy, zz)
#10-15: contact stress tensor (xx, xy, xz, yz, yy, zz)
#16-21: dashpot stress tensor (xx, xy, xz, yz, yy, zz)
#22-27: hydro stress tensor (xx, xy, xz, yz, yy, zz)
#28-33: repulsion stress tensor (xx, xy, xz, yz, yy, zz)

0.00628319 0.000403349 0.064195 -3.7307 0 3 0 0 -3.83503  -4.00797 0 2.14217 0 0 -4.24318  -0.143554 0 0.0816451 0 0 -0.152911  0.420825 0 0.776181 0 0 0.561054  0 0 0 0 0 0  
0.628319 0.0279752 0.0398852 -3.63719 0 3 0 0 -3.86183  -3.8218 0 2.46395 0 0 -4.16414  -0.0864122 0 0.0414185 0 0 -0.0964306  0.271023 0 0.49463 0 0 0.398738  0 0 0 0 0 0  
1.25664 0.0517737 0.036464 -3.8313 0 3 0 0 -4.27652  -3.99288 0 2.51873 0 0 -4.53592  -0.0824972 0 0.0413343 0 0 -0.0905965  0.244077 0 0.43994 0 0 0.349997  0 0 0 0 0 0  
1.88496 0.0739604 0.0341866 -3.88139 0 3 0 0 -4.63635  -4.0506 0 2.54556 0 0 -4.85871  -0.0790138 0 0.0393303 0 0 -0.0776997  0.248228 0 0.415105 0 0 0.300064  0 0 0 0 0 0  
2.51327 0.0947315 0.0323818 -3.91979 0 3 0 0 -4.77006  -4.06662 0 2.56617 0 0 -4.97057  -0.0713035 0 0.0372112 0 0 -0.07017  0.218127 0 0.396616 0 0 0.270676  0 0 0 0 0 0  
3.14159 0.114614 0.0313636 -4.09381 0 3 0 0 -4.87521  -4.21534 0 2.58341 0 0 -5.04305  -0.0513759 0 0.0406801 0 0 -0.0562879  0.172912 0 0.37591 0 0 0.224123  0 0 0 0 0 0  
3.76991 0.134195 0.03111 -4.20899 0 3 0 0 -5.01779  -4.31415 0 2.59832 0 0 -5.17171  -0.0513297 0 0.043417 0 0 -0.0560562  0.156492 0 0.358263 0 0 0.209968  0 0 0 0 0 0  
4.39823 0.153725 0.0302111 -4.3868 0 3 0 0 -5.06365  -4.47191 0 2.62013 0 0 -5.19641  -0.0507279 0 0.0446102 0 0 -0.0488706  0.135832 0 0.335258 0 0 0.181632  0 0 0 0 0 0  
5.02655 0.172475 0.0293556 -4.46774 0 3 0 0 -5.09756  -4.55237 0 2.62924 0 0 -5.23805  -0.0443466 0 0.0419881 0 0 -0.0403592  0.128982 0 0.328774 0 0 0.18085  0 0 0 0 0 0  
5.65487 0.190295 0.0275116 -4.49752 0 3 0 0 -5.2271  -4.57064 0 2.64344 0 0 -5.37258  -0.047386 0 0.0423662 0 0 -0.0393243  0.120502 0 0.314191 0 0 0.184812  0 0 0 0 0 0  
6.28319 0.206885 0.0259452 -4.54015 0 3 0 0 -5.32259  -4.6083 0 2.65916 0 0 -5.45205  -0.0533555 0 0.0435287 0 0 -0.0447814  0.12151 0 0.297311 0 0 0.174246  0 0 0 0 0 0  
6.9115 0.222898 0.0247565 -4.67867 0 3 0 0 -5.37144  -4.74719 0 2.68618 0 0 -5.4889  -0.047725 0 0.0418613 0 0 -0.0345951  0.116245 0 0.271963 0 0 0.15205  0 0 0 0 0 0  
7.53982 0.238353 0.024815 -4.87442 0 3 0 0 -5.43978  -4.95198 0 2.70768 0 0 -5.5609  -0.0366097 0 0.0386596 0 0 -0.0281673  0.114165 0 0.253665 0 0 0.149284  0 0 0 0 0 0  
8.16814 0.253823 0.0247998 -4.9302 0 3 0 0 -5.4423  -5.02624 0 2.71737 0 0 -5.57809  -0.0314303 0 0.0359037 0 0 -0.0320356  0.127463 0 0.246726 0 0 0.167823  0 0 0 0 0 0  
8.79646 0.269802 0.026081 -4.97652 0 3 0 0 -5.27903  -5.06911 0 2.69566 0 0 -5.4243  -0.0330497 0 0.0411433 0 0 -0.0316936  0.125636 0 0.2632 0 0 0.176966  0 0 0 0 0 0  
9.42478 0.286617 0.0273476 -4.92949 0 3 0 0 -5.13423  -5.03815 0 2.66739 0 0 -5.29315  -0.035512 0 0.0461822 0 0 -0.0379484  0.144171 0 0.286433 0 0 0.196867  0 0 0 0 0 0  
10.0531 0.304071 0.0278648 -4.78171 0 3 0 0 -5.04141  -4.91716 0 2.64782 0 0 -5.22699  -0.0376422 0 0.0409854 0 0 -0.0447617  0.17309 0 0.311196 0 0 0.230333  0 0 0 0 0 0  
10.6814 0.321356 0.0274192 -4.80437 0 3 0 0 -4.96106  -4.91803 0 2.66576 0 0 -5.14501  -0.0315912 0 0.0406216 0 0 -0.0342304  0.145251 0 0.29362 0 0 0.218182  0 0 0 0 0 0  
11.3097 0.339066 0.0280036 -4.80589 0 3 0 0 -4.8575  -4.9272 0 2.64006 0 0 -5.03586  -0.0453994 0 0.0362196 0 0 -0.0540905  0.166704 0 0.323716 0 0 0.232451  0 0 0 0 0 0  
11.9381 0.356543 0.0277898 -4.81003 0 3 0 0 -4.85949  -4.91413 0 2.63535 0 0 -5.03291  -0.0496587 0 0.0389901 0 0 -0.0432703  0.15376 0 0.325664 0 0 0.216685  0 0 0 0 0 0  
12.5664 0.37434 0.0282632 -4.88242 0 3 0 0 -4.73194  -4.99932 0 2.62445 0 0 -4.92207  -0.0335339 0 0.0384218 0 0 -0.0348626  0.150432 0 0.337124 0 0 0.224992  0 0 0 0 0 0  
13.1947 0.392547 0.0297342 -4.95194 0 3 0 0 -4.70159  -5.07567 0 2.60377 0 0 -4.89056  -0.0449593 0 0.0437686 0 0 -0.0437567  0.168686 0 0.352462 0 0 0.23273  0 0 0 0 0 0  
13.823 0.411218 0.0300145 -4.93615 0 3 0 0 -4.61818  -5.04334 0 2.61316 0 0 -4.79148  -0.0413356 0 0.0430311 0 0 -0.0372903  0.148525 0 0.343811 0 0 0.210591  0 0 0 0 0 0  
14.4513 0.430473 0.0305955 -4.95032 0 3 0 0 -4.40157  -5.03975 0 2.60111 0 0 -4.57588  -0.0502021 0 0.0427007 0 0 -0.040873  0.139632 0 0.356191 0 0 0.215178  0 0 0 0 0 0  
15.0796 0.449798 0.0305607 -4.9822 0 3 0 0 -4.33045  -5.10491 0 2.59793 0 0 -4.51705  -0.0472808 0 0.0416228 0 0 -0.0464254  0.169991 0 0.360443 0 0 0.233019  0 0 0 0 0 0  
15.708 0.468787 0.0302864 -4.9695 0 3 0 0 -4.28671  -5.11268 0 2.59255 0 0 -4.48505  -0.0550234 0 0.0347329 0 0 -0.0449962  0.198211 0 0.372713 0 0 0.243336  0 0 0 0 0 0  
16.3363 0.48737 0.029901 -4.92912 0 3 0 0 -4.34438  -5.076 0 2.59095 0 0 -4.54098  -0.0505193 0 0.0379767 0 0 -0.0365062  0.197396 0 0.371071 0 0 0.233103  0 0 0 0 0 0  
16.9646 0.50626 0.0295195 -4.94817 0 3 0 0 -4.483  -5.08534 0 2.59991 0 0 -4.66599  -0.0539943 0 0.038576 0 0 -0.0401023  0.191168 0 0.361511 0 0 0.223094  0 0 0 0 0 0  
17.5929 0.524752 0.0291357 -5.02894 0 3 0 0 -4.53292  -5.15448 0 2.61415 0 0 -4.72077  -0.049915 0 0.0398405 0 0 -0.0459192  0.175455 0 0.34601 0 0 0.233768  0 0 0 0 0 0  
18.2212 0.542792 0.0283487 -5.15331 0 3 0 0 -4.6587  -5.25221 0 2.63685 0 0 -4.82478  -0.0430641 0 0.0400501 0 0 -0.0309531  0.141967 0 0.323104 0 0 0.197033  0 0 0 0 0 0  
18.8496 0.560476 0.0283022 -5.27816 0 3 0 0 -4.74656  -5.35054 0 2.64626 0 0 -4.89198  -0.0480253 0 0.0452188 0 0 -0.0345761  0.120404 0 0.308526 0 0 0.179986  0 0 0 0 0 0  
19.4779 0.578456 0.0292198 -5.20099 0 3 0 0 -4.72901  -5.2719 0 2.64008 0 0 -4.86035  -0.0385046 0 0.0486027 0 0 -0.0363398  0.10941 0 0.311316 0 0 0.167677  0 0 0 0 0 0  
20.1062 0.596737 0.0292479 -5.14605 0 3 0 0 -4.70218  -5.20833 0 2.63702 0 0 -4.84178  -0.0331742 0 0.0492928 0 0 -0.041589  0.0954559 0 0.313691 0 0 0.181186  0 0 0 0 0 0  
20.7345 0.615141 0.0291524 -5.13705 0 3 0 0 -4.56714  -5.22136 0 2.61444 0 0 -4.73599  -0.0423948 0 0.0450652 0 0 -0.0440148  0.126703 0 0.340496 0 0 0.212861  0 0 0 0 0 0  
21.3628 0.633066 0.028089 -5.21319 0 3 0 0 -4.67166  -5.28904 0 2.6208 0 0 -4.83945  -0.0464006 0 0.0420941 0 0 -0.0527636  0.122248 0 0.337108 0 0 0.220556  0 0 0 0 0 0  
21.9911 0.650134 0.0260892 -5.41102 0 3 0 0 -4.86949  -5.49155 0 2.65407 0 0 -5.02196  -0.0340344 0 0.0387606 0 0 -0.0451019  0.114567 0 0.307165 0 0 0.197573  0 0 0 0 0 0  
22.6195 0.665861 0.0244794 -5.52513 0 3 0 0 -5.12483  -5.58969 0 2.7 0 0 -5.23249  -0.0246877 0 0.0376437 0 0 -0.0330984  0.0892407 0 0.262356 0 0 0.14076  0 0 0 0 0 0  
23.2478 0.680833 0.0231888 -5.50233 0 3 0 0 -5.30609  -5.56728 0 2.72746 0 0 -5.39796  -0.019452 0 0.0350551 0 0 -0.0316772  0.0844023 0 0.237485 0 0 0.12354  0 0 0 0 0 0  
23.8761 0.695243 0.0225832 -5.3941 0 3 0 0 -5.28214  -5.46144 0 2.74283 0 0 -5.38792  -0.0195473 0 0.0309177 0 0 -0.0303106  0.0868808 0 0.226257 0 0 0.136095  0 0 0 0 0 0  
24.5044 0.709628 0.0235785 -5.34092 0 3 0 0 -5.25496  -5.40675 0 2.72007 0 0 -5.36842  -0.0257544 0 0.0357924 0 0 -0.0324354  0.0915799 0 0.244134 0 0 0.145889  0 0 0 0 0 0  
25.1327 0.724654 0.024133 -5.23731 0 3 0 0 -5.2241  -5.29666 0 2.69826 0 0 -5.34168  -0.0218328 0 0.038708 0 0 -0.0320646  0.0811877 0 0.263031 0 0 0.149646  0 0 0 0 0 0  
25.7611 0.740085 0.0246447 -5.20359 0 3 0 0 -5.28783  -5.26844 0 2.70135 0 0 -5.42044  -0.0240906 0 0.0356022 0 0 -0.0346013  0.0889422 0 0.263045 0 0 0.167221  0 0 0 0 0 0  
26.3894 0.755825 0.025735 -5.15416 0 3 0 0 -5.38283  -5.23034 0 2.68328 0 0 -5.51966  -0.0260486 0 0.0378321 0 0 -0.0302003  0.102232 0 0.278893 0 0 0.167034  0 0 0 0 0 0  
27.0177 0.772243 0.0264275 -5.04151 0 3 0 0 -5.29979  -5.119 0 2.67815 0 0 -5.4339  -0.0205593 0 0.0397421 0 0 -0.0307665  0.0980523 0 0.282111 0 0 0.164879  0 0 0 0 0 0  
27.646 0.78899 0.027626 -4.85556 0 3 0 0 -5.1686  -4.92878 0 2.6574 0 0 -5.3043  -0.0192724 0 0.0458998 0 0 -0.0307657  0.092485 0 0.296695 0 0 0.166466  0 0 0 0 0 0  
28.2743 0.806534 0.0280231 -4.68184 0 3 0 0 -5.04564  -4.75707 0 2.63583 0 0 -5.18555  -0.0341055 0 0.0450379 0 0 -0.0496448  0.109333 0 0.319135 0 0 0.189554  0 0 0 0 0 0  
28.9027 0.823734 0.0269179 -4.57063 0 3 0 0 -5.04391  -4.64141 0 2.63168 0 0 -5.19403  -0.0385247 0 0.0476941 0 0 -0.0455386  0.109314 0 0.320624 0 0 0.195656  0 0 0 0 0 0  
29.531 0.839991 0.025058 -4.48085 0 3 0 0 -5.07497  -4.55279 0 2.66211 0 0 -5.21506  -0.0312551 0 0.039994 0 0 -0.0362624  0.103202 0 0.297892 0 0 0.176346  0 0 0 0 0 0  
30.1593 0.85551 0.0234093 -4.50517 0 3 0 0 -5.16626  -4.57422 0 2.6852 0 0 -5.28153  -0.0259426 0 0.0378098 0 0 -0.0416959  0.0949949 0 0.276993 0 0 0.156957  0 0 0 0 0 0  
30.7876 0.86947 0.022199 -4.74008 0 3 0 0 -5.32895  -4.81692 0 2.7027 0 0 -5.44609  -0.0358089 0 0.0304357 0 0 -0.0524711  0.11265 0 0.26686 0 0 0.169611  0 0 0 0 0 0  
31.4159 0.882763 0.0202798 -5.03774 0 3 0 0 -5.51674  -5.08505 0 2.72974 0 0 -5.59838  -0.0314791 0 0.0320789 0 0 -0.0387811  0.0787941 0 0.238179 0 0 0.120416  0 0 0 0 0 0  
32.0442 0.895045 0.0189454 -5.04688 0 3 0 0 -5.54621  -5.10352 0 2.76614 0 0 -5.62759  -0.0213884 0 0.0313508 0 0 -0.0230334  0.0780276 0 0.202508 0 0 0.104415  0 0 0 0 0 0  
32.6726 0.906891 0.0193515 -5.0595 0 3 0 0 -5.58574  -5.12757 0 2.76683 0 0 -5.68  -0.0224931 0 0.0293087 0 0 -0.0225492  0.0905651 0 0.203864 0 0 0.116809  0 0 0 0 0 0  
33.3009 0.919113 0.0198998 -5.07579 0 3 0 0 -5.57735  -5.14281 0 2.76909 0 0 -5.66628  -0.0152873 0 0.033288 0 0 -0.0165879  0.0823098 0 0.197621 0 0 0.105521  0 0 0 0 0 0  
33.9292 0.93232 0.0217884 -5.04751 0 3 0 0 -5.52568  -5.12913 0 2.75042 0 0 -5.63458  -0.0166012 0 0.0345075 0 0 -0.0169322  0.098222 0 0.215068 0 0 0.12583  0 0 0 0 0 0  
34.5575 0.946184 0.022729 -5.0628 0 3 0 0 -5.47867  -5.13806 0 2.7354 0 0 -5.58479  -0.0161451 0 0.0379311 0 0 -0.016579  0.0913983 0 0.22667 0 0 0.122697  0 0 0 0 0 0  
35.1858 0.961063 0.0242251 -5.02894 0 3 0 0 -5.41724  -5.099 0 2.70756 0 0 -5.5288  -0.0219354 0 0.0424415 0 0 -0.0203174  0.0919939 0 0.249996 0 0 0.131877  0 0 0 0 0 0  
35.8142 0.976525 0.0246445 -4.99732 0 3 0 0 -5.2561  -5.08318 0 2.69869 0 0 -5.3908  -0.0253927 0 0.0379916 0 0 -0.0289052  0.111249 0 0.26332 0 0 0.163606  0 0 0 0 0 0  
36.4425 0.992391 0.0257361 -4.94008 0 3 0 0 -5.03233  -5.03087 0 2.6792 0 0 -5.18407  -0.0306093 0 0.0405296 0 0 -0.0327157  0.121398 0 0.28027 0 0 0.184454  0 0 0 0 0 0  
37.0708 1.00953 0.0283015 -4.88236 0 3 0 0 -4.78877  -4.99701 0 2.64597 0 0 -4.97234  -0.0333268 0 0.0410894 0 0 -0.0338956  0.147972 0 0.312938 0 0 0.217474  0 0 0 0 0 0  
37.6991 1.02735 0.0287175 -4.79335 0 3 0 0 -4.58546  -4.92283 0 2.62455 0 0 -4.80223  -0.0442532 0 0.038853 0 0 -0.0383217  0.173741 0 0.336598 0 0 0.255089  0 0 0 0 0 0  
38.3274 1.04571 0.0297605 -4.81235 0 3 0 0 -4.56546  -4.91889 0 2.62357 0 0 -4.76727  -0.0422681 0 0.0438533 0 0 -0.0339736  0.148805 0 0.332573 0 0 0.235788  0 0 0 0 0 0  
38.9557 1.06516 0.0317742 -4.63516 0 3 0 0 -4.46455  -4.77272 0 2.57213 0 0 -4.69596  -0.0542438 0 0.0484869 0 0 -0.0512042  0.191799 0 0.37938 0 0 0.282616  0 0 0 0 0 0  
39.5841 1.08537 0.0328619 -4.54425 0 3 0 0 -4.51951  -4.69459 0 2.54291 0 0 -4.76667  -0.0599689 0 0.0491974 0 0 -0.0630703  0.210308 0 0.407895 0 0 0.310227  0 0 0 0 0 0  
40.2124 1.10562 0.0319087 -4.40358 0 3 0 0 -4.62638  -4.56009 0 2.55358 0 0 -4.86438  -0.0521446 0 0.0498008 0 0 -0.0558349  0.208651 0 0.396619 0 0 0.293839  0 0 0 0 0 0  
40.8407 1.12539 0.030398 -4.30967 0 3 0 0 -4.73215  -4.45623 0 2.56813 0 0 -4.97798  -0.0483034 0 0.0392753 0 0 -0.0548371  0.19487 0 0.392594 0 0 0.300662  0 0 0 0 0 0  
41.469 1.14396 0.0290752 -4.29142 0 3 0 0 -4.84436  -4.43419 0 2.60138 0 0 -5.08468  -0.0426576 0 0.0419781 0 0 -0.0434533  0.185432 0 0.356637 0 0 0.283768  0 0 0 0 0 0  
42.0973 1.16155 0.0270425 -4.41188 0 3 0 0 -4.99029  -4.52475 0 2.63841 0 0 -5.17685  -0.04035 0 0.0431573 0 0 -0.0410631  0.153226 0 0.318432 0 0 0.227624  0 0 0 0 0 0  
42.7257 1.1785 0.0266995 -4.56346 0 3 0 0 -5.02392  -4.66182 0 2.65671 0 0 -5.19173  -0.0384926 0 0.0408498 0 0 -0.0353375  0.13685 0 0.302438 0 0 0.203149  0 0 0 0 0 0  
43.354 1.19528 0.0270044 -4.71267 0 3 0 0 -5.01186  -4.80379 0 2.65125 0 0 -5.18477  -0.0445048 0 0.0403329 0 0 -0.0302176  0.135624 0 0.308418 0 0 0.203121  0 0 0 0 0 0  
43.9823 1.21252 0.0279823 -4.96461 0 3 0 0 -5.05962  -5.0421 0 2.64426 0 0 -5.22244  -0.0438124 0 0.0415594 0 0 -0.0290497  0.1213 0 0.314179 0 0 0.191868  0 0 0 0 0 0  
44.6106 1.23011 0.0277792 -5.10312 0 3 0 0 -5.1037  -5.19371 0 2.65787 0 0 -5.26008  -0.0390458 0 0.0392942 0 0 -0.0292278  0.129629 0 0.302839 0 0 0.185613  0 0 0 0 0 0  
45.2389 1.24749 0.0270933 -5.10281 0 3 0 0 -5.06302  -5.19681 0 2.64823 0 0 -5.22995  -0.0493316 0 0.0406581 0 0 -0.0375442  0.143336 0 0.311113 0 0 0.204476  0 0 0 0 0 0  
45.8673 1.2638 0.0240986 -5.1723 0 3 0 0 -5.11846  -5.28377 0 2.67781 0 0 -5.2876  -0.0405851 0 0.0384195 0 0 -0.0359201  0.152049 0 0.283766 0 0 0.205065  0 0 0 0 0 0  
46.4956 1.27822 0.0223004 -5.18899 0 3 0 0 -5.24454  -5.29196 0 2.71399 0 0 -5.39759  -0.0283425 0 0.0289195 0 0 -0.0337314  0.131312 0 0.257093 0 0 0.186781  0 0 0 0 0 0  
47.1239 1.29212 0.0224536 -5.06986 0 3 0 0 -5.29998  -5.15599 0 2.71622 0 0 -5.44427  -0.0243387 0 0.0312566 0 0 -0.0269113  0.110468 0 0.252519 0 0 0.171195  0 0 0 0 0 0  
47.7522 1.30636 0.0229827 -5.04923 0 3 0 0 -5.38225  -5.11738 0 2.71014 0 0 -5.50493  -0.0324203 0 0.03535 0 0 -0.029108  0.100572 0 0.254514 0 0 0.151787  0 0 0 0 0 0  
48.3805 1.32056 0.0224615 -4.93391 0 3 0 0 -5.41737  -4.99048 0 2.72235 0 0 -5.53596  -0.0294212 0 0.0349782 0 0 -0.0307867  0.0859873 0 0.242672 0 0 0.149377  0 0 0 0 0 0  
49.0088 1.33424 0.0209716 -4.75699 0 3 0 0 -5.29195  -4.81191 0 2.73473 0 0 -5.40282  -0.0263897 0 0.03431 0 0 -0.0304611  0.081307 0 0.230963 0 0 0.141328  0 0 0 0 0 0  
49.6372 1.34736 0.0205981 -4.62042 0 3 0 0 -5.23218  -4.68985 0 2.73964 0 0 -5.35818  -0.0261137 0 0.0314382 0 0 -0.0224881  0.0955399 0 0.228919 0 0 0.148486  0 0 0 0 0 0  
50.2655 1.36035 0.0209462 -4.61987 0 3 0 0 -5.1522  -4.68743 0 2.73744 0 0 -5.28706  -0.0320937 0 0.0329706 0 0 -0.0180728  0.0996546 0 0.229593 0 0 0.152931  0 0 0 0 0 0  
50.8938 1.37354 0.0211554 -4.68681 0 3 0 0 -5.17186  -4.74991 0 2.72683 0 0 -5.31049  -0.0291099 0 0.0314817 0 0 -0.0139434  0.0922087 0 0.241691 0 0 0.152575  0 0 0 0 0 0  
51.5221 1.387 0.0220017 -4.78853 0 3 0 0 -5.23163  -4.86247 0 2.71529 0 0 -5.38039  -0.035859 0 0.0314988 0 0 -0.0168923  0.109796 0 0.253212 0 0 0.165651  0 0 0 0 0 0  
52.1504 1.40106 0.0225997 -4.90936 0 3 0 0 -5.28899  -4.9614 0 2.71254 0 0 -5.4235  -0.0332656 0 0.0356915 0 0 -0.017758  0.0853097 0 0.251766 0 0 0.152267  0 0 0 0 0 0  
52.7788 1.4155 0.0235538 -5.00958 0 3 0 0 -5.36985  -5.06813 0 2.70659 0 0 -5.5062  -0.0301554 0 0.0380745 0 0 -0.0168634  0.0887054 0 0.255333 0 0 0.153211  0 0 0 0 0 0  
53.4071 1.43028 0.0230916 -5.05902 0 3 0 0 -5.34771  -5.1202 0 2.72265 0 0 -5.47753  -0.0299877 0 0.0386357 0 0 -0.0142305  0.0911655 0 0.238714 0 0 0.144053  0 0 0 0 0 0  
54.0354 1.44483 0.0235155 -5.13662 0 3 0 0 -5.32319  -5.20291 0 2.71153 0 0 -5.46413  -0.027446 0 0.04314 0 0 -0.0189877  0.0937292 0 0.245329 0 0 0.159932  0 0 0 0 0 0  
54.6637 1.45944 0.0232486 -5.01145 0 3 0 0 -5.27049  -5.0705 0 2.71401 0 0 -5.40456  -0.0274701 0 0.0434693 0 0 -0.0212598  0.0865206 0 0.242523 0 0 0.155328  0 0 0 0 0 0  
55.292 1.47378 0.0228002 -4.94639 0 3 0 0 -5.16532  -4.99374 0 2.72374 0 0 -5.30417  -0.0166345 0 0.0405199 0 0 -0.0166785  0.0639863 0 0.235741 0 0 0.155532  0 0 0 0 0 0  
55.9203 1.48798 0.0227064 -4.92725 0 3 0 0 -5.01424  -4.97879 0 2.70759 0 0 -5.15726  -0.024114 0 0.0426247 0 0 -0.0196279  0.0756507 0 0.24979 0 0 0.162653  0 0 0 0 0 0  
56.5487 1.50238 0.0224398 -4.82312 0 3 0 0 -4.82197  -4.89686 0 2.69515 0 0 -4.99808  -0.0229758 0 0.0414307 0 0 -0.0219119  0.0967192 0 0.26342 0 0 0.198019  0 0 0 0 0 0  
57.177 1.51632 0.0223826 -4.75346 0 3 0 0 -4.72677  -4.83133 0 2.69104 0 0 -4.9029  -0.0244126 0 0.0441694 0 0 -0.0173758  0.102282 0 0.264787 0 0 0.193511  0 0 0 0 0 0  
57.8053 1.53006 0.0213462 -4.70085 0 3 0 0 -4.67569  -4.77875 0 2.7102 0 0 -4.82641  -0.0187703 0 0.0401259 0 0 -0.0192516  0.096673 0 0.249673 0 0 0.169966  0 0 0 0 0 0  
58.4336 1.54339 0.0212304 -4.66105 0 3 0 0 -4.67329  -4.75673 0 2.71356 0 0 -4.81608  -0.0223893 0 0.0344505 0 0 -0.0225943  0.118068 0 0.251986 0 0 0.165389  0 0 0 0 0 0  
59.0619 1.55678 0.0214571 -4.70674 0 3 0 0 -4.69278  -4.79267 0 2.71407 0 0 -4.82449  -0.0222441 0 0.0352831 0 0 -0.0196877  0.108175 0 0.250647 0 0 0.151401  0 0 0 0 0 0  
59.6903 1.57001 0.0203188 -4.78389 0 3 0 0 -4.85119  -4.86674 0 2.72731 0 0 -4.96962  -0.0235235 0 0.0345652 0 0 -0.0257241  0.106372 0 0.238123 0 0 0.144154  0 0 0 0 0 0  
60.3186 1.58226 0.0187443 -4.871 0 3 0 0 -4.99964  -4.94053 0 2.75678 0 0 -5.10267  -0.0221684 0 0.0340793 0 0 -0.0169277  0.0916967 0 0.209143 0 0 0.119955  0 0 0 0 0 0  
60.9469 1.59387 0.0182303 -4.96413 0 3 0 0 -5.13557  -5.02696 0 2.75971 0 0 -5.22616  -0.0272975 0 0.0332907 0 0 -0.0205856  0.0901289 0 0.206996 0 0 0.111179  0 0 0 0 0 0  
61.5752 1.60526 0.0183549 -5.07648 0 3 0 0 -5.15507  -5.13843 0 2.76715 0 0 -5.24951  -0.0269516 0 0.0324359 0 0 -0.0164468  0.0889036 0 0.200417 0 0 0.110889  0 0 0 0 0 0  
62.2035 1.61679 0.0182666 -5.20104 0 3 0 0 -5.07391  -5.2502 0 2.76676 0 0 -5.16073  -0.0266162 0 0.0330225 0 0 -0.0152178  0.0757753 0 0.20022 0 0 0.102042  0 0 0 0 0 0  
62.8319 1.62888 0.0194536 -5.2718 0 3 0 0 -4.9886  -5.32812 0 2.75699 0 0 -5.08458  -0.0241641 0 0.0357492 0 0 -0.0191098  0.0804822 0 0.207262 0 0 0.115095  0 0 0 0 0 0  
63.4602 1.64149 0.0209291 -5.28459 0 3 0 0 -4.97723  -5.34385 0 2.7366 0 0 -5.08257  -0.0268831 0 0.0348881 0 0 -0.0243341  0.0861437 0 0.228512 0 0 0.129669  0 0 0 0 0 0  
64.0885 1.65481 0.0214305 -5.30138 0 3 0 0 -4.94503  -5.36519 0 2.72747 0 0 -5.04493  -0.0278272 0 0.0356593 0 0 -0.0292865  0.0916426 0 0.236873 0 0 0.129188  0 0 0 0 0 0  
64.7168 1.66839 0.0221348 -5.30222 0 3 0 0 -4.97463  -5.37187 0 2.7232 0 0 -5.08222  -0.0355951 0 0.0342423 0 0 -0.0358407  0.105239 0 0.242561 0 0 0.143434  0 0 0 0 0 0  
65.3451 1.68203 0.0215235 -5.32478 0 3 0 0 -5.00691  -5.38796 0 2.7332 0 0 -5.10124  -0.0314489 0 0.033538 0 0 -0.0291583  0.0946288 0 0.233263 0 0 0.123487  0 0 0 0 0 0  
65.9734 1.69564 0.0221523 -5.16782 0 3 0 0 -4.87956  -5.23314 0 2.71187 0 0 -4.99172  -0.0335365 0 0.0336861 0 0 -0.0300721  0.098847 0 0.254446 0 0 0.142229  0 0 0 0 0 0  
66.6018 1.71033 0.0244549 -5.0425 0 3 0 0 -4.75166  -5.11591 0 2.68756 0 0 -4.89452  -0.0328851 0 0.0336698 0 0 -0.0298542  0.106293 0 0.278772 0 0 0.172723  0 0 0 0 0 0  
67.2301 1.72634 0.0266287 -5.01439 0 3 0 0 -4.7047  -5.10208 0 2.65987 0 0 -4.87217  -0.0406004 0 0.0377714 0 0 -0.0276198  0.128294 0 0.302357 0 0 0.195095  0 0 0 0 0 0  
67.8584 1.74337 0.0276137 -4.96613 0 3 0 0 -4.62053  -5.05924 0 2.65181 0 0 -4.79843  -0.0428691 0 0.0399725 0 0 -0.0220307  0.135975 0 0.308217 0 0 0.199924  0 0 0 0 0 0  
68.4867 1.7609 0.0284721 -5.01055 0 3 0 0 -4.67099  -5.10951 0 2.63912 0 0 -4.83721  -0.0464317 0 0.040278 0 0 -0.0298045  0.145395 0 0.320602 0 0 0.196025  0 0 0 0 0 0  
69.115 1.77917 0.0293475 -5.11036 0 3 0 0 -4.96218  -5.20151 0 2.63224 0 0 -5.10254  -0.0443475 0 0.0429124 0 0 -0.0340921  0.135498 0 0.324851 0 0 0.174452  0 0 0 0 0 0  
69.7434 1.79763 0.0292773 -5.10818 0 3 0 0 -5.0275  -5.19546 0 2.64878 0 0 -5.16579  -0.049926 0 0.0425666 0 0 -0.0332166  0.137206 0 0.308649 0 0 0.171505  0 0 0 0 0 0  
70.3717 1.81603 0.0284901 -5.07005 0 3 0 0 -4.93297  -5.16179 0 2.65296 0 0 -5.08137  -0.0564083 0 0.0424889 0 0 -0.0372899  0.148145 0 0.304548 0 0 0.185687  0 0 0 0 0 0  
71 1.83335 0.0270368 -5.26421 0 3 0 0 -4.98977  -5.3471 0 2.67497 0 0 -5.11983  -0.0453581 0 0.0425727 0 0 -0.0320874  0.128252 0 0.282454 0 0 0.162149  0 0 0 0 0 0  
71.6283 1.84983 0.0255502 -5.4603 0 3 0 0 -5.18596  -5.52095 0 2.69016 0 0 -5.30223  -0.049568 0 0.0410339 0 0 -0.0360218  0.110224 0 0.268806 0 0 0.152289  0 0 0 0 0 0  
72.2566 1.86567 0.0248717 -5.70637 0 3 0 0 -5.30678  -5.76206 0 2.70526 0 0 -5.41783  -0.0485915 0 0.0410738 0 0 -0.0350813  0.104279 0 0.253669 0 0 0.146131  0 0 0 0 0 0  
72.8849 1.88114 0.0242298 -5.908 0 3 0 0 -5.40115  -5.95269 0 2.71823 0 0 -5.50855  -0.0407907 0 0.0389514 0 0 -0.0274914  0.0854725 0 0.242821 0 0 0.13489  0 0 0 0 0 0  
73.5133 1.89577 0.0225327 -6.07968 0 3 0 0 -5.5371  -6.12005 0 2.74952 0 0 -5.62168  -0.0387415 0 0.038425 0 0 -0.0239301  0.079111 0 0.212052 0 0 0.108508  0 0 0 0 0 0  
74.1416 1.90959 0.0214705 -6.2302 0 3 0 0 -5.74014  -6.2601 0 2.77148 0 0 -5.81131  -0.0290394 0 0.0388714 0 0 -0.0183135  0.058939 0 0.189648 0 0 0.0894825  0 0 0 0 0 0  
74.7699 1.92235 0.0198688 -6.23642 0 3 0 0 -5.75216  -6.26539 0 2.79045 0 0 -5.8264  -0.0234204 0 0.033854 0 0 -0.00943873  0.0523836 0 0.175692 0 0 0.0836777  0 0 0 0 0 0  
75.3982 1.9351 0.0205854 -6.05227 0 3 0 0 -5.54909  -6.09154 0 2.77545 0 0 -5.63167  -0.016933 0 0.0363509 0 0 -0.0102964  0.0562117 0 0.1882 0 0 0.0928796  0 0 0 0 0 0  
76.0265 1.94805 0.0211633 -5.78378 0 3 0 0 -5.20528  -5.82739 0 2.75815 0 0 -5.29238  -0.0187856 0 0.03766 0 0 -0.0111681  0.062393 0 0.204191 0 0 0.0982617  0 0 0 0 0 0  
76.6549 1.96124 0.0206288 -5.54923 0 3 0 0 -5.06401  -5.6051 0 2.74059 0 0 -5.18697  -0.0235462 0 0.035565 0 0 -0.0231452  0.0794195 0 0.223848 0 0 0.1461  0 0 0 0 0 0  
77.2832 1.97428 0.0209869 -5.54233 0 3 0 0 -5.04498  -5.60851 0 2.74195 0 0 -5.16405  -0.023706 0 0.0340391 0 0 -0.0170976  0.08988 0 0.224013 0 0 0.136159  0 0 0 0 0 0  
77.9115 1.98764 0.0212556 -5.33212 0 3 0 0 -5.01887  -5.38952 0 2.73096 0 0 -5.13254  -0.0187017 0 0.0341658 0 0 -0.0153185  0.0761036 0 0.234874 0 0 0.128989  0 0 0 0 0 0  
78.5398 2.00059 0.0202523 -5.31451 0 3 0 0 -5.03446  -5.38056 0 2.73971 0 0 -5.14378  -0.0178153 0 0.0331212 0 0 -0.0229822  0.0838634 0 0.227169 0 0 0.1323  0 0 0 0 0 0  
79.1681 2.01337 0.0204847 -5.35552 0 3 0 0 -5.01328  -5.42369 0 2.73878 0 0 -5.1349  -0.0186231 0 0.0345842 0 0 -0.0247692  0.0867944 0 0.226641 0 0 0.146388  0 0 0 0 0 0  
79.7965 2.0266 0.0214502 -5.39604 0 3 0 0 -4.99395  -5.46361 0 2.73417 0 0 -5.11351  -0.0214573 0 0.0362913 0 0 -0.0294988  0.0890237 0 0.229536 0 0 0.149057  0 0 0 0 0 0  
80.4248 2.04021 0.0220147 -5.35454 0 3 0 0 -4.94679  -5.42095 0 2.73015 0 0 -5.07042  -0.0186717 0 0.0353882 0 0 -0.0249911  0.0850854 0 0.234461 0 0 0.148617  0 0 0 0 0 0  
81.0531 2.05415 0.0219434 -5.32619 0 3 0 0 -4.94407  -5.40765 0 2.71586 0 0 -5.07915  -0.0212585 0 0.0346725 0 0 -0.0322675  0.102715 0 0.249464 0 0 0.167346  0 0 0 0 0 0  
81.6814 2.06792 0.0221625 -5.2594 0 3 0 0 -4.92645  -5.34343 0 2.71214 0 0 -5.06186  -0.0252127 0 0.0336544 0 0 -0.0329039  0.109246 0 0.254206 0 0 0.168313  0 0 0 0 0 0  
82.3097 2.08183 0.0224225 -5.11749 0 3 0 0 -4.88016  -5.20331 0 2.70684 0 0 -5.01282  -0.0230701 0 0.0347692 0 0 -0.0313012  0.108888 0 0.258388 0 0 0.163962  0 0 0 0 0 0  
82.938 2.09603 0.0230161 -4.93001 0 3 0 0 -4.83754  -5.02238 0 2.70235 0 0 -4.96573  -0.0269145 0 0.0336534 0 0 -0.0345305  0.119281 0 0.263995 0 0 0.162713  0 0 0 0 0 0  
83.5664 2.1108 0.0238211 -4.83468 0 3 0 0 -4.88326  -4.92374 0 2.69616 0 0 -5.01174  -0.02931 0 0.0334668 0 0 -0.0338063  0.118367 0 0.27037 0 0 0.16228  0 0 0 0 0 0  
84.1947 2.12591 0.0243045 -4.86432 0 3 0 0 -4.87777  -4.95954 0 2.67808 0 0 -5.01504  -0.0362606 0 0.0326067 0 0 -0.0425812  0.131478 0 0.289309 0 0 0.179852  0 0 0 0 0 0  
84.823 2.14139 0.0248767 -4.77057 0 3 0 0 -4.87639  -4.86384 0 2.67456 0 0 -5.01435  -0.0335929 0 0.0320706 0 0 -0.0478189  0.126864 0 0.293368 0 0 0.185776  0 0 0 0 0 0  
85.4513 2.15719 0.0250135 -4.80829 0 3 0 0 -4.8001  -4.89747 0 2.67433 0 0 -4.94092  -0.0298732 0 0.0317518 0 0 -0.0497593  0.119053 0 0.293917 0 0 0.190587  0 0 0 0 0 0  
86.0796 2.1726 0.0239187 -4.71451 0 3 0 0 -4.71666  -4.78771 0 2.68342 0 0 -4.83511  -0.0380638 0 0.0319865 0 0 -0.0526915  0.111265 0 0.284595 0 0 0.171146  0 0 0 0 0 0  
86.708 2.18735 0.0232978 -4.70544 0 3 0 0 -4.75987  -4.76941 0 2.69136 0 0 -4.85413  -0.0275391 0 0.0332018 0 0 -0.0466196  0.0915071 0 0.275433 0 0 0.14088  0 0 0 0 0 0  
87.3363 2.20257 0.0245992 -4.61349 0 3 0 0 -4.75535  -4.69116 0 2.67836 0 0 -4.86236  -0.0284659 0 0.0358459 0 0 -0.0398974  0.106137 0 0.285793 0 0 0.146904  0 0 0 0 0 0  
87.9646 2.21865 0.0260953 -4.46968 0 3 0 0 -4.74935  -4.55743 0 2.66654 0 0 -4.8564  -0.0245948 0 0.0385502 0 0 -0.0389774  0.11234 0 0.294906 0 0 0.146032  0 0 0 0 0 0  
88.5929 2.23524 0.026451 -4.38047 0 3 0 0 -4.70949  -4.45693 0 2.66151 0 0 -4.81426  -0.0252828 0 0.0432484 0 0 -0.0434206  0.101744 0 0.295238 0 0 0.14819  0 0 0 0 0 0  
89.2212 2.2523 0.0277919 -4.2754 0 3 0 0 -4.68875  -4.38037 0 2.65241 0 0 -4.82286  -0.0293992 0 0.0415776 0 0 -0.0551092  0.134373 0 0.306015 0 0 0.189213  0 0 0 0 0 0  
89.8495 2.2704 0.0296165 -4.19568 0 3 0 0 -4.73334  -4.31175 0 2.62681 0 0 -4.89031  -0.0393655 0 0.0410929 0 0 -0.0659413  0.155433 0 0.332093 0 0 0.222905  0 0 0 0 0 0  
90.4779 2.28845 0.028388 -4.19954 0 3 0 0 -4.69892  -4.31586 0 2.63972 0 0 -4.84349  -0.0389122 0 0.0416136 0 0 -0.05596  0.155234 0 0.31867 0 0 0.200524  0 0 0 0 0 0  
91.1062 2.30645 0.0284148 -4.18052 0 3 0 0 -4.63846  -4.31735 0 2.60815 0 0 -4.82508  -0.0441991 0 0.0387166 0 0 -0.0553149  0.181027 0 0.353133 0 0 0.24194  0 0 0 0 0 0  
91.7345 2.32449 0.028052 -4.23392 0 3 0 0 -4.58227  -4.35458 0 2.58402 0 0 -4.77548  -0.0551325 0 0.0384088 0 0 -0.064402  0.175799 0 0.377575 0 0 0.257615  0 0 0 0 0 0  
92.3628 2.34185 0.0265947 -4.55583 0 3 0 0 -4.70824  -4.66746 0 2.61766 0 0 -4.88994  -0.0466065 0 0.0400892 0 0 -0.0480666  0.158232 0 0.342253 0 0 0.22977  0 0 0 0 0 0  
92.9911 2.35832 0.0256379 -4.8492 0 3 0 0 -4.7986  -4.9316 0 2.64452 0 0 -4.95143  -0.0376002 0 0.0397871 0 0 -0.039491  0.120003 0 0.315698 0 0 0.192316  0 0 0 0 0 0  
93.6195 2.37409 0.0245148 -5.10971 0 3 0 0 -4.97644  -5.18982 0 2.68171 0 0 -5.1102  -0.0403827 0 0.0427093 0 0 -0.0386278  0.120498 0 0.275579 0 0 0.17239  0 0 0 0 0 0  
94.2478 2.3891 0.0232723 -5.34398 0 3 0 0 -5.03846  -5.41571 0 2.70541 0 0 -5.16096  -0.0323928 0 0.0394644 0 0 -0.0338308  0.104122 0 0.255126 0 0 0.156323  0 0 0 0 0 0  
94.8761 2.40366 0.0232313 -5.29042 0 3 0 0 -5.0431  -5.37137 0 2.71592 0 0 -5.17574  -0.0302457 0 0.0342911 0 0 -0.0267552  0.111193 0 0.249792 0 0 0.159399  0 0 0 0 0 0  
95.5044 2.41801 0.0226024 -5.20247 0 3 0 0 -5.02838  -5.28381 0 2.72643 0 0 -5.15621  -0.0276795 0 0.0337592 0 0 -0.0243302  0.109015 0 0.239807 0 0 0.152157  0 0 0 0 0 0  
96.1327 2.43212 0.0221755 -5.16079 0 3 0 0 -5.088  -5.22734 0 2.72138 0 0 -5.21079  -0.0352639 0 0.0352438 0 0 -0.0218287  0.10181 0 0.243373 0 0 0.144616  0 0 0 0 0 0  
96.7611 2.44628 0.0219584 -5.04328 0 3 0 0 -5.15492  -5.10678 0 2.71828 0 0 -5.2802  -0.0364936 0 0.0385802 0 0 -0.0145278  0.0999973 0 0.243141 0 0 0.139812  0 0 0 0 0 0  
97.3894 2.46018 0.0216841 -4.92087 0 3 0 0 -5.36462  -4.98901 0 2.71357 0 0 -5.48062  -0.0294088 0 0.0391843 0 0 -0.00933813  0.0975474 0 0.247248 0 0 0.125338  0 0 0 0 0 0  
98.0177 2.4741 0.0219957 -4.95873 0 3 0 0 -5.52916  -5.02641 0 2.72139 0 0 -5.65571  -0.0303971 0 0.0401718 0 0 -0.00752357  0.0980748 0 0.238438 0 0 0.134071  0 0 0 0 0 0  
98.646 2.48807 0.0222603 -5.06948 0 3 0 0 -5.63923  -5.14381 0 2.72474 0 0 -5.77775  -0.0285045 0 0.0381924 0 0 -0.0108217  0.102839 0 0.237067 0 0 0.149348  0 0 0 0 0 0  
99.2743 2.5024 0.0233984 -5.16427 0 3 0 0 -5.66763  -5.22279 0 2.7022 0 0 -5.8066  -0.0317289 0 0.0404355 0 0 -0.0177727  0.0902505 0 0.257365 0 0 0.156741  0 0 0 0 0 0  
99.9026 2.5175 0.0243983 -5.24404 0 3 0 0 -5.74344  -5.30119 0 2.68929 0 0 -5.87135  -0.0385575 0 0.0431325 0 0 -0.0240162  0.0957064 0 0.267582 0 0 0.151921  0 0 0 0 0 0  
100.531 2.5327 0.0243155 -5.34786 0 3 0 0 -5.6881  -5.39745 0 2.6903 0 0 -5.79774  -0.0450588 0 0.043996 0 0 -0.0333299  0.0946448 0 0.265709 0 0 0.142972  0 0 0 0 0 0  
101.159 2.54803 0.0230837 -5.37931 0 3 0 0 -5.56104  -5.42097 0 2.7082 0 0 -5.66697  -0.0478819 0 0.0462158 0 0 -0.0334539  0.0895417 0 0.245583 0 0 0.139383  0 0 0 0 0 0  
101.788 2.56196 0.0216451 -5.3437 0 3 0 0 -5.2855  -5.39344 0 2.71933 0 0 -5.41512  -0.0468111 0 0.0431031 0 0 -0.0260912  0.0965529 0 0.237572 0 0 0.155718  0 0 0 0 0 0  
102.416 2.57549 0.0213549 -5.23804 0 3 0 0 -5.27182  -5.30802 0 2.72683 0 0 -5.42411  -0.0372458 0 0.0402294 0 0 -0.0153697  0.107227 0 0.23294 0 0 0.167658  0 0 0 0 0 0  
103.044 2.58871 0.0210614 -5.27323 0 3 0 0 -5.26731  -5.33183 0 2.73219 0 0 -5.40276  -0.0349702 0 0.0393019 0 0 -0.0165239  0.0935689 0 0.228511 0 0 0.151969  0 0 0 0 0 0  
103.673 2.60192 0.020565 -5.36102 0 3 0 0 -5.22182  -5.43072 0 2.72999 0 0 -5.34939  -0.0281442 0 0.0361093 0 0 -0.0192498  0.0978477 0 0.233904 0 0 0.146817  0 0 0 0 0 0  
104.301 2.61491 0.0211689 -5.50837 0 3 0 0 -5.29137  -5.57878 0 2.71758 0 0 -5.4194  -0.0277377 0 0.035809 0 0 -0.015776  0.0981514 0 0.246611 0 0 0.143804  0 0 0 0 0 0  
104.929 2.62857 0.021723 -5.68196 0 3 0 0 -5.38346  -5.73997 0 2.71488 0 0 -5.50252  -0.0290547 0 0.0361755 0 0 -0.0210346  0.0870645 0 0.248946 0 0 0.140093  0 0 0 0 0 0  
105.558 2.64237 0.0225799 -5.80992 0 3 0 0 -5.44382  -5.86689 0 2.71651 0 0 -5.55525  -0.0311088 0 0.0367148 0 0 -0.0161739  0.0880806 0 0.24677 0 0 0.127609  0 0 0 0 0 0  
106.186 2.65645 0.02234 -5.94468 0 3 0 0 -5.4674  -5.99426 0 2.7201 0 0 -5.57156  -0.0353412 0 0.0365074 0 0 -0.0181374  0.0849235 0 0.243397 0 0 0.122299  0 0 0 0 0 0  
106.814 2.6706 0.0226444 -5.95345 0 3 0 0 -5.47055  -6.01432 0 2.72194 0 0 -5.5872  -0.0402218 0 0.0350792 0 0 -0.0204061  0.101088 0 0.24298 0 0 0.137056  0 0 0 0 0 0  
107.442 2.68505 0.0229285 -5.94852 0 3 0 0 -5.50383  -6.00599 0 2.72398 0 0 -5.62693  -0.0353738 0 0.0375852 0 0 -0.0205289  0.0928443 0 0.238433 0 0 0.143637  0 0 0 0 0 0  
108.071 2.69939 0.022226 -5.93117 0 3 0 0 -5.50665  -5.98174 0 2.73473 0 0 -5.62586  -0.0314446 0 0.0361243 0 0 -0.0158521  0.0820165 0 0.229146 0 0 0.135055  0 0 0 0 0 0  
108.699 2.71322 0.0218808 -5.91897 0 3 0 0 -5.53542  -5.98249 0 2.73879 0 0 -5.65846  -0.035618 0 0.0339592 0 0 -0.0192782  0.0991356 0 0.227246 0 0 0.142324  0 0 0 0 0 0  
109.327 2.72654 0.0207967 -5.90211 0 3 0 0 -5.42659  -5.95449 0 2.75044 0 0 -5.52537  -0.0256292 0 0.0324923 0 0 -0.0195777  0.0780103 0 0.217067 0 0 0.118355  0 0 0 0 0 0  
109.956 2.73995 0.022024 -5.87144 0 3 0 0 -5.2965  -5.93989 0 2.73334 0 0 -5.40947  -0.0247688 0 0.0351139 0 0 -0.0288882  0.0932258 0 0.231544 0 0 0.141857  0 0 0 0 0 0  
110.584 2.75365 0.0222776 -5.73618 0 3 0 0 -5.15913  -5.82141 0 2.71769 0 0 -5.28855  -0.0311458 0 0.0354946 0 0 -0.0301481  0.116374 0 0.246814 0 0 0.159571  0 0 0 0 0 0  
111.212 2.76809 0.0237244 -5.53773 0 3 0 0 -5.03773  -5.64397 0 2.70118 0 0 -5.19448  -0.0297754 0 0.0371554 0 0 -0.0254395  0.136018 0 0.261666 0 0 0.182191  0 0 0 0 0 0  
111.841 2.78292 0.0238199 -5.42649 0 3 0 0 -4.84266  -5.52793 0 2.6965 0 0 -4.98686  -0.03626 0 0.0399712 0 0 -0.020243  0.137698 0 0.263531 0 0 0.164448  0 0 0 0 0 0  
112.469 2.79807 0.0243022 -5.38897 0 3 0 0 -4.71229  -5.47175 0 2.69265 0 0 -4.82785  -0.0363151 0 0.0423832 0 0 -0.0292767  0.119099 0 0.264967 0 0 0.144837  0 0 0 0 0 0  
113.097 2.8135 0.025171 -5.35699 0 3 0 0 -4.64678  -5.4437 0 2.68062 0 0 -4.76828  -0.0310835 0 0.0412432 0 0 -0.0285927  0.117788 0 0.278138 0 0 0.150088  0 0 0 0 0 0  
113.726 2.82939 0.0254807 -5.33951 0 3 0 0 -4.61492  -5.42797 0 2.67362 0 0 -4.73415  -0.0350316 0 0.0412574 0 0 -0.0309934  0.123492 0 0.285124 0 0 0.150231  0 0 0 0 0 0  
114.354 2.84561 0.0257852 -5.18656 0 3 0 0 -4.59371  -5.28509 0 2.65967 0 0 -4.72816  -0.03359 0 0.0412202 0 0 -0.0330545  0.132128 0 0.299112 0 0 0.167503  0 0 0 0 0 0  
114.982 2.86232 0.0268521 -4.97058 0 3 0 0 -4.62364  -5.08832 0 2.64723 0 0 -4.77744  -0.0351521 0 0.0448835 0 0 -0.0264473  0.152897 0 0.307883 0 0 0.18025  0 0 0 0 0 0  
115.611 2.87899 0.0260355 -4.77712 0 3 0 0 -4.59867  -4.90426 0 2.63365 0 0 -4.77215  -0.0394638 0 0.0434776 0 0 -0.022939  0.166601 0 0.322868 0 0 0.196427  0 0 0 0 0 0  
116.239 2.89566 0.0266719 -4.67031 0 3 0 0 -4.79492  -4.79775 0 2.64091 0 0 -4.96446  -0.0398257 0 0.0437434 0 0 -0.0239901  0.167263 0 0.315347 0 0 0.193528  0 0 0 0 0 0  
116.867 2.91181 0.0252726 -4.7302 0 3 0 0 -5.0915  -4.82713 0 2.66972 0 0 -5.23425  -0.0422843 0 0.0419011 0 0 -0.0237916  0.139219 0 0.288375 0 0 0.166537  0 0 0 0 0 0  
117.496 2.92757 0.0248678 -4.76922 0 3 0 0 -5.23365  -4.85527 0 2.67165 0 0 -5.38714  -0.0382131 0 0.0382952 0 0 -0.0157967  0.124263 0 0.290057 0 0 0.169288  0 0 0 0 0 0  
118.124 2.9432 0.0251794 -4.91728 0 3 0 0 -5.34351  -4.99719 0 2.68238 0 0 -5.49249  -0.0418547 0 0.0384666 0 0 -0.018526  0.121764 0 0.279157 0 0 0.1675  0 0 0 0 0 0  
118.752 2.95874 0.0247682 -5.06637 0 3 0 0 -5.45939  -5.13493 0 2.69532 0 0 -5.60129  -0.0464077 0 0.0347553 0 0 -0.0252979  0.114975 0 0.26993 0 0 0.167199  0 0 0 0 0 0  
119.381 2.97445 0.0251829 -5.08671 0 3 0 0 -5.46646  -5.14255 0 2.68366 0 0 -5.60574  -0.042617 0 0.037831 0 0 -0.0303858  0.0984565 0 0.278508 0 0 0.169668  0 0 0 0 0 0  
120.009 2.99001 0.0244344 -5.07292 0 3 0 0 -5.29975  -5.12275 0 2.67979 0 0 -5.44004  -0.0432057 0 0.0399033 0 0 -0.0332224  0.0930286 0 0.280308 0 0 0.173512  0 0 0 0 0 0  
120.637 3.0056 0.0251947 -5.03782 0 3 0 0 -5.08372  -5.09724 0 2.67708 0 0 -5.23051  -0.0329947 0 0.0422009 0 0 -0.0228971  0.0924207 0 0.280721 0 0 0.169692  0 0 0 0 0 0  
121.265 3.02171 0.0259228 -4.96147 0 3 0 0 -4.98847  -5.0307 0 2.67622 0 0 -5.13042  -0.0422545 0 0.0428959 0 0 -0.0301307  0.111485 0 0.280887 0 0 0.172083  0 0 0 0 0 0  
121.894 3.03841 0.0269582 -4.92259 0 3 0 0 -4.85683  -4.99582 0 2.65437 0 0 -4.99826  -0.0465119 0 0.0420339 0 0 -0.0399159  0.119749 0 0.303595 0 0 0.181352  0 0 0 0 0 0  
122.522 3.0554 0.0271107 -4.85373 0 3 0 0 -4.6974  -4.96555 0 2.64147 0 0 -4.86105  -0.0489167 0 0.0405982 0 0 -0.0490711  0.160733 0 0.317935 0 0 0.212719  0 0 0 0 0 0  
123.15 3.07202 0.0260067 -4.88049 0 3 0 0 -4.60275  -4.98653 0 2.65225 0 0 -4.75514  -0.0459258 0 0.035154 0 0 -0.0426274  0.151965 0 0.312595 0 0 0.19501  0 0 0 0 0 0  
123.779 3.08835 0.0259396 -4.84708 0 3 0 0 -4.56921  -4.94913 0 2.65185 0 0 -4.70666  -0.0487473 0 0.0342786 0 0 -0.0434427  0.150805 0 0.313868 0 0 0.180897  0 0 0 0 0 0  
124.407 3.10509 0.0274492 -4.77097 0 3 0 0 -4.55728  -4.88121 0 2.63628 0 0 -4.69702  -0.0459922 0 0.0381555 0 0 -0.044744  0.156234 0 0.325563 0 0 0.184482  0 0 0 0 0 0  
125.035 3.1224 0.0276794 -4.66875 0 3 0 0 -4.49482  -4.77639 0 2.63272 0 0 -4.64906  -0.0443723 0 0.0379772 0 0 -0.0455274  0.152009 0 0.329305 0 0 0.199771  0 0 0 0 0 0  
125.664 3.13961 0.026591 -4.69887 0 3 0 0 -4.45456  -4.80147 0 2.6403 0 0 -4.60412  -0.0427435 0 0.0411828 0 0 -0.0503354  0.145347 0 0.31852 0 0 0.199895  0 0 0 0 0 0  
126.292 3.15635 0.0267463 -4.72062 0 3 0 0 -4.43985  -4.8233 0 2.64125 0 0 -4.59253  -0.0394726 0 0.0412459 0 0 -0.0476396  0.142146 0 0.3175 0 0 0.20032  0 0 0 0 0 0  
126.92 3.1725 0.0248529 -4.88889 0 3 0 0 -4.4865  -4.97509 0 2.66091 0 0 -4.62389  -0.0363528 0 0.0386666 0 0 -0.0378185  0.122552 0 0.30042 0 0 0.175205  0 0 0 0 0 0  
127.549 3.18749 0.0227798 -4.95321 0 3 0 0 -4.50102  -5.02234 0 2.69095 0 0 -4.63053  -0.0399192 0 0.0354668 0 0 -0.0341973  0.109055 0 0.273579 0 0 0.163706  0 0 0 0 0 0  
128.177 3.20121 0.0214457 -5.01856 0 3 0 0 -4.55665  -5.11046 0 2.70573 0 0 -4.7173  -0.0370373 0 0.0306135 0 0 -0.0293203  0.12894 0 0.263659 0 0 0.189968  0 0 0 0 0 0  
128.805 3.21451 0.0211946 -5.08762 0 3 0 0 -4.64535  -5.18916 0 2.71269 0 0 -4.79999  -0.0354945 0 0.0308232 0 0 -0.0303172  0.137029 0 0.256491 0 0 0.184952  0 0 0 0 0 0  
129.434 3.22784 0.0213629 -5.11712 0 3 0 0 -4.80385  -5.21268 0 2.71678 0 0 -4.9499  -0.0337321 0 0.0298281 0 0 -0.0200141  0.129289 0 0.253394 0 0 0.166067  0 0 0 0 0 0  
130.062 3.24112 0.0208585 -5.25284 0 3 0 0 -4.99378  -5.34351 0 2.7238 0 0 -5.13536  -0.0331671 0 0.0281605 0 0 -0.0275471  0.123847 0 0.24804 0 0 0.169128  0 0 0 0 0 0  
130.69 3.25427 0.0209036 -5.32572 0 3 0 0 -5.17643  -5.40339 0 2.73139 0 0 -5.3058  -0.0338755 0 0.0300704 0 0 -0.0274087  0.111546 0 0.238535 0 0 0.156776  0 0 0 0 0 0  
131.319 3.26767 0.0215682 -5.38846 0 3 0 0 -5.32565  -5.46858 0 2.73335 0 0 -5.45208  -0.0377074 0 0.0286618 0 0 -0.0253413  0.11783 0 0.237987 0 0 0.151765  0 0 0 0 0 0  
131.947 3.28117 0.0217671 -5.44877 0 3 0 0 -5.46252  -5.53224 0 2.73573 0 0 -5.58318  -0.0379605 0 0.0307685 0 0 -0.0245763  0.121434 0 0.2335 0 0 0.145234  0 0 0 0 0 0  
132.575 3.29494 0.0215407 -5.48672 0 3 0 0 -5.48349  -5.55986 0 2.75321 0 0 -5.59313  -0.0276197 0 0.0321705 0 0 -0.0174471  0.100763 0 0.214623 0 0 0.12709  0 0 0 0 0 0  
133.204 3.30857 0.0219436 -5.46653 0 3 0 0 -5.40688  -5.54689 0 2.7502 0 0 -5.52538  -0.0276472 0 0.0330908 0 0 -0.0151651  0.108002 0 0.21671 0 0 0.133664  0 0 0 0 0 0  
133.832 3.3226 0.022576 -5.43831 0 3 0 0 -5.31504  -5.52097 0 2.75615 0 0 -5.42773  -0.0260917 0 0.0326441 0 0 -0.0162873  0.108748 0 0.21121 0 0 0.128982  0 0 0 0 0 0  
134.46 3.33686 0.0227368 -5.29107 0 3 0 0 -5.17504  -5.37885 0 2.74505 0 0 -5.28685  -0.0330902 0 0.031037 0 0 -0.0268044  0.120875 0 0.223914 0 0 0.138608  0 0 0 0 0 0  
135.088 3.35157 0.0242693 -5.0779 0 3 0 0 -5.02767  -5.16291 0 2.72087 0 0 -5.16393  -0.0380596 0 0.0337502 0 0 -0.0248275  0.123063 0 0.245379 0 0 0.16109  0 0 0 0 0 0  
135.717 3.36671 0.0244191 -4.84136 0 3 0 0 -4.92185  -4.93065 0 2.70056 0 0 -5.0683  -0.0316991 0 0.0362894 0 0 -0.0224579  0.120989 0 0.263149 0 0 0.168902  0 0 0 0 0 0  
136.345 3.38208 0.0243042 -4.68507 0 3 0 0 -4.92733  -4.77596 0 2.69223 0 0 -5.08163  -0.0323972 0 0.0357131 0 0 -0.0204138  0.123289 0 0.272057 0 0 0.174715  0 0 0 0 0 0  
136.973 3.39723 0.0240101 -4.59068 0 3 0 0 -4.92913  -4.67817 0 2.69397 0 0 -5.10212  -0.0346652 0 0.0372779 0 0 -0.0116312  0.122154 0 0.268752 0 0 0.184619  0 0 0 0 0 0  
137.602 3.41291 0.0254661 -4.38437 0 3 0 0 -4.83698  -4.4804 0 2.65992 0 0 -5.04367  -0.0277285 0 0.0408795 0 0 -0.0137169  0.123755 0 0.299199 0 0 0.220404  0 0 0 0 0 0  
138.23 3.4291 0.0257538 -4.31776 0 3 0 0 -4.8522  -4.42966 0 2.63644 0 0 -5.05081  -0.0362885 0 0.0392935 0 0 -0.0299313  0.148183 0 0.324268 0 0 0.228544  0 0 0 0 0 0  
138.858 3.4454 0.0258568 -4.18315 0 3 0 0 -4.93413  -4.29897 0 2.63025 0 0 -5.12269  -0.0409407 0 0.0427566 0 0 -0.0263109  0.156753 0 0.32699 0 0 0.214874  0 0 0 0 0 0  
139.487 3.46177 0.0266786 -4.15044 0 3 0 0 -4.99484  -4.27358 0 2.62643 0 0 -5.1893  -0.043003 0 0.0407769 0 0 -0.028859  0.166147 0 0.332795 0 0 0.223315  0 0 0 0 0 0  
140.115 3.47864 0.0265613 -4.28863 0 3 0 0 -5.00229  -4.39455 0 2.63677 0 0 -5.18856  -0.0449798 0 0.045084 0 0 -0.0307266  0.150909 0 0.318144 0 0 0.216992  0 0 0 0 0 0  
140.743 3.49546 0.0265646 -4.4684 0 3 0 0 -4.94157  -4.57596 0 2.63587 0 0 -5.12829  -0.0431838 0 0.0457696 0 0 -0.0324367  0.15075 0 0.318362 0 0 0.219165  0 0 0 0 0 0  
141.372 3.51208 0.0265589 -4.67518 0 3 0 0 -4.99686  -4.77979 0 2.62783 0 0 -5.18548  -0.0488087 0 0.0433457 0 0 -0.0368482  0.153426 0 0.328828 0 0 0.225469  0 0 0 0 0 0  
142 3.52852 0.0259873 -4.92294 0 3 0 0 -5.07011  -5.03441 0 2.65429 0 0 -5.25825  -0.0438883 0 0.0385528 0 0 -0.0278885  0.155364 0 0.307162 0 0 0.216029  0 0 0 0 0 0  
142.628 3.54433 0.02456 -5.09454 0 3 0 0 -5.07197  -5.19612 0 2.68079 0 0 -5.2369  -0.0413853 0 0.0359902 0 0 -0.023396  0.142971 0 0.283218 0 0 0.188326  0 0 0 0 0 0  
143.257 3.55993 0.02513 -5.06804 0 3 0 0 -4.99259  -5.16701 0 2.67821 0 0 -5.15137  -0.0352915 0 0.0365947 0 0 -0.0282376  0.134262 0 0.285197 0 0 0.187014  0 0 0 0 0 0  
143.885 3.57626 0.0269658 -5.03136 0 3 0 0 -4.93129  -5.1226 0 2.65164 0 0 -5.0917  -0.0451096 0 0.0427072 0 0 -0.0351002  0.136347 0 0.305655 0 0 0.195515  0 0 0 0 0 0  
144.513 3.59316 0.0265284 -5.05836 0 3 0 0 -4.9541  -5.14446 0 2.65852 0 0 -5.10909  -0.0493329 0 0.0455022 0 0 -0.0317623  0.135428 0 0.295974 0 0 0.186754  0 0 0 0 0 0  
145.142 3.60941 0.0249255 -5.12264 0 3 0 0 -5.0857  -5.18802 0 2.67224 0 0 -5.20895  -0.048535 0 0.0454782 0 0 -0.0301495  0.113911 0 0.282281 0 0 0.153394  0 0 0 0 0 0  
145.77 3.62503 0.0248789 -5.22016 0 3 0 0 -5.15325  -5.28837 0 2.68547 0 0 -5.27468  -0.0437047 0 0.0446788 0 0 -0.0299214  0.111918 0 0.269853 0 0 0.151352  0 0 0 0 0 0  
146.398 3.64074 0.0245629 -5.21132 0 3 0 0 -5.11404  -5.28929 0 2.69991 0 0 -5.25252  -0.0385019 0 0.0399062 0 0 -0.0283184  0.11647 0 0.260188 0 0 0.166794  0 0 0 0 0 0  
147.027 3.65591 0.0235413 -5.18551 0 3 0 0 -5.10061  -5.27456 0 2.68582 0 0 -5.23066  -0.040249 0 0.0432461 0 0 -0.0343171  0.129298 0 0.270933 0 0 0.164362  0 0 0 0 0 0  
147.655 3.67066 0.0229489 -5.26198 0 3 0 0 -5.00303  -5.35483 0 2.6948 0 0 -5.13461  -0.041456 0 0.0390143 0 0 -0.039137  0.134303 0 0.266189 0 0 0.170716  0 0 0 0 0 0  
148.283 3.68486 0.0222271 -5.31284 0 3 0 0 -5.02264  -5.39755 0 2.71333 0 0 -5.15639  -0.0354804 0 0.0362367 0 0 -0.0230402  0.12019 0 0.250433 0 0 0.156792  0 0 0 0 0 0  
148.911 3.6986 0.0214581 -5.4567 0 3 0 0 -5.15826  -5.53447 0 2.73702 0 0 -5.27794  -0.0303312 0 0.0333184 0 0 -0.0174236  0.108095 0 0.229657 0 0 0.137107  0 0 0 0 0 0  
149.54 3.71191 0.0207179 -5.60327 0 3 0 0 -5.22043  -5.68012 0 2.74245 0 0 -5.3463  -0.0273422 0 0.0335624 0 0 -0.0143089  0.104187 0 0.223987 0 0 0.140174  0 0 0 0 0 0  
150.168 3.72464 0.0199397 -5.71475 0 3 0 0 -5.22961  -5.78456 0 2.75244 0 0 -5.35024  -0.0262516 0 0.0321484 0 0 -0.0181699  0.0960601 0 0.215412 0 0 0.138797  0 0 0 0 0 0  
150.796 3.73694 0.0193179 -5.79069 0 3 0 0 -5.27462  -5.84536 0 2.76583 0 0 -5.36748  -0.0225216 0 0.0336625 0 0 -0.0177331  0.0771894 0 0.200511 0 0 0.110596  0 0 0 0 0 0  
151.425 3.74893 0.0186334 -5.86342 0 3 0 0 -5.28776  -5.90969 0 2.77783 0 0 -5.37231  -0.0254527 0 0.0301031 0 0 -0.0181448  0.0717263 0 0.192066 0 0 0.102688  0 0 0 0 0 0  
152.053 3.76037 0.0187493 -5.8882 0 3 0 0 -5.21088  -5.92987 0 2.7858 0 0 -5.30056  -0.0295987 0 0.0295192 0 0 -0.0150459  0.0712753 0 0.184682 0 0 0.104727  0 0 0 0 0 0  
152.681 3.77223 0.0192719 -5.95994 0 3 0 0 -5.14203  -5.99889 0 2.78061 0 0 -5.22837  -0.0279109 0 0.0299357 0 0 -0.0188755  0.0668691 0 0.189456 0 0 0.10522  0 0 0 0 0 0  
153.31 3.78453 0.0199104 -6.05587 0 3 0 0 -5.10716  -6.09635 0 2.77049 0 0 -5.19213  -0.0267863 0 0.0347576 0 0 -0.0205695  0.0672649 0 0.194755 0 0 0.105542  0 0 0 0 0 0  
153.938 3.79725 0.0202388 -6.08577 0 3 0 0 -5.04881  -6.11808 0 2.76401 0 0 -5.13714  -0.0318128 0 0.0356017 0 0 -0.0250218  0.0641219 0 0.200392 0 0 0.113343  0 0 0 0 0 0  
154.566 3.81019 0.0208389 -6.12387 0 3 0 0 -5.06518  -6.16453 0 2.76202 0 0 -5.15922  -0.0321875 0 0.0361726 0 0 -0.0245358  0.0728456 0 0.201812 0 0 0.118568  0 0 0 0 0 0  
155.195 3.82326 0.0211004 -6.22506 0 3 0 0 -5.10044  -6.26912 0 2.75723 0 0 -5.18541  -0.0275522 0 0.0393078 0 0 -0.0254262  0.0716105 0 0.203459 0 0 0.110399  0 0 0 0 0 0  
155.823 3.8364 0.0214815 -6.22538 0 3 0 0 -4.97731  -6.27386 0 2.75813 0 0 -5.08317  -0.0190569 0 0.0354666 0 0 -0.0162142  0.0675404 0 0.206404 0 0 0.122075  0 0 0 0 0 0  
156.451 3.84977 0.0212551 -6.18589 0 3 0 0 -4.92965  -6.25549 0 2.74802 0 0 -5.04618  -0.0177765 0 0.0364758 0 0 -0.0242  0.08738 0 0.215508 0 0 0.140722  0 0 0 0 0 0  
157.08 3.86307 0.0210444 -6.08077 0 3 0 0 -4.93837  -6.16818 0 2.74185 0 0 -5.06985  -0.0184412 0 0.0323933 0 0 -0.0272889  0.105847 0 0.225752 0 0 0.15877  0 0 0 0 0 0  
157.708 3.87613 0.0207826 -5.9829 0 3 0 0 -5.02764  -6.06692 0 2.74247 0 0 -5.15656  -0.0140068 0 0.0326176 0 0 -0.0226582  0.0980313 0 0.224911 0 0 0.15158  0 0 0 0 0 0  
158.336 3.88999 0.0233356 -5.81389 0 3 0 0 -4.95065  -5.89441 0 2.71077 0 0 -5.08069  -0.0183196 0 0.0367722 0 0 -0.0217664  0.0988467 0 0.25246 0 0 0.151807  0 0 0 0 0 0  
158.965 3.90493 0.0244871 -5.55634 0 3 0 0 -4.95449  -5.64101 0 2.69244 0 0 -5.08391  -0.0269874 0 0.0375456 0 0 -0.028471  0.111664 0 0.270018 0 0 0.157891  0 0 0 0 0 0  
159.593 3.92029 0.024792 -5.3093 0 3 0 0 -4.88158  -5.41101 0 2.68278 0 0 -5.02247  -0.0318334 0 0.0378483 0 0 -0.0416711  0.133545 0 0.279372 0 0 0.182564  0 0 0 0 0 0  
160.221 3.93594 0.024631 -5.23039 0 3 0 0 -4.89927  -5.32982 0 2.6844 0 0 -5.03638  -0.0353162 0 0.0359934 0 0 -0.0495629  0.134752 0 0.279611 0 0 0.186677  0 0 0 0 0 0  
160.85 3.95143 0.02461 -5.20078 0 3 0 0 -4.99166  -5.28202 0 2.70118 0 0 -5.11436  -0.031779 0 0.0333794 0 0 -0.041988  0.113019 0 0.265443 0 0 0.164693  0 0 0 0 0 0  
161.478 3.96729 0.0255718 -5.11983 0 3 0 0 -5.05525  -5.20339 0 2.68613 0 0 -5.17686  -0.0393822 0 0.0368507 0 0 -0.0397814  0.122948 0 0.277015 0 0 0.161398  0 0 0 0 0 0  
162.106 3.98338 0.0258012 -5.11152 0 3 0 0 -5.04146  -5.20737 0 2.68764 0 0 -5.17325  -0.0366717 0 0.0376904 0 0 -0.0377514  0.132521 0 0.274667 0 0 0.169536  0 0 0 0 0 0  
162.734 3.99973 0.0268038 -5.04633 0 3 0 0 -4.95911  -5.15457 0 2.65299 0 0 -5.09722  -0.0405626 0 0.0394253 0 0 -0.0390151  0.148807 0 0.30758 0 0 0.177125  0 0 0 0 0 0  
163.363 4.01628 0.0263063 -4.9429 0 3 0 0 -4.98671  -5.04729 0 2.66742 0 0 -5.12055  -0.0420064 0 0.039708 0 0 -0.0406304  0.146393 0 0.292875 0 0 0.17447  0 0 0 0 0 0  
163.991 4.03272 0.0262578 -4.78084 0 3 0 0 -4.89292  -4.88103 0 2.66771 0 0 -5.0294  -0.0460694 0 0.0391 0 0 -0.0350193  0.146264 0 0.293189 0 0 0.171502  0 0 0 0 0 0  
164.619 4.04905 0.0254685 -4.52157 0 3 0 0 -4.80756  -4.63287 0 2.67881 0 0 -4.95944  -0.0406029 0 0.0369635 0 0 -0.0303521  0.151905 0 0.284226 0 0 0.182231  0 0 0 0 0 0  
165.248 4.06512 0.0247501 -4.38241 0 3 0 0 -4.81982  -4.50437 0 2.65823 0 0 -4.99166  -0.0517294 0 0.0337085 0 0 -0.0419703  0.173689 0 0.308062 0 0 0.213811  0 0 0 0 0 0  
165.876 4.08137 0.0258747 -4.2617 0 3 0 0 -4.75938  -4.3912 0 2.63718 0 0 -4.94252  -0.0479542 0 0.036654 0 0 -0.0376167  0.177451 0 0.32617 0 0 0.220747  0 0 0 0 0 0  
166.504 4.09783 0.0268173 -4.267 0 3 0 0 -4.74741  -4.37574 0 2.63247 0 0 -4.92508  -0.0371728 0 0.0311425 0 0 -0.0237214  0.145912 0 0.336387 0 0 0.201387  0 0 0 0 0 0  
167.133 4.1147 0.0267172 -4.2703 0 3 0 0 -4.83104  -4.36089 0 2.63756 0 0 -4.99878  -0.0400732 0 0.0337572 0 0 -0.0244321  0.130665 0 0.328687 0 0 0.192173  0 0 0 0 0 0  
167.761 4.13163 0.0266318 -4.2085 0 3 0 0 -4.94642  -4.29537 0 2.63326 0 0 -5.10762  -0.0447834 0 0.0339273 0 0 -0.0325078  0.131653 0 0.332813 0 0 0.193712  0 0 0 0 0 0  
168.389 4.14826 0.0259276 -4.27134 0 3 0 0 -4.97292  -4.34987 0 2.64995 0 0 -5.13353  -0.0432203 0 0.0379213 0 0 -0.0260768  0.12175 0 0.31213 0 0 0.186685  0 0 0 0 0 0  
169.018 4.16483 0.0269187 -4.42592 0 3 0 0 -4.86221  -4.50709 0 2.64744 0 0 -5.03329  -0.0446053 0 0.0343487 0 0 -0.0360265  0.12577 0 0.318213 0 0 0.2071  0 0 0 0 0 0  
169.646 4.18195 0.0281953 -4.53161 0 3 0 0 -4.74319  -4.61891 0 2.62998 0 0 -4.91092  -0.0522648 0 0.036469 0 0 -0.040606  0.139567 0 0.333551 0 0 0.208335  0 0 0 0 0 0  
170.274 4.19963 0.0272729 -4.6255 0 3 0 0 -4.57723  -4.72529 0 2.63328 0 0 -4.73742  -0.0558694 0 0.0362547 0 0 -0.0439852  0.155655 0 0.330461 0 0 0.204174  0 0 0 0 0 0  
170.903 4.21627 0.0261558 -4.64664 0 3 0 0 -4.36994  -4.75085 0 2.64651 0 0 -4.55256  -0.0500505 0 0.0314928 0 0 -0.0318284  0.154262 0 0.321995 0 0 0.21445  0 0 0 0 0 0  
171.531 4.23252 0.0256116 -4.70979 0 3 0 0 -4.19452  -4.82232 0 2.64942 0 0 -4.39155  -0.0464903 0 0.0294112 0 0 -0.034225  0.159019 0 0.321166 0 0 0.231255  0 0 0 0 0 0  
172.159 4.24901 0.0265352 -4.73204 0 3 0 0 -4.11561  -4.84355 0 2.62801 0 0 -4.30874  -0.0501402 0 0.0313508 0 0 -0.0398332  0.161649 0 0.340643 0 0 0.232962  0 0 0 0 0 0  
172.788 4.26551 0.0264242 -4.86036 0 3 0 0 -4.18216  -4.96065 0 2.62727 0 0 -4.35433  -0.0537509 0 0.0349379 0 0 -0.0409132  0.154037 0 0.337789 0 0 0.213088  0 0 0 0 0 0  
173.416 4.28178 0.0249575 -5.01539 0 3 0 0 -4.37187  -5.10124 0 2.65564 0 0 -4.51143  -0.0460859 0 0.0351634 0 0 -0.0378641  0.131942 0 0.309195 0 0 0.177422  0 0 0 0 0 0  
174.044 4.2967 0.0230923 -5.06619 0 3 0 0 -4.57061  -5.14921 0 2.6897 0 0 -4.70204  -0.0340725 0 0.0303748 0 0 -0.0302891  0.117089 0 0.279927 0 0 0.161726  0 0 0 0 0 0  
174.673 4.31065 0.0219168 -5.06772 0 3 0 0 -4.68159  -5.14134 0 2.71251 0 0 -4.79589  -0.0327671 0 0.0310324 0 0 -0.0231641  0.10639 0 0.256459 0 0 0.137462  0 0 0 0 0 0  
175.301 4.32495 0.0229633 -5.12011 0 3 0 0 -4.65225  -5.1978 0 2.68801 0 0 -4.78588  -0.0324839 0 0.0303567 0 0 -0.0279672  0.110174 0 0.281631 0 0 0.161597  0 0 0 0 0 0  
175.929 4.33971 0.0237031 -5.20475 0 3 0 0 -4.72154  -5.2861 0 2.67755 0 0 -4.85381  -0.0334403 0 0.0335462 0 0 -0.0256437  0.114789 0 0.288903 0 0 0.157921  0 0 0 0 0 0  
176.558 4.35493 0.0248263 -5.26436 0 3 0 0 -4.82908  -5.35245 0 2.68798 0 0 -4.96025  -0.0236586 0 0.0377174 0 0 -0.0182931  0.111743 0 0.274305 0 0 0.149465  0 0 0 0 0 0  
177.186 4.37061 0.025452 -5.33113 0 3 0 0 -4.88563  -5.40307 0 2.68898 0 0 -5.00723  -0.0242858 0 0.0431033 0 0 -0.0140054  0.0962297 0 0.267916 0 0 0.135601  0 0 0 0 0 0  
177.814 4.38701 0.0266265 -5.3326 0 3 0 0 -4.92641  -5.39637 0 2.67569 0 0 -5.03297  -0.0282825 0 0.0496431 0 0 -0.0173444  0.0920519 0 0.274665 0 0 0.123903  0 0 0 0 0 0  
178.442 4.40417 0.0281232 -5.33197 0 3 0 0 -4.77614  -5.41928 0 2.66397 0 0 -4.92411  -0.0356407 0 0.0463495 0 0 -0.0193803  0.122955 0 0.289678 0 0 0.167348  0 0 0 0 0 0  
179.071 4.42206 0.0287884 -5.30624 0 3 0 0 -4.60469  -5.41896 0 2.65461 0 0 -4.7633  -0.0367985 0 0.0456271 0 0 -0.0209832  0.14952 0 0.29976 0 0 0.179586  0 0 0 0 0 0  
179.699 4.43996 0.0286254 -5.20938 0 3 0 0 -4.49431  -5.33064 0 2.6423 0 0 -4.67591  -0.0350977 0 0.0463018 0 0 -0.0128826  0.156359 0 0.311401 0 0 0.194484  0 0 0 0 0 0  
180.327 4.45821 0.0293197 -5.03506 0 3 0 0 -4.40665  -5.16541 0 2.62663 0 0 -4.61587  -0.0423499 0 0.0458354 0 0 -0.015116  0.172704 0 0.32753 0 0 0.224335  0 0 0 0 0 0  
180.956 4.47699 0.0304151 -4.9006 0 3 0 0 -4.40907  -5.02803 0 2.61472 0 0 -4.60901  -0.0457811 0 0.0459107 0 0 -0.0276294  0.173208 0 0.339374 0 0 0.227565  0 0 0 0 0 0  
181.584 4.49624 0.030075 -4.86287 0 3 0 0 -4.26548  -5.00008 0 2.59098 0 0 -4.48861  -0.0511574 0 0.0424921 0 0 -0.0443103  0.188373 0 0.366529 0 0 0.26744  0 0 0 0 0 0  
182.212 4.51511 0.0303543 -4.77334 0 3 0 0 -4.16191  -4.94742 0 2.57016 0 0 -4.39105  -0.0535019 0 0.041451 0 0 -0.0506641  0.227586 0 0.388385 0 0 0.279802  0 0 0 0 0 0  
182.841 4.53398 0.0297991 -4.77426 0 3 0 0 -4.22074  -4.9424 0 2.5589 0 0 -4.42263  -0.0697086 0 0.0435864 0 0 -0.0633164  0.23785 0 0.39751 0 0 0.265201  0 0 0 0 0 0  
183.469 4.55185 0.0274009 -4.79236 0 3 0 0 -4.35595  -4.94525 0 2.58379 0 0 -4.52949  -0.0578443 0 0.0449673 0 0 -0.0549792  0.210741 0 0.371243 0 0 0.228525  0 0 0 0 0 0  
184.097 4.56881 0.026945 -4.85588 0 3 0 0 -4.46041  -5.0008 0 2.60779 0 0 -4.6292  -0.0533129 0 0.0404395 0 0 -0.0477312  0.198227 0 0.351768 0 0 0.216517  0 0 0 0 0 0  
184.726 4.58559 0.0262819 -4.94631 0 3 0 0 -4.62437  -5.07617 0 2.62368 0 0 -4.77175  -0.0530411 0 0.0382165 0 0 -0.0577649  0.182903 0 0.338102 0 0 0.205141  0 0 0 0 0 0  
185.354 4.60194 0.0257096 -5.0295 0 3 0 0 -4.67612  -5.14118 0 2.64543 0 0 -4.80052  -0.048856 0 0.0388883 0 0 -0.0455426  0.160538 0 0.315677 0 0 0.169947  0 0 0 0 0 0  
185.982 4.61771 0.0247204 -5.10064 0 3 0 0 -4.78292  -5.19634 0 2.68551 0 0 -4.9003  -0.0493532 0 0.0358946 0 0 -0.0353684  0.145054 0 0.278593 0 0 0.152748  0 0 0 0 0 0  
186.611 4.63256 0.0229039 -5.32679 0 3 0 0 -4.92132  -5.40234 0 2.70505 0 0 -5.00561  -0.0453712 0 0.0377783 0 0 -0.0362458  0.120915 0 0.257174 0 0 0.120535  0 0 0 0 0 0  
187.239 4.64666 0.0217375 -5.46446 0 3 0 0 -5.09294  -5.52936 0 2.74158 0 0 -5.167  -0.0363355 0 0.0363259 0 0 -0.034021  0.10124 0 0.222096 0 0 0.108083  0 0 0 0 0 0  
187.867 4.66019 0.0211583 -5.48855 0 3 0 0 -5.19187  -5.55518 0 2.75299 0 0 -5.26872  -0.0324036 0 0.0346304 0 0 -0.0323637  0.0990359 0 0.212381 0 0 0.109208  0 0 0 0 0 0  
188.496 4.67386 0.0221256 -5.44744 0 3 0 0 -5.33305  -5.50441 0 2.74529 0 0 -5.41415  -0.0364099 0 0.0349634 0 0 -0.0344697  0.0933805 0 0.219744 0 0 0.115573  0 0 0 0 0 0  
189.124 4.68794 0.0228537 -5.39628 0 3 0 0 -5.4264  -5.45178 0 2.73825 0 0 -5.50776  -0.0436687 0 0.0368279 0 0 -0.0358364  0.0991717 0 0.224923 0 0 0.117198  0 0 0 0 0 0  
189.752 4.70251 0.0235478 -5.33764 0 3 0 0 -5.49498  -5.39349 0 2.73564 0 0 -5.57607  -0.0462248 0 0.0389405 0 0 -0.0333867  0.102072 0 0.225423 0 0 0.114475  0 0 0 0 0 0  
190.381 4.71757 0.0241668 -5.24269 0 3 0 0 -5.41727  -5.30624 0 2.72604 0 0 -5.51081  -0.0424323 0 0.0380778 0 0 -0.0328786  0.105977 0 0.235887 0 0 0.126421  0 0 0 0 0 0  
191.009 4.73276 0.0243354 -5.09696 0 3 0 0 -5.30483  -5.17154 0 2.71271 0 0 -5.39956  -0.0380785 0 0.041332 0 0 -0.0341553  0.112655 0 0.245963 0 0 0.128883  0 0 0 0 0 0  
191.637 4.7482 0.0247524 -4.99086 0 3 0 0 -5.22899  -5.08221 0 2.69366 0 0 -5.33731  -0.0384754 0 0.0423999 0 0 -0.0343082  0.129821 0 0.263939 0 0 0.142626  0 0 0 0 0 0  
192.265 4.76386 0.025231 -4.99532 0 3 0 0 -5.16901  -5.08281 0 2.69099 0 0 -5.29213  -0.0420179 0 0.0401257 0 0 -0.0367275  0.129507 0 0.26888 0 0 0.159848  0 0 0 0 0 0  
192.894 4.77956 0.0252027 -5.03207 0 3 0 0 -5.1051  -5.12938 0 2.69986 0 0 -5.23878  -0.0401644 0 0.0407414 0 0 -0.0357745  0.137471 0 0.259399 0 0 0.169453  0 0 0 0 0 0  
193.522 4.79542 0.0252741 -5.0873 0 3 0 0 -5.0418  -5.18979 0 2.69962 0 0 -5.19036  -0.0413221 0 0.0367192 0 0 -0.0391796  0.143811 0 0.263658 0 0 0.187741  0 0 0 0 0 0  
194.15 4.81125 0.0250889 -5.01286 0 3 0 0 -5.01768  -5.11679 0 2.70232 0 0 -5.171  -0.0371863 0 0.0387673 0 0 -0.0340206  0.141123 0 0.258909 0 0 0.18734  0 0 0 0 0 0  
194.779 4.82705 0.0248986 -4.9291 0 3 0 0 -5.02841  -5.05137 0 2.69192 0 0 -5.18618  -0.0361078 0 0.0407377 0 0 -0.0382008  0.158376 0 0.267343 0 0 0.195969  0 0 0 0 0 0  
195.407 4.84243 0.0241852 -5.0224 0 3 0 0 -4.99636  -5.15001 0 2.69705 0 0 -5.15597  -0.0307134 0 0.0403348 0 0 -0.0260632  0.158318 0 0.262618 0 0 0.185677  0 0 0 0 0 0  
196.035 4.85774 0.0242922 -5.04848 0 3 0 0 -5.06721  -5.1611 0 2.70454 0 0 -5.21338  -0.0292113 0 0.0411431 0 0 -0.0276297  0.141824 0 0.254313 0 0 0.173797  0 0 0 0 0 0  
196.664 4.87294 0.0242906 -5.0286 0 3 0 0 -5.14305  -5.12897 0 2.71079 0 0 -5.28422  -0.0346337 0 0.0401702 0 0 -0.0313646  0.135009 0 0.249043 0 0 0.172536  0 0 0 0 0 0  
197.292 4.88844 0.0247033 -5.02281 0 3 0 0 -5.17476  -5.1075 0 2.70087 0 0 -5.31425  -0.0366952 0 0.04179 0 0 -0.0269894  0.121392 0 0.257337 0 0 0.166478  0 0 0 0 0 0  
197.92 4.90416 0.0250583 -4.9328 0 3 0 0 -5.15613  -5.04312 0 2.68332 0 0 -5.31447  -0.0386623 0 0.0403257 0 0 -0.0249962  0.148992 0 0.276352 0 0 0.183341  0 0 0 0 0 0  
198.549 4.91985 0.0242723 -4.93644 0 3 0 0 -5.18419  -5.04406 0 2.68948 0 0 -5.33117  -0.0482658 0 0.040906 0 0 -0.0264631  0.15589 0 0.269612 0 0 0.173449  0 0 0 0 0 0  
199.177 4.93485 0.0232614 -5.0676 0 3 0 0 -5.31389  -5.16812 0 2.69941 0 0 -5.46163  -0.0423323 0 0.0404015 0 0 -0.0311497  0.142845 0 0.260192 0 0 0.178889  0 0 0 0 0 0  
199.805 4.94913 0.0215919 -5.15717 0 3 0 0 -5.47652  -5.24801 0 2.74002 0 0 -5.59902  -0.0337433 0 0.0381365 0 0 -0.0204759  0.124576 0 0.221843 0 0 0.142981  0 0 0 0 0 0  
200.434 4.96242 0.0206447 -5.17473 0 3 0 0 -5.48625  -5.26301 0 2.75147 0 0 -5.6084  -0.0317082 0 0.0357455 0 0 -0.0201156  0.119985 0 0.212787 0 0 0.142271  0 0 0 0 0 0  
201.062 4.9757 0.0215701 -5.17806 0 3 0 0 -5.3849  -5.2566 0 2.74162 0 0 -5.50484  -0.0341149 0 0.0350316 0 0 -0.0152269  0.112652 0 0.223349 0 0 0.135167  0 0 0 0 0 0  
201.69 4.99011 0.0241428 -5.11651 0 3 0 0 -5.14218  -5.19498 0 2.70073 0 0 -5.27358  -0.0421302 0 0.0394141 0 0 -0.0237871  0.1206 0 0.259854 0 0 0.155195  0 0 0 0 0 0  
202.319 5.00613 0.0260583 -5.0477 0 3 0 0 -4.94676  -5.13188 0 2.66664 0 0 -5.09222  -0.0411505 0 0.047972 0 0 -0.0323145  0.125328 0 0.285386 0 0 0.177774  0 0 0 0 0 0  
