# LF_DEM version v3.0-126-gb72fb1a
# np 1000
# VF 0.76
# Lx 73.993
# Ly 0
# Lz 73.993
# flow_type shear
# data in cl units.
#1: time
#2: cumulated strain
#3: shear rate
#4-9: total stress tensor (xx, xy, xz, yz, yy, zz)
#10-15: contact stress tensor (xx, xy, xz, yz, yy, zz)
#16-21: dashpot stress tensor (xx, xy, xz, yz, yy, zz)
#22-27: hydro stress tensor (xx, xy, xz, yz, yy, zz)
#28-33: repulsion stress tensor (xx, xy, xz, yz, yy, zz)

0.00942478 0.00041265 0.0437835 -2.18453 0 2 0 0 -2.03746  -2.48398 0 1.34945 0 0 -2.42771  -0.157869 0 0.0394666 0 0 -0.152167  0.457314 0 0.611081 0 0 0.54242  0 0 0 0 0 0  
0.942478 0.0344767 0.0329551 -2.33504 0 2 0 0 -2.22007  -2.56681 0 1.5057 0 0 -2.5094  -0.108548 0 0.0310998 0 0 -0.100003  0.34031 0 0.463205 0 0 0.389336  0 0 0 0 0 0  
1.88496 0.0639159 0.0301471 -2.59661 0 2 0 0 -2.34425  -2.7698 0 1.56759 0 0 -2.57207  -0.090015 0 0.0343243 0 0 -0.0842033  0.263198 0 0.398084 0 0 0.312024  0 0 0 0 0 0  
2.82743 0.0914498 0.0278084 -2.81582 0 2 0 0 -2.52943  -2.95747 0 1.61789 0 0 -2.70971  -0.0690171 0 0.0352443 0 0 -0.076459  0.210667 0 0.346867 0 0 0.256741  0 0 0 0 0 0  
3.76991 0.116685 0.0260604 -2.90205 0 2 0 0 -2.68904  -3.02718 0 1.65981 0 0 -2.84255  -0.0578055 0 0.0318094 0 0 -0.0600471  0.182939 0 0.308383 0 0 0.213555  0 0 0 0 0 0  
4.71239 0.140618 0.0249274 -2.96255 0 2 0 0 -2.75956  -3.08756 0 1.67628 0 0 -2.90292  -0.0544507 0 0.030148 0 0 -0.0571662  0.179465 0 0.293571 0 0 0.200528  0 0 0 0 0 0  
5.65487 0.164394 0.0255696 -2.92934 0 2 0 0 -2.89793  -3.04834 0 1.66834 0 0 -3.03577  -0.0499632 0 0.034757 0 0 -0.0498946  0.168962 0 0.296904 0 0 0.187738  0 0 0 0 0 0  
6.59734 0.188538 0.025184 -2.80448 0 2 0 0 -2.92571  -2.93324 0 1.65849 0 0 -3.06147  -0.0494414 0 0.0358834 0 0 -0.047305  0.178204 0 0.305625 0 0 0.183073  0 0 0 0 0 0  
7.53982 0.211612 0.0241772 -2.75773 0 2 0 0 -2.95948  -2.87879 0 1.66978 0 0 -3.07807  -0.05391 0 0.0373518 0 0 -0.0547801  0.174966 0 0.292867 0 0 0.173363  0 0 0 0 0 0  
8.4823 0.234113 0.0239554 -2.80952 0 2 0 0 -3.07667  -2.92652 0 1.68102 0 0 -3.19719  -0.0477115 0 0.0326265 0 0 -0.0504124  0.164708 0 0.286353 0 0 0.170941  0 0 0 0 0 0  
9.42478 0.257584 0.0256685 -2.737 0 2 0 0 -3.10893  -2.86885 0 1.6581 0 0 -3.25079  -0.0462243 0 0.0293021 0 0 -0.0514046  0.178071 0 0.312602 0 0 0.193264  0 0 0 0 0 0  
10.3673 0.282028 0.0256928 -2.64429 0 2 0 0 -2.98126  -2.78613 0 1.64092 0 0 -3.1503  -0.0569867 0 0.028555 0 0 -0.0495801  0.198824 0 0.330524 0 0 0.218615  0 0 0 0 0 0  
11.3097 0.306254 0.0260183 -2.55865 0 2 0 0 -2.88722  -2.71528 0 1.63151 0 0 -3.07172  -0.0610949 0 0.0276769 0 0 -0.0546023  0.21772 0 0.34081 0 0 0.239095  0 0 0 0 0 0  
12.2522 0.330336 0.0254293 -2.54372 0 2 0 0 -2.92849  -2.70767 0 1.63398 0 0 -3.10068  -0.0622437 0 0.030006 0 0 -0.0568247  0.226188 0 0.336015 0 0 0.229006  0 0 0 0 0 0  
13.1947 0.353707 0.0241434 -2.59829 0 2 0 0 -3.02884  -2.75671 0 1.6475 0 0 -3.18929  -0.0739016 0 0.0287987 0 0 -0.0599976  0.232326 0 0.323705 0 0 0.220442  0 0 0 0 0 0  
14.1372 0.376273 0.0231932 -2.68151 0 2 0 0 -3.07855  -2.82933 0 1.67755 0 0 -3.22595  -0.0630047 0 0.0289066 0 0 -0.0453434  0.210832 0 0.293545 0 0 0.192744  0 0 0 0 0 0  
15.0796 0.39757 0.0222758 -2.88074 0 2 0 0 -3.09747  -3.00216 0 1.70566 0 0 -3.2262  -0.0647992 0 0.0265389 0 0 -0.0423113  0.186223 0 0.267803 0 0 0.171044  0 0 0 0 0 0  
16.0221 0.418644 0.0224452 -3.02614 0 2 0 0 -3.1253  -3.13247 0 1.70148 0 0 -3.2382  -0.0588453 0 0.0289118 0 0 -0.0430876  0.165175 0 0.269609 0 0 0.155988  0 0 0 0 0 0  
16.9646 0.439693 0.0225137 -3.05942 0 2 0 0 -3.12406  -3.17586 0 1.70957 0 0 -3.2406  -0.0518538 0 0.0251145 0 0 -0.0464476  0.16829 0 0.265318 0 0 0.162989  0 0 0 0 0 0  
17.9071 0.460732 0.0225276 -3.04743 0 2 0 0 -3.18125  -3.161 0 1.71983 0 0 -3.29818  -0.0459416 0 0.0232874 0 0 -0.043805  0.159511 0 0.256884 0 0 0.160737  0 0 0 0 0 0  
18.8496 0.482699 0.0239624 -2.97163 0 2 0 0 -3.19226  -3.08149 0 1.70881 0 0 -3.30814  -0.0416044 0 0.0282084 0 0 -0.0443663  0.151464 0 0.262981 0 0 0.16025  0 0 0 0 0 0  
19.792 0.505581 0.0246855 -2.86562 0 2 0 0 -3.14816  -2.97498 0 1.67842 0 0 -3.27054  -0.0513147 0 0.029991 0 0 -0.0471814  0.160671 0 0.291593 0 0 0.169561  0 0 0 0 0 0  
20.7345 0.529009 0.0246846 -2.77226 0 2 0 0 -3.06163  -2.88786 0 1.66681 0 0 -3.20816  -0.0519283 0 0.0338775 0 0 -0.0525812  0.167527 0 0.299313 0 0 0.199117  0 0 0 0 0 0  
21.677 0.552565 0.024804 -2.73766 0 2 0 0 -3.01889  -2.83353 0 1.66875 0 0 -3.13215  -0.0491548 0 0.0381406 0 0 -0.0446943  0.145026 0 0.293107 0 0 0.157954  0 0 0 0 0 0  
22.6195 0.576038 0.0247028 -2.77726 0 2 0 0 -3.09672  -2.88218 0 1.67215 0 0 -3.21373  -0.0496265 0 0.0354945 0 0 -0.0443968  0.154553 0 0.292352 0 0 0.161409  0 0 0 0 0 0  
23.5619 0.600003 0.0256507 -2.73212 0 2 0 0 -3.08991  -2.86495 0 1.6454 0 0 -3.23177  -0.0495161 0 0.0362606 0 0 -0.0538635  0.18235 0 0.31834 0 0 0.195729  0 0 0 0 0 0  
24.5044 0.624736 0.0264491 -2.58424 0 2 0 0 -2.91817  -2.74462 0 1.61475 0 0 -3.10925  -0.0624994 0 0.0330062 0 0 -0.0597992  0.222875 0 0.352241 0 0 0.250887  0 0 0 0 0 0  
25.4469 0.649574 0.0261339 -2.6684 0 2 0 0 -2.8049  -2.80966 0 1.61644 0 0 -2.99557  -0.0620146 0 0.0362376 0 0 -0.056087  0.203278 0 0.34732 0 0 0.246766  0 0 0 0 0 0  
26.3894 0.673493 0.0248213 -2.7855 0 2 0 0 -2.80229  -2.90256 0 1.64014 0 0 -2.9722  -0.0504157 0 0.0345515 0 0 -0.0581644  0.167478 0 0.325312 0 0 0.228079  0 0 0 0 0 0  
27.3319 0.696828 0.0245451 -2.93676 0 2 0 0 -2.76206  -3.05047 0 1.65567 0 0 -2.9303  -0.0485897 0 0.0366683 0 0 -0.05098  0.162292 0 0.307659 0 0 0.219218  0 0 0 0 0 0  
28.2743 0.719347 0.0237687 -2.99771 0 2 0 0 -2.82632  -3.11256 0 1.68143 0 0 -2.99627  -0.0426009 0 0.0319779 0 0 -0.0450113  0.157447 0 0.28659 0 0 0.214964  0 0 0 0 0 0  
29.2168 0.74184 0.0239283 -3.06955 0 2 0 0 -2.86734  -3.18054 0 1.69386 0 0 -3.02685  -0.0465331 0 0.0316779 0 0 -0.0466473  0.157524 0 0.274465 0 0 0.206159  0 0 0 0 0 0  
30.1593 0.764711 0.0246011 -3.07773 0 2 0 0 -2.88101  -3.19441 0 1.6908 0 0 -3.02695  -0.045867 0 0.0332376 0 0 -0.0518422  0.162548 0 0.275963 0 0 0.197783  0 0 0 0 0 0  
31.1018 0.788498 0.0251855 -2.98096 0 2 0 0 -2.80035  -3.10075 0 1.67407 0 0 -2.94501  -0.0443979 0 0.0320657 0 0 -0.0568954  0.164189 0 0.293867 0 0 0.201557  0 0 0 0 0 0  
32.0442 0.812377 0.0254974 -2.92814 0 2 0 0 -2.77901  -3.05202 0 1.66287 0 0 -2.92878  -0.0506547 0 0.0317565 0 0 -0.0533564  0.174533 0 0.305369 0 0 0.203129  0 0 0 0 0 0  
32.9867 0.836085 0.0251626 -2.96227 0 2 0 0 -2.77542  -3.06897 0 1.68266 0 0 -2.92313  -0.043751 0 0.0304015 0 0 -0.043188  0.150446 0 0.286938 0 0 0.190895  0 0 0 0 0 0  
33.9292 0.860242 0.025744 -2.92561 0 2 0 0 -2.75123  -3.04372 0 1.67384 0 0 -2.90039  -0.043414 0 0.0308894 0 0 -0.0394941  0.161519 0 0.295276 0 0 0.188659  0 0 0 0 0 0  
34.8717 0.884736 0.0266049 -2.81891 0 2 0 0 -2.71058  -2.95066 0 1.65133 0 0 -2.89085  -0.0468443 0 0.0321223 0 0 -0.0486463  0.178592 0 0.316548 0 0 0.228915  0 0 0 0 0 0  
35.8142 0.909791 0.0268593 -2.68873 0 2 0 0 -2.68688  -2.83315 0 1.62372 0 0 -2.8907  -0.0484116 0 0.0356002 0 0 -0.0519699  0.192826 0 0.340684 0 0 0.25579  0 0 0 0 0 0  
36.7566 0.935132 0.0268729 -2.65931 0 2 0 0 -2.79374  -2.80634 0 1.62451 0 0 -3.00738  -0.0505375 0 0.031538 0 0 -0.0479408  0.197566 0 0.343948 0 0 0.261578  0 0 0 0 0 0  
37.6991 0.960407 0.026772 -2.68839 0 2 0 0 -2.89226  -2.83408 0 1.64024 0 0 -3.09691  -0.0455964 0 0.0349455 0 0 -0.042227  0.191287 0 0.324819 0 0 0.246874  0 0 0 0 0 0  
38.6416 0.98553 0.0267463 -2.7516 0 2 0 0 -2.95823  -2.90019 0 1.63215 0 0 -3.17023  -0.0493184 0 0.0370574 0 0 -0.0429938  0.197907 0 0.33079 0 0 0.25499  0 0 0 0 0 0  
39.5841 1.01139 0.028108 -2.79634 0 2 0 0 -3.05079  -2.95035 0 1.61256 0 0 -3.25867  -0.046662 0 0.042 0 0 -0.0482427  0.200674 0 0.345437 0 0 0.256125  0 0 0 0 0 0  
40.5265 1.03834 0.0290598 -2.83634 0 2 0 0 -3.04214  -2.99746 0 1.61168 0 0 -3.25103  -0.0324199 0 0.0445404 0 0 -0.0390327  0.193537 0 0.343775 0 0 0.247918  0 0 0 0 0 0  
41.469 1.06587 0.0291893 -2.85762 0 2 0 0 -2.97017  -2.98404 0 1.63315 0 0 -3.17881  -0.0342192 0 0.0430361 0 0 -0.0175049  0.160638 0 0.323813 0 0 0.22615  0 0 0 0 0 0  
42.4115 1.09339 0.029601 -2.88737 0 2 0 0 -2.97411  -2.9971 0 1.62283 0 0 -3.18383  -0.045668 0 0.0416983 0 0 -0.0298947  0.155405 0 0.335475 0 0 0.239613  0 0 0 0 0 0  
43.354 1.1215 0.030554 -2.91892 0 2 0 0 -2.89378  -3.03068 0 1.61191 0 0 -3.11459  -0.0561063 0 0.0433173 0 0 -0.0396758  0.167874 0 0.34477 0 0 0.260492  0 0 0 0 0 0  
44.2965 1.15068 0.0311048 -2.84992 0 2 0 0 -2.72743  -2.989 0 1.58438 0 0 -2.97142  -0.0697746 0 0.0381388 0 0 -0.0694902  0.208861 0 0.377481 0 0 0.313479  0 0 0 0 0 0  
45.2389 1.17971 0.0303963 -2.857 0 2 0 0 -2.65978  -3.00105 0 1.57262 0 0 -2.92302  -0.0695601 0 0.0407848 0 0 -0.0720515  0.213609 0 0.386591 0 0 0.335294  0 0 0 0 0 0  
46.1814 1.20811 0.0292827 -2.8925 0 2 0 0 -2.68532  -3.03331 0 1.59399 0 0 -2.93847  -0.0618122 0 0.0381021 0 0 -0.063879  0.202625 0 0.367904 0 0 0.317028  0 0 0 0 0 0  
47.1239 1.23526 0.0286887 -2.9135 0 2 0 0 -2.7934  -3.03928 0 1.61056 0 0 -3.01878  -0.057722 0 0.040817 0 0 -0.0524309  0.183497 0 0.34862 0 0 0.277805  0 0 0 0 0 0  
48.0664 1.26202 0.0282151 -2.90227 0 2 0 0 -2.79346  -3.04173 0 1.60667 0 0 -3.02194  -0.0593898 0 0.0444771 0 0 -0.0551505  0.198842 0 0.348849 0 0 0.283624  0 0 0 0 0 0  
49.0088 1.28858 0.028121 -2.90653 0 2 0 0 -2.74114  -3.06204 0 1.61245 0 0 -2.95632  -0.0507826 0 0.041485 0 0 -0.0422874  0.206291 0 0.346063 0 0 0.257468  0 0 0 0 0 0  
49.9513 1.31504 0.0275529 -2.90527 0 2 0 0 -2.65848  -3.05787 0 1.61953 0 0 -2.88894  -0.0550619 0 0.0353965 0 0 -0.0391446  0.207666 0 0.345069 0 0 0.269605  0 0 0 0 0 0  
50.8938 1.34094 0.0279185 -2.93625 0 2 0 0 -2.59898  -3.08202 0 1.61697 0 0 -2.80608  -0.0599636 0 0.0342896 0 0 -0.0382657  0.205736 0 0.348737 0 0 0.24537  0 0 0 0 0 0  
51.8363 1.36705 0.0271331 -2.933 0 2 0 0 -2.52241  -3.05717 0 1.61911 0 0 -2.71988  -0.0547852 0 0.0324851 0 0 -0.0561701  0.178955 0 0.34841 0 0 0.25364  0 0 0 0 0 0  
52.7788 1.39222 0.0261856 -2.98994 0 2 0 0 -2.56521  -3.11063 0 1.64441 0 0 -2.74902  -0.0527022 0 0.0291339 0 0 -0.0558101  0.173391 0 0.326454 0 0 0.23962  0 0 0 0 0 0  
53.7212 1.41618 0.0249366 -3.06341 0 2 0 0 -2.60138  -3.17508 0 1.66494 0 0 -2.77264  -0.0524728 0 0.0290838 0 0 -0.0491956  0.164144 0 0.305975 0 0 0.220454  0 0 0 0 0 0  
54.6637 1.43964 0.0245663 -3.06114 0 2 0 0 -2.65908  -3.1973 0 1.67416 0 0 -2.83458  -0.0471752 0 0.0273999 0 0 -0.0392209  0.183328 0 0.298444 0 0 0.214722  0 0 0 0 0 0  
55.6062 1.46193 0.0234733 -3.13392 0 2 0 0 -2.79682  -3.24715 0 1.69541 0 0 -2.95309  -0.0383152 0 0.0303633 0 0 -0.0334469  0.151551 0 0.274225 0 0 0.189716  0 0 0 0 0 0  
56.5487 1.48377 0.0229202 -3.24377 0 2 0 0 -2.85968  -3.34373 0 1.69815 0 0 -3.00825  -0.0371497 0 0.0319419 0 0 -0.034473  0.137109 0 0.269913 0 0 0.183049  0 0 0 0 0 0  
57.4911 1.50562 0.0229207 -3.31858 0 2 0 0 -2.911  -3.40075 0 1.70466 0 0 -3.05216  -0.0388054 0 0.0328661 0 0 -0.0377762  0.120978 0 0.26247 0 0 0.178941  0 0 0 0 0 0  
58.4336 1.52708 0.0223259 -3.37106 0 2 0 0 -2.93076  -3.45327 0 1.7154 0 0 -3.0591  -0.0380433 0 0.0357659 0 0 -0.0290415  0.120251 0 0.248832 0 0 0.157382  0 0 0 0 0 0  
59.3761 1.54791 0.0218241 -3.3818 0 2 0 0 -2.83621  -3.47701 0 1.72079 0 0 -2.98276  -0.0345126 0 0.0327158 0 0 -0.0311403  0.129725 0 0.246498 0 0 0.17769  0 0 0 0 0 0  
60.3186 1.56816 0.0211534 -3.32959 0 2 0 0 -2.76315  -3.42113 0 1.72728 0 0 -2.90811  -0.0329001 0 0.0326967 0 0 -0.0291625  0.124435 0 0.240023 0 0 0.174121  0 0 0 0 0 0  
61.2611 1.58839 0.0219113 -3.33358 0 2 0 0 -2.74356  -3.43089 0 1.7264 0 0 -2.8959  -0.0354917 0 0.0304929 0 0 -0.0276181  0.132802 0 0.243109 0 0 0.179961  0 0 0 0 0 0  
62.2035 1.60978 0.0234361 -3.35539 0 2 0 0 -2.7211  -3.45278 0 1.70111 0 0 -2.88666  -0.0386275 0 0.0337782 0 0 -0.034948  0.13602 0 0.265109 0 0 0.20051  0 0 0 0 0 0  
63.146 1.6323 0.0245775 -3.3298 0 2 0 0 -2.72735  -3.43075 0 1.6958 0 0 -2.87605  -0.0412063 0 0.0354314 0 0 -0.0367043  0.142157 0 0.268767 0 0 0.1854  0 0 0 0 0 0  
64.0885 1.65577 0.0254722 -3.31472 0 2 0 0 -2.72343  -3.40841 0 1.68011 0 0 -2.88253  -0.0490874 0 0.0365665 0 0 -0.0428695  0.142777 0 0.283325 0 0 0.201967  0 0 0 0 0 0  
65.031 1.68088 0.0274572 -3.26412 0 2 0 0 -2.62264  -3.38776 0 1.63023 0 0 -2.80444  -0.0466154 0 0.0398618 0 0 -0.0597283  0.170254 0 0.32991 0 0 0.241529  0 0 0 0 0 0  
65.9734 1.70672 0.0274575 -3.15728 0 2 0 0 -2.49168  -3.30682 0 1.61482 0 0 -2.71347  -0.0462777 0 0.0442642 0 0 -0.0558216  0.195826 0 0.340918 0 0 0.277609  0 0 0 0 0 0  
66.9159 1.73227 0.0269856 -3.15164 0 2 0 0 -2.50007  -3.32172 0 1.62636 0 0 -2.72918  -0.0391575 0 0.0404744 0 0 -0.0425881  0.209241 0 0.333169 0 0 0.271698  0 0 0 0 0 0  
67.8584 1.75744 0.0270819 -3.12294 0 2 0 0 -2.5567  -3.28128 0 1.64667 0 0 -2.7708  -0.0294238 0 0.0415746 0 0 -0.0359617  0.187766 0 0.31176 0 0 0.25006  0 0 0 0 0 0  
68.8009 1.78274 0.0264515 -3.04806 0 2 0 0 -2.59565  -3.20059 0 1.63331 0 0 -2.80781  -0.0427382 0 0.0387531 0 0 -0.0395023  0.195269 0 0.32794 0 0 0.251659  0 0 0 0 0 0  
69.7434 1.80778 0.0268973 -2.92959 0 2 0 0 -2.64631  -3.0879 0 1.6356 0 0 -2.84045  -0.0411692 0 0.0379898 0 0 -0.0309346  0.199485 0 0.326406 0 0 0.225075  0 0 0 0 0 0  
70.6858 1.83334 0.0270352 -2.87354 0 2 0 0 -2.69773  -3.00521 0 1.6388 0 0 -2.87334  -0.0439684 0 0.038383 0 0 -0.0493781  0.17564 0 0.322813 0 0 0.224991  0 0 0 0 0 0  
71.6283 1.85832 0.0257867 -2.90784 0 2 0 0 -2.81247  -3.01033 0 1.65713 0 0 -2.95273  -0.0430927 0 0.0378762 0 0 -0.0578717  0.145577 0 0.304999 0 0 0.198134  0 0 0 0 0 0  
72.5708 1.88224 0.0248726 -2.89757 0 2 0 0 -2.94052  -3.01174 0 1.6644 0 0 -3.08931  -0.0480794 0 0.0334317 0 0 -0.0576705  0.162251 0 0.302164 0 0 0.206468  0 0 0 0 0 0  
73.5133 1.90526 0.0244336 -2.88715 0 2 0 0 -3.11566  -3.00423 0 1.67827 0 0 -3.26725  -0.042371 0 0.0333839 0 0 -0.0446891  0.159446 0 0.288342 0 0 0.196282  0 0 0 0 0 0  
74.4557 1.92838 0.024305 -2.87843 0 2 0 0 -3.25629  -2.98013 0 1.68045 0 0 -3.39579  -0.0496187 0 0.0325307 0 0 -0.04779  0.151325 0 0.287022 0 0 0.18729  0 0 0 0 0 0  
75.3982 1.95149 0.0246998 -2.81625 0 2 0 0 -3.32841  -2.90565 0 1.67632 0 0 -3.44177  -0.0442346 0 0.0364038 0 0 -0.0488873  0.133635 0 0.287281 0 0 0.162242  0 0 0 0 0 0  
76.3407 1.97505 0.0250698 -2.80289 0 2 0 0 -3.29759  -2.8791 0 1.6656 0 0 -3.40404  -0.0466804 0 0.0389291 0 0 -0.0531822  0.12289 0 0.295476 0 0 0.159633  0 0 0 0 0 0  
77.2832 1.9986 0.0250204 -2.91701 0 2 0 0 -3.30114  -2.9962 0 1.66369 0 0 -3.41095  -0.054105 0 0.0371285 0 0 -0.049966  0.133297 0 0.299184 0 0 0.159781  0 0 0 0 0 0  
78.2257 2.02181 0.0246091 -3.05892 0 2 0 0 -3.28768  -3.13403 0 1.67 0 0 -3.40018  -0.0526915 0 0.0347541 0 0 -0.0444328  0.127792 0 0.295245 0 0 0.156937  0 0 0 0 0 0  
79.1681 2.04477 0.0240269 -3.19443 0 2 0 0 -3.23812  -3.27071 0 1.67389 0 0 -3.34886  -0.0555844 0 0.0379128 0 0 -0.0461521  0.131868 0 0.288198 0 0 0.156886  0 0 0 0 0 0  
80.1106 2.06647 0.0222233 -3.39611 0 2 0 0 -3.27132  -3.46201 0 1.71134 0 0 -3.38091  -0.0429234 0 0.0321329 0 0 -0.0363483  0.108822 0 0.256528 0 0 0.145945  0 0 0 0 0 0  
81.0531 2.08624 0.0204305 -3.54892 0 2 0 0 -3.34144  -3.60483 0 1.74506 0 0 -3.44387  -0.0292104 0 0.0308416 0 0 -0.0272005  0.085123 0 0.224099 0 0 0.129636  0 0 0 0 0 0  
81.9956 2.10568 0.0210128 -3.58389 0 2 0 0 -3.3625  -3.6325 0 1.74697 0 0 -3.47576  -0.0225475 0 0.0318796 0 0 -0.0203542  0.0711579 0 0.221146 0 0 0.133614  0 0 0 0 0 0  
82.938 2.12573 0.020844 -3.61773 0 2 0 0 -3.34943  -3.67424 0 1.74539 0 0 -3.47614  -0.0281492 0 0.0300604 0 0 -0.0262401  0.0846598 0 0.224552 0 0 0.152951  0 0 0 0 0 0  
83.8805 2.14517 0.0207447 -3.55908 0 2 0 0 -3.33523  -3.62233 0 1.73949 0 0 -3.47071  -0.0372389 0 0.0278384 0 0 -0.031  0.100485 0 0.232673 0 0 0.166474  0 0 0 0 0 0  
84.823 2.16517 0.0215699 -3.50488 0 2 0 0 -3.33087  -3.58193 0 1.73787 0 0 -3.45956  -0.0339667 0 0.0269652 0 0 -0.0299534  0.11102 0 0.235167 0 0 0.158641  0 0 0 0 0 0  
85.7655 2.18538 0.0212138 -3.4464 0 2 0 0 -3.31381  -3.52939 0 1.74112 0 0 -3.4287  -0.0310476 0 0.0296787 0 0 -0.0276204  0.114036 0 0.229198 0 0 0.14251  0 0 0 0 0 0  
86.708 2.20587 0.0223103 -3.33394 0 2 0 0 -3.30354  -3.42737 0 1.72777 0 0 -3.4346  -0.0235642 0 0.0344079 0 0 -0.0195625  0.116995 0 0.237825 0 0 0.150626  0 0 0 0 0 0  
87.6504 2.22742 0.0231871 -3.17449 0 2 0 0 -3.19297  -3.2891 0 1.70285 0 0 -3.3489  -0.0369202 0 0.0326199 0 0 -0.0322747  0.151534 0 0.264531 0 0 0.188207  0 0 0 0 0 0  
88.5929 2.24967 0.0235007 -2.99381 0 2 0 0 -2.93631  -3.13956 0 1.6892 0 0 -3.12924  -0.0377138 0 0.0271662 0 0 -0.0366003  0.183459 0 0.283629 0 0 0.229526  0 0 0 0 0 0  
89.5354 2.27203 0.0245298 -2.8218 0 2 0 0 -2.69256  -2.98029 0 1.64229 0 0 -2.9113  -0.0470315 0 0.0291095 0 0 -0.0574155  0.205518 0 0.328599 0 0 0.276153  0 0 0 0 0 0  
90.4779 2.2954 0.0253898 -2.77092 0 2 0 0 -2.63536  -2.91176 0 1.62401 0 0 -2.84576  -0.0439735 0 0.0363715 0 0 -0.0526076  0.184819 0 0.339617 0 0 0.263006  0 0 0 0 0 0  
91.4203 2.31917 0.0247587 -2.71743 0 2 0 0 -2.62999  -2.83066 0 1.6393 0 0 -2.82078  -0.038415 0 0.0403631 0 0 -0.0443675  0.151646 0 0.320341 0 0 0.235155  0 0 0 0 0 0  
92.3628 2.34245 0.0248888 -2.72012 0 2 0 0 -2.64025  -2.83386 0 1.64932 0 0 -2.84181  -0.034824 0 0.0398549 0 0 -0.0342749  0.148565 0 0.310821 0 0 0.235829  0 0 0 0 0 0  
93.3053 2.36679 0.0266007 -2.76817 0 2 0 0 -2.69172  -2.88948 0 1.64768 0 0 -2.89106  -0.039045 0 0.0415797 0 0 -0.0331064  0.160354 0 0.31074 0 0 0.232448  0 0 0 0 0 0  
94.2478 2.39176 0.0256235 -2.87254 0 2 0 0 -2.84059  -2.97618 0 1.66294 0 0 -2.99693  -0.0410541 0 0.0429963 0 0 -0.0397399  0.144699 0 0.29406 0 0 0.196074  0 0 0 0 0 0  
95.1903 2.41562 0.024651 -2.96506 0 2 0 0 -3.02271  -3.0617 0 1.69067 0 0 -3.16582  -0.0424004 0 0.0370101 0 0 -0.0363936  0.139046 0 0.272315 0 0 0.179512  0 0 0 0 0 0  
96.1327 2.43868 0.0239792 -3.01758 0 2 0 0 -3.14355  -3.10907 0 1.69695 0 0 -3.28768  -0.0459618 0 0.0340339 0 0 -0.0398995  0.137454 0 0.269019 0 0 0.184031  0 0 0 0 0 0  
97.0752 2.4607 0.0224654 -3.14352 0 2 0 0 -3.15514  -3.21714 0 1.71089 0 0 -3.29343  -0.0501608 0 0.0316473 0 0 -0.0392317  0.123773 0 0.257461 0 0 0.177524  0 0 0 0 0 0  
98.0177 2.48173 0.0223854 -3.19798 0 2 0 0 -3.18461  -3.27356 0 1.70885 0 0 -3.31962  -0.0492811 0 0.0346349 0 0 -0.0364756  0.124863 0 0.256511 0 0 0.171489  0 0 0 0 0 0  
98.9602 2.50312 0.022838 -3.20581 0 2 0 0 -3.22919  -3.28235 0 1.70765 0 0 -3.36377  -0.043284 0 0.037272 0 0 -0.0400885  0.11983 0 0.255079 0 0 0.174667  0 0 0 0 0 0  
99.9026 2.52464 0.0231222 -3.1258 0 2 0 0 -3.22902  -3.20645 0 1.70501 0 0 -3.35387  -0.0501582 0 0.0388065 0 0 -0.041337  0.130814 0 0.256183 0 0 0.166178  0 0 0 0 0 0  
100.845 2.54674 0.0238136 -3.03078 0 2 0 0 -3.19486  -3.12859 0 1.68248 0 0 -3.34933  -0.0574525 0 0.0356222 0 0 -0.0491737  0.155262 0 0.281896 0 0 0.20364  0 0 0 0 0 0  
101.788 2.56895 0.0235456 -2.95059 0 2 0 0 -3.14558  -3.05483 0 1.69292 0 0 -3.30448  -0.0424689 0 0.0335226 0 0 -0.0338265  0.146708 0 0.273558 0 0 0.192729  0 0 0 0 0 0  
102.73 2.59131 0.0243573 -2.77709 0 2 0 0 -2.92944  -2.89163 0 1.67381 0 0 -3.1208  -0.0550866 0 0.0259187 0 0 -0.0441829  0.16963 0 0.300269 0 0 0.235539  0 0 0 0 0 0  
103.673 2.61379 0.0233826 -2.77422 0 2 0 0 -2.89481  -2.86927 0 1.69436 0 0 -3.06086  -0.0506647 0 0.0280228 0 0 -0.0427638  0.145711 0 0.277621 0 0 0.208815  0 0 0 0 0 0  
104.615 2.63583 0.0235208 -2.80595 0 2 0 0 -2.89534  -2.89839 0 1.68745 0 0 -3.05651  -0.0563781 0 0.0261626 0 0 -0.0450055  0.148818 0 0.286391 0 0 0.206182  0 0 0 0 0 0  
105.558 2.65753 0.0226863 -2.90536 0 2 0 0 -2.89343  -3.00074 0 1.69434 0 0 -3.03985  -0.0587154 0 0.0235698 0 0 -0.0422307  0.154097 0 0.282087 0 0 0.18865  0 0 0 0 0 0  
106.5 2.679 0.023345 -3.01165 0 2 0 0 -2.85438  -3.10815 0 1.68837 0 0 -2.99869  -0.0531588 0 0.0285031 0 0 -0.0452346  0.149661 0 0.28313 0 0 0.189545  0 0 0 0 0 0  
107.442 2.70143 0.0238612 -3.10389 0 2 0 0 -2.8021  -3.19488 0 1.68247 0 0 -2.93562  -0.0529361 0 0.0294538 0 0 -0.0460656  0.143931 0 0.288078 0 0 0.179587  0 0 0 0 0 0  
108.385 2.72383 0.0239845 -3.20796 0 2 0 0 -2.72064  -3.28231 0 1.66749 0 0 -2.84623  -0.0577662 0 0.0302479 0 0 -0.0530112  0.132115 0 0.302258 0 0 0.178595  0 0 0 0 0 0  
109.327 2.74627 0.0237429 -3.29854 0 2 0 0 -2.71958  -3.37315 0 1.66294 0 0 -2.84564  -0.0568603 0 0.0320333 0 0 -0.0512245  0.13148 0 0.305023 0 0 0.177291  0 0 0 0 0 0  
110.27 2.76835 0.0232699 -3.37987 0 2 0 0 -2.75523  -3.45647 0 1.67693 0 0 -2.87386  -0.0515972 0 0.0336524 0 0 -0.049316  0.128192 0 0.289421 0 0 0.167944  0 0 0 0 0 0  
111.212 2.79043 0.0234023 -3.43318 0 2 0 0 -2.70658  -3.51521 0 1.69219 0 0 -2.84197  -0.0450687 0 0.0318095 0 0 -0.0476466  0.127099 0 0.276005 0 0 0.183042  0 0 0 0 0 0  
112.155 2.81218 0.0228678 -3.51864 0 2 0 0 -2.74206  -3.60629 0 1.71422 0 0 -2.87692  -0.0421824 0 0.0293082 0 0 -0.0393273  0.129836 0 0.256474 0 0 0.174186  0 0 0 0 0 0  
113.097 2.833 0.0215571 -3.63461 0 2 0 0 -2.7268  -3.71529 0 1.73524 0 0 -2.85811  -0.0432547 0 0.029146 0 0 -0.0321662  0.123942 0 0.235618 0 0 0.163473  0 0 0 0 0 0  
114.04 2.85307 0.0213488 -3.69243 0 2 0 0 -2.65123  -3.76651 0 1.73624 0 0 -2.78401  -0.0467753 0 0.0299536 0 0 -0.0334081  0.120857 0 0.233805 0 0 0.166187  0 0 0 0 0 0  
114.982 2.8733 0.0216379 -3.67531 0 2 0 0 -2.65582  -3.753 0 1.7272 0 0 -2.78536  -0.0458901 0 0.0307645 0 0 -0.0348202  0.123573 0 0.24204 0 0 0.164362  0 0 0 0 0 0  
115.925 2.8937 0.0211474 -3.61862 0 2 0 0 -2.63288  -3.71085 0 1.72494 0 0 -2.7682  -0.0394436 0 0.0304938 0 0 -0.0269087  0.131671 0 0.244566 0 0 0.162234  0 0 0 0 0 0  
116.867 2.91313 0.0206988 -3.57278 0 2 0 0 -2.6037  -3.65986 0 1.71977 0 0 -2.75036  -0.0435304 0 0.0272906 0 0 -0.0357017  0.130617 0 0.252936 0 0 0.182353  0 0 0 0 0 0  
117.81 2.93229 0.0206615 -3.6301 0 2 0 0 -2.66233  -3.71621 0 1.71512 0 0 -2.80695  -0.0454298 0 0.0268673 0 0 -0.0335077  0.131537 0 0.258015 0 0 0.178128  0 0 0 0 0 0  
118.752 2.95191 0.0208821 -3.56791 0 2 0 0 -2.65944  -3.65538 0 1.71584 0 0 -2.8208  -0.0420056 0 0.0265139 0 0 -0.0317475  0.129482 0 0.257649 0 0 0.193106  0 0 0 0 0 0  
119.695 2.97224 0.0219833 -3.51898 0 2 0 0 -2.66606  -3.62673 0 1.71458 0 0 -2.82015  -0.0362557 0 0.0273678 0 0 -0.0267644  0.143999 0 0.258047 0 0 0.180853  0 0 0 0 0 0  
120.637 2.99346 0.0228239 -3.54339 0 2 0 0 -2.76606  -3.65295 0 1.7103 0 0 -2.89893  -0.0354114 0 0.0316185 0 0 -0.0311979  0.144975 0 0.258082 0 0 0.164061  0 0 0 0 0 0  
121.58 3.01542 0.0235416 -3.51363 0 2 0 0 -2.86264  -3.61958 0 1.70399 0 0 -2.99481  -0.0400845 0 0.029712 0 0 -0.0375374  0.146031 0 0.2663 0 0 0.169702  0 0 0 0 0 0  
122.522 3.03836 0.02517 -3.36119 0 2 0 0 -2.82943  -3.475 0 1.68459 0 0 -2.96336  -0.0421749 0 0.0327206 0 0 -0.0418147  0.155989 0 0.282694 0 0 0.175746  0 0 0 0 0 0  
123.465 3.06304 0.0269044 -3.19833 0 2 0 0 -2.73277  -3.35599 0 1.63821 0 0 -2.89174  -0.0462015 0 0.0352695 0 0 -0.0624197  0.203859 0 0.326519 0 0 0.221383  0 0 0 0 0 0  
124.407 3.08868 0.027153 -2.98866 0 2 0 0 -2.62873  -3.14452 0 1.6259 0 0 -2.78935  -0.044129 0 0.0415842 0 0 -0.0611363  0.199988 0 0.332513 0 0 0.221754  0 0 0 0 0 0  
125.35 3.11362 0.0258869 -2.86511 0 2 0 0 -2.60454  -3.0403 0 1.62766 0 0 -2.78007  -0.0422001 0 0.0362608 0 0 -0.0631096  0.217386 0 0.336075 0 0 0.23864  0 0 0 0 0 0  
126.292 3.1379 0.0257634 -2.83556 0 2 0 0 -2.67232  -3.00139 0 1.64094 0 0 -2.86009  -0.0352185 0 0.0333088 0 0 -0.0432576  0.201053 0 0.325756 0 0 0.231019  0 0 0 0 0 0  
127.235 3.16153 0.0243302 -2.85986 0 2 0 0 -2.72853  -2.99959 0 1.67137 0 0 -2.90501  -0.0310094 0 0.0297854 0 0 -0.0353384  0.170733 0 0.298842 0 0 0.211818  0 0 0 0 0 0  
128.177 3.18385 0.0231336 -2.94125 0 2 0 0 -2.8667  -3.04702 0 1.69382 0 0 -3.01241  -0.0372314 0 0.0316788 0 0 -0.0343588  0.143006 0 0.274496 0 0 0.180066  0 0 0 0 0 0  
129.119 3.20532 0.0225339 -2.92901 0 2 0 0 -3.01463  -3.02719 0 1.70818 0 0 -3.14097  -0.0344704 0 0.0309697 0 0 -0.0263808  0.132652 0 0.260851 0 0 0.152719  0 0 0 0 0 0  
130.062 3.22667 0.0227627 -2.98086 0 2 0 0 -3.08676  -3.08323 0 1.71357 0 0 -3.21385  -0.0292166 0 0.0355833 0 0 -0.0254593  0.131586 0 0.250845 0 0 0.152549  0 0 0 0 0 0  
131.004 3.24861 0.0237506 -3.07696 0 2 0 0 -3.06862  -3.18368 0 1.70005 0 0 -3.20041  -0.031168 0 0.0364837 0 0 -0.0341908  0.13789 0 0.263465 0 0 0.165988  0 0 0 0 0 0  
131.947 3.27102 0.0240898 -3.07826 0 2 0 0 -3.01534  -3.1793 0 1.6976 0 0 -3.13369  -0.0299767 0 0.0393155 0 0 -0.0370934  0.131021 0 0.263083 0 0 0.155438  0 0 0 0 0 0  
132.889 3.29421 0.0243249 -3.01136 0 2 0 0 -2.9461  -3.12564 0 1.69103 0 0 -3.07365  -0.0342721 0 0.0373982 0 0 -0.0392645  0.148553 0 0.271575 0 0 0.166816  0 0 0 0 0 0  
133.832 3.31645 0.0234531 -2.85773 0 2 0 0 -2.8757  -2.98355 0 1.70141 0 0 -3.01335  -0.0342024 0 0.0288707 0 0 -0.0369141  0.160019 0 0.269721 0 0 0.174571  0 0 0 0 0 0  
134.774 3.33877 0.0238161 -2.82604 0 2 0 0 -2.92089  -2.95315 0 1.68834 0 0 -3.06062  -0.045025 0 0.0267822 0 0 -0.0500703  0.172131 0 0.284881 0 0 0.189796  0 0 0 0 0 0  
135.717 3.36153 0.0246905 -2.82128 0 2 0 0 -3.03072  -2.94687 0 1.67326 0 0 -3.17313  -0.0485417 0 0.0290469 0 0 -0.0593104  0.174137 0 0.297689 0 0 0.201724  0 0 0 0 0 0  
136.659 3.38522 0.0262583 -2.86137 0 2 0 0 -3.13806  -2.97128 0 1.65168 0 0 -3.27408  -0.0542306 0 0.0401665 0 0 -0.0533802  0.164133 0 0.308152 0 0 0.189402  0 0 0 0 0 0  
137.602 3.40995 0.0257483 -2.90778 0 2 0 0 -3.20939  -3.01615 0 1.663 0 0 -3.33175  -0.0496856 0 0.0430397 0 0 -0.0520727  0.158052 0 0.293959 0 0 0.174433  0 0 0 0 0 0  
138.544 3.4343 0.0259895 -2.9052 0 2 0 0 -3.23498  -3.01606 0 1.6678 0 0 -3.37417  -0.0461189 0 0.0401177 0 0 -0.0463376  0.156981 0 0.292078 0 0 0.185529  0 0 0 0 0 0  
139.487 3.45946 0.0268316 -2.82064 0 2 0 0 -3.15772  -2.94162 0 1.64974 0 0 -3.30097  -0.0460089 0 0.0419285 0 0 -0.0461295  0.166992 0 0.30833 0 0 0.189386  0 0 0 0 0 0  
140.429 3.48482 0.0267694 -2.71495 0 2 0 0 -3.04092  -2.84487 0 1.62005 0 0 -3.22712  -0.0607052 0 0.0369306 0 0 -0.0499812  0.190626 0 0.343018 0 0 0.236186  0 0 0 0 0 0  
141.372 3.50911 0.0245507 -2.75577 0 2 0 0 -2.9579  -2.89227 0 1.64731 0 0 -3.13595  -0.0498491 0 0.0359431 0 0 -0.0535622  0.186352 0 0.316746 0 0 0.231614  0 0 0 0 0 0  
142.314 3.53135 0.0228005 -2.82256 0 2 0 0 -2.88019  -2.94822 0 1.68009 0 0 -3.0355  -0.0413123 0 0.0331375 0 0 -0.0409369  0.166972 0 0.286772 0 0 0.196241  0 0 0 0 0 0  
143.257 3.552 0.021201 -2.99948 0 2 0 0 -3.03457  -3.09718 0 1.71226 0 0 -3.15644  -0.0416066 0 0.0337363 0 0 -0.0377054  0.13931 0 0.254008 0 0 0.159578  0 0 0 0 0 0  
144.199 3.57082 0.0190336 -3.10867 0 2 0 0 -3.22159  -3.19599 0 1.7542 0 0 -3.32602  -0.037574 0 0.0316617 0 0 -0.0288867  0.124894 0 0.214138 0 0 0.133326  0 0 0 0 0 0  
145.142 3.58823 0.0181046 -3.21994 0 2 0 0 -3.41703  -3.29107 0 1.77571 0 0 -3.50782  -0.0324879 0 0.0298569 0 0 -0.0302629  0.103624 0 0.194428 0 0 0.121055  0 0 0 0 0 0  
146.084 3.60508 0.0177481 -3.25576 0 2 0 0 -3.51888  -3.31748 0 1.78188 0 0 -3.60176  -0.0320992 0 0.0292492 0 0 -0.0311138  0.0938194 0 0.188867 0 0 0.113997  0 0 0 0 0 0  
147.027 3.62154 0.017301 -3.29518 0 2 0 0 -3.52047  -3.34572 0 1.79354 0 0 -3.60234  -0.0332763 0 0.0272686 0 0 -0.0284288  0.0838258 0 0.179188 0 0 0.110295  0 0 0 0 0 0  
147.969 3.6379 0.0179789 -3.33502 0 2 0 0 -3.52202  -3.38998 0 1.7784 0 0 -3.60671  -0.0309035 0 0.0261869 0 0 -0.0302447  0.0858673 0 0.19541 0 0 0.114931  0 0 0 0 0 0  
148.911 3.65493 0.0179045 -3.357 0 2 0 0 -3.53504  -3.41246 0 1.77557 0 0 -3.61528  -0.0348038 0 0.0263504 0 0 -0.032303  0.0902685 0 0.19808 0 0 0.11255  0 0 0 0 0 0  
149.854 3.67159 0.0175662 -3.35671 0 2 0 0 -3.48284  -3.4198 0 1.77349 0 0 -3.57736  -0.0346917 0 0.0257578 0 0 -0.0277588  0.0977836 0 0.200751 0 0 0.122281  0 0 0 0 0 0  
150.796 3.68827 0.0181429 -3.40125 0 2 0 0 -3.45392  -3.4644 0 1.77876 0 0 -3.55601  -0.0286179 0 0.0270467 0 0 -0.0254737  0.0917749 0 0.19419 0 0 0.127565  0 0 0 0 0 0  
151.739 3.70595 0.0197788 -3.40387 0 2 0 0 -3.35853  -3.47536 0 1.75982 0 0 -3.4778  -0.0244029 0 0.0269472 0 0 -0.0262551  0.0958915 0 0.213237 0 0 0.14553  0 0 0 0 0 0  
152.681 3.72592 0.0226183 -3.37542 0 2 0 0 -3.33773  -3.46291 0 1.7321 0 0 -3.47347  -0.0301921 0 0.0291509 0 0 -0.0229986  0.117684 0 0.238749 0 0 0.15874  0 0 0 0 0 0  
153.624 3.74835 0.0244883 -3.28321 0 2 0 0 -3.21198  -3.37797 0 1.70878 0 0 -3.36484  -0.0288282 0 0.0370018 0 0 -0.0287691  0.123586 0 0.254219 0 0 0.18163  0 0 0 0 0 0  
154.566 3.77213 0.0258639 -3.08695 0 2 0 0 -3.01274  -3.21198 0 1.66241 0 0 -3.21924  -0.0425164 0 0.0318389 0 0 -0.0389321  0.167547 0 0.305755 0 0 0.245435  0 0 0 0 0 0  
155.509 3.79667 0.0258029 -3.04494 0 2 0 0 -2.74639  -3.2045 0 1.64176 0 0 -2.99841  -0.0505635 0 0.0313663 0 0 -0.0518588  0.210122 0 0.326879 0 0 0.303885  0 0 0 0 0 0  
156.451 3.82074 0.0253347 -3.13831 0 2 0 0 -2.73092  -3.29199 0 1.65447 0 0 -2.96004  -0.054263 0 0.0310804 0 0 -0.0510953  0.207943 0 0.314448 0 0 0.280219  0 0 0 0 0 0  
157.394 3.84454 0.0252802 -3.28725 0 2 0 0 -2.8157  -3.4276 0 1.66142 0 0 -3.03129  -0.0626038 0 0.0266827 0 0 -0.0509138  0.202954 0 0.311898 0 0 0.266502  0 0 0 0 0 0  
158.336 3.86758 0.0240343 -3.33437 0 2 0 0 -2.79413  -3.44987 0 1.67935 0 0 -2.9816  -0.059691 0 0.027444 0 0 -0.0462361  0.175189 0 0.293207 0 0 0.233713  0 0 0 0 0 0  
159.279 3.891 0.0264019 -3.28054 0 2 0 0 -2.75964  -3.39417 0 1.66562 0 0 -2.93927  -0.0523701 0 0.0334093 0 0 -0.0412367  0.166002 0 0.30097 0 0 0.220863  0 0 0 0 0 0  
160.221 3.91661 0.0280101 -3.12768 0 2 0 0 -2.63867  -3.26141 0 1.63801 0 0 -2.82578  -0.0685528 0 0.038146 0 0 -0.0495457  0.202288 0 0.323843 0 0 0.236655  0 0 0 0 0 0  
161.164 3.94303 0.028085 -3.02434 0 2 0 0 -2.55535  -3.17318 0 1.62981 0 0 -2.75117  -0.0730951 0 0.0347596 0 0 -0.0570964  0.221933 0 0.335428 0 0 0.252914  0 0 0 0 0 0  
162.106 3.96825 0.0263781 -3.1227 0 2 0 0 -2.59937  -3.24781 0 1.66579 0 0 -2.77877  -0.0630661 0 0.0355529 0 0 -0.0418923  0.18817 0 0.298653 0 0 0.221285  0 0 0 0 0 0  
163.049 3.99181 0.0242025 -3.28547 0 2 0 0 -2.67221  -3.40743 0 1.69869 0 0 -2.82313  -0.0440525 0 0.0322385 0 0 -0.0317501  0.166009 0 0.269067 0 0 0.182666  0 0 0 0 0 0  
163.991 4.01403 0.023012 -3.40149 0 2 0 0 -2.74632  -3.50172 0 1.72372 0 0 -2.87403  -0.0366687 0 0.0320216 0 0 -0.0274889  0.136904 0 0.244254 0 0 0.155197  0 0 0 0 0 0  
164.934 4.03573 0.0228986 -3.44012 0 2 0 0 -2.79802  -3.53268 0 1.72314 0 0 -2.91682  -0.0342753 0 0.0338153 0 0 -0.0298858  0.126829 0 0.243049 0 0 0.148682  0 0 0 0 0 0  
165.876 4.05812 0.0241005 -3.41718 0 2 0 0 -2.87285  -3.50661 0 1.70458 0 0 -2.98546  -0.03218 0 0.0372378 0 0 -0.0318463  0.121613 0 0.258186 0 0 0.144457  0 0 0 0 0 0  
166.819 4.08165 0.0253867 -3.29581 0 2 0 0 -2.93952  -3.40625 0 1.67757 0 0 -3.08023  -0.0475699 0 0.037329 0 0 -0.0439339  0.158003 0 0.285099 0 0 0.184639  0 0 0 0 0 0  
167.761 4.10617 0.0257303 -3.21007 0 2 0 0 -3.00456  -3.3255 0 1.67194 0 0 -3.14086  -0.0542023 0 0.038283 0 0 -0.0496663  0.169628 0 0.289778 0 0 0.185964  0 0 0 0 0 0  
168.704 4.13045 0.0253691 -3.17571 0 2 0 0 -2.99535  -3.28944 0 1.67178 0 0 -3.14475  -0.0576033 0 0.035773 0 0 -0.0394291  0.171325 0 0.29245 0 0 0.188831  0 0 0 0 0 0  
169.646 4.154 0.023929 -3.09739 0 2 0 0 -2.91337  -3.20367 0 1.68353 0 0 -3.07128  -0.0539754 0 0.0390238 0 0 -0.0341116  0.160254 0 0.277451 0 0 0.192014  0 0 0 0 0 0  
170.588 4.17634 0.0227394 -2.97869 0 2 0 0 -2.87627  -3.11119 0 1.69457 0 0 -3.03632  -0.0440135 0 0.0318583 0 0 -0.0468383  0.176511 0 0.273571 0 0 0.206896  0 0 0 0 0 0  
171.531 4.19719 0.0214156 -2.9259 0 2 0 0 -2.87191  -3.06761 0 1.69439 0 0 -3.03337  -0.0521745 0 0.0262761 0 0 -0.0541792  0.193884 0 0.279331 0 0 0.215636  0 0 0 0 0 0  
172.473 4.2172 0.02131 -2.966 0 2 0 0 -2.81366  -3.09677 0 1.68675 0 0 -2.97821  -0.0575387 0 0.0242158 0 0 -0.0565585  0.18831 0 0.289038 0 0 0.221104  0 0 0 0 0 0  
173.416 4.23684 0.0209378 -3.07614 0 2 0 0 -2.77416  -3.19371 0 1.70463 0 0 -2.93874  -0.048087 0 0.0218946 0 0 -0.0488823  0.165655 0 0.273475 0 0 0.213467  0 0 0 0 0 0  
174.358 4.25619 0.0206663 -3.14611 0 2 0 0 -2.7784  -3.25123 0 1.71967 0 0 -2.92637  -0.039759 0 0.0258064 0 0 -0.045093  0.14488 0 0.254527 0 0 0.193069  0 0 0 0 0 0  
175.301 4.27582 0.0212159 -3.26503 0 2 0 0 -2.77734  -3.35698 0 1.722 0 0 -2.91575  -0.0441108 0 0.0280055 0 0 -0.0505208  0.136059 0 0.24999 0 0 0.188927  0 0 0 0 0 0  
176.243 4.29643 0.022003 -3.29296 0 2 0 0 -2.74008  -3.37477 0 1.71435 0 0 -2.87524  -0.0414573 0 0.0309736 0 0 -0.0501436  0.123267 0 0.254676 0 0 0.18531  0 0 0 0 0 0  
177.186 4.3173 0.0218944 -3.2455 0 2 0 0 -2.7302  -3.33219 0 1.71555 0 0 -2.86866  -0.0435456 0 0.0318929 0 0 -0.0480867  0.130236 0 0.252559 0 0 0.186546  0 0 0 0 0 0  
178.128 4.33751 0.0211655 -3.21705 0 2 0 0 -2.78831  -3.28976 0 1.72783 0 0 -2.91944  -0.0343368 0 0.0318995 0 0 -0.0257354  0.107048 0 0.240266 0 0 0.156873  0 0 0 0 0 0  
179.071 4.35714 0.0206191 -3.15222 0 2 0 0 -2.92438  -3.23132 0 1.74654 0 0 -3.05357  -0.0256937 0 0.0310845 0 0 -0.0188753  0.104794 0 0.222371 0 0 0.148061  0 0 0 0 0 0  
180.013 4.37731 0.0216539 -3.12127 0 2 0 0 -2.98808  -3.19125 0 1.72789 0 0 -3.10358  -0.0312768 0 0.0366329 0 0 -0.0244745  0.101256 0 0.235473 0 0 0.139976  0 0 0 0 0 0  
180.956 4.39749 0.02156 -3.0141 0 2 0 0 -3.04201  -3.10642 0 1.71363 0 0 -3.17919  -0.0330361 0 0.0294366 0 0 -0.0331209  0.125364 0 0.256938 0 0 0.170303  0 0 0 0 0 0  
181.898 4.4176 0.0213892 -2.97584 0 2 0 0 -3.12125  -3.07232 0 1.7074 0 0 -3.24934  -0.0411421 0 0.0280498 0 0 -0.0350265  0.137619 0 0.264552 0 0 0.163115  0 0 0 0 0 0  
182.841 4.43767 0.0208672 -3.02563 0 2 0 0 -3.18402  -3.12266 0 1.70884 0 0 -3.32073  -0.0365872 0 0.0319936 0 0 -0.0248758  0.133614 0 0.259162 0 0 0.161581  0 0 0 0 0 0  
183.783 4.45695 0.0204181 -3.15875 0 2 0 0 -3.16905  -3.26224 0 1.7294 0 0 -3.30344  -0.0325777 0 0.0316539 0 0 -0.0185476  0.13606 0 0.238943 0 0 0.152937  0 0 0 0 0 0  
184.726 4.47586 0.0199638 -3.22719 0 2 0 0 -3.16816  -3.32791 0 1.74324 0 0 -3.28686  -0.0285168 0 0.0313727 0 0 -0.0192288  0.129232 0 0.225389 0 0 0.137923  0 0 0 0 0 0  
185.668 4.49421 0.0190564 -3.19616 0 2 0 0 -3.14134  -3.30347 0 1.7508 0 0 -3.26304  -0.0254671 0 0.029487 0 0 -0.0218639  0.132769 0 0.219708 0 0 0.143561  0 0 0 0 0 0  
186.611 4.51175 0.0184607 -3.25158 0 2 0 0 -3.14025  -3.34383 0 1.76298 0 0 -3.25227  -0.0309861 0 0.0254542 0 0 -0.0225957  0.12323 0 0.211563 0 0 0.134621  0 0 0 0 0 0  
187.553 4.52941 0.0192429 -3.27358 0 2 0 0 -3.14993  -3.36284 0 1.75892 0 0 -3.26556  -0.0291463 0 0.0288473 0 0 -0.0254974  0.118402 0 0.212234 0 0 0.141131  0 0 0 0 0 0  
188.496 4.5481 0.020328 -3.25852 0 2 0 0 -3.22309  -3.35044 0 1.75745 0 0 -3.34188  -0.0259683 0 0.0302158 0 0 -0.0270258  0.117892 0 0.212339 0 0 0.145819  0 0 0 0 0 0  
189.438 4.56803 0.021697 -3.20132 0 2 0 0 -3.17963  -3.30685 0 1.73929 0 0 -3.31154  -0.0310016 0 0.029772 0 0 -0.0217319  0.136531 0 0.230936 0 0 0.153643  0 0 0 0 0 0  
190.381 4.58899 0.0226552 -3.13185 0 2 0 0 -3.09897  -3.25231 0 1.71903 0 0 -3.24069  -0.0406353 0 0.0322688 0 0 -0.0271199  0.161096 0 0.248702 0 0 0.168845  0 0 0 0 0 0  
191.323 4.61025 0.0223621 -3.04532 0 2 0 0 -3.04328  -3.17426 0 1.70144 0 0 -3.21033  -0.0417084 0 0.034142 0 0 -0.0379447  0.170653 0 0.264415 0 0 0.204998  0 0 0 0 0 0  
192.265 4.63111 0.021833 -3.01478 0 2 0 0 -3.04018  -3.13939 0 1.71853 0 0 -3.19869  -0.0348506 0 0.028448 0 0 -0.0371821  0.159461 0 0.253019 0 0 0.19569  0 0 0 0 0 0  
193.208 4.65147 0.021155 -3.08047 0 2 0 0 -3.00329  -3.19741 0 1.72165 0 0 -3.13973  -0.0414454 0 0.0276752 0 0 -0.0384052  0.158381 0 0.250673 0 0 0.174844  0 0 0 0 0 0  
194.15 4.67167 0.0218195 -3.11859 0 2 0 0 -2.96472  -3.25135 0 1.70068 0 0 -3.13313  -0.0443666 0 0.0244323 0 0 -0.0288079  0.177122 0 0.274892 0 0 0.197211  0 0 0 0 0 0  
195.093 4.69312 0.0236481 -3.10523 0 2 0 0 -2.87988  -3.24153 0 1.6796 0 0 -3.04686  -0.0507413 0 0.0292753 0 0 -0.031501  0.18704 0 0.291122 0 0 0.198474  0 0 0 0 0 0  
196.035 4.71637 0.0251931 -3.16174 0 2 0 0 -2.9525  -3.28506 0 1.65548 0 0 -3.10409  -0.0491872 0 0.0334398 0 0 -0.042946  0.172506 0 0.311082 0 0 0.194531  0 0 0 0 0 0  
196.978 4.7402 0.0257767 -3.25812 0 2 0 0 -2.98395  -3.35266 0 1.66233 0 0 -3.11592  -0.0496459 0 0.0373405 0 0 -0.037479  0.14419 0 0.300328 0 0 0.169442  0 0 0 0 0 0  
197.92 4.76511 0.0270411 -3.2937 0 2 0 0 -2.93186  -3.37738 0 1.65155 0 0 -3.06763  -0.0537938 0 0.0394065 0 0 -0.0440663  0.137475 0 0.309045 0 0 0.179838  0 0 0 0 0 0  
198.863 4.79031 0.0271611 -3.16879 0 2 0 0 -2.80973  -3.26633 0 1.63588 0 0 -2.96191  -0.0521589 0 0.0424472 0 0 -0.0520484  0.149692 0 0.321671 0 0 0.204229  0 0 0 0 0 0  
199.805 4.81592 0.02758 -2.96466 0 2 0 0 -2.61587  -3.10841 0 1.62895 0 0 -2.80455  -0.053597 0 0.0342689 0 0 -0.0536737  0.197346 0 0.336786 0 0 0.242345  0 0 0 0 0 0  
200.748 4.84132 0.0269342 -2.82812 0 2 0 0 -2.47585  -2.96654 0 1.63929 0 0 -2.65497  -0.0527791 0 0.0306905 0 0 -0.0649914  0.191193 0 0.33002 0 0 0.244114  0 0 0 0 0 0  
201.69 4.86718 0.0277129 -2.86544 0 2 0 0 -2.5207  -3.00915 0 1.62228 0 0 -2.69263  -0.0583556 0 0.031787 0 0 -0.0556974  0.20207 0 0.345931 0 0 0.227623  0 0 0 0 0 0  
202.633 4.89358 0.0282379 -2.91247 0 2 0 0 -2.46578  -3.05182 0 1.61556 0 0 -2.67614  -0.0595199 0 0.0340931 0 0 -0.0483244  0.198878 0 0.35035 0 0 0.258689  0 0 0 0 0 0  
203.575 4.91952 0.0270853 -2.9359 0 2 0 0 -2.33455  -3.08794 0 1.60822 0 0 -2.57065  -0.0595536 0 0.0321206 0 0 -0.0578628  0.211592 0 0.359662 0 0 0.293964  0 0 0 0 0 0  
204.518 4.94443 0.0251729 -3.02513 0 2 0 0 -2.33477  -3.16131 0 1.63075 0 0 -2.55272  -0.0542962 0 0.0363054 0 0 -0.0557694  0.19048 0 0.332941 0 0 0.273723  0 0 0 0 0 0  
205.46 4.96712 0.0232279 -3.00953 0 2 0 0 -2.39611  -3.13538 0 1.66857 0 0 -2.57478  -0.0449151 0 0.032816 0 0 -0.0458149  0.170765 0 0.298614 0 0 0.224487  0 0 0 0 0 0  
206.403 4.9885 0.0221515 -3.10191 0 2 0 0 -2.4485  -3.22586 0 1.67868 0 0 -2.59742  -0.0442099 0 0.0307093 0 0 -0.0500126  0.168158 0 0.290611 0 0 0.198932  0 0 0 0 0 0  
207.345 5.00949 0.0221731 -3.15238 0 2 0 0 -2.56026  -3.27655 0 1.695 0 0 -2.69795  -0.0489594 0 0.0284958 0 0 -0.0494146  0.173132 0 0.276504 0 0 0.187109  0 0 0 0 0 0  
