# LF_DEM version v3.0-126-gb72fb1a
# np 1000
# VF 0.76
# Lx 73.993
# Ly 0
# Lz 73.993
# flow_type shear
# data in cl units.
#1: time
#2: cumulated strain
#3: shear rate
#4-9: total stress tensor (xx, xy, xz, yz, yy, zz)
#10-15: contact stress tensor (xx, xy, xz, yz, yy, zz)
#16-21: dashpot stress tensor (xx, xy, xz, yz, yy, zz)
#22-27: hydro stress tensor (xx, xy, xz, yz, yy, zz)
#28-33: repulsion stress tensor (xx, xy, xz, yz, yy, zz)

0.00628319 0.00041265 0.0656753 -3.2768 0 3 0 0 -3.05619  -3.72597 0 2.02418 0 0 -3.64157  -0.236803 0 0.0591999 0 0 -0.22825  0.685972 0 0.916622 0 0 0.813629  0 0 0 0 0 0  
0.628319 0.0290325 0.0404921 -3.63304 0 3 0 0 -3.42267  -3.87687 0 2.39565 0 0 -3.78127  -0.13492 0 0.0412781 0 0 -0.130545  0.378748 0 0.563074 0 0 0.489148  0 0 0 0 0 0  
1.25664 0.0530995 0.0360741 -4.07633 0 3 0 0 -3.77966  -4.26958 0 2.49179 0 0 -4.05233  -0.095047 0 0.0399276 0 0 -0.0930288  0.288292 0 0.468279 0 0 0.365704  0 0 0 0 0 0  
1.88496 0.0745893 0.0328163 -4.3794 0 3 0 0 -4.14695  -4.56495 0 2.54805 0 0 -4.36631  -0.08518 0 0.0437973 0 0 -0.084384  0.270733 0 0.408153 0 0 0.303747  0 0 0 0 0 0  
2.51327 0.0944416 0.0305155 -4.6122 0 3 0 0 -4.36752  -4.77742 0 2.59391 0 0 -4.53252  -0.0729686 0 0.0423964 0 0 -0.0787924  0.238193 0 0.363694 0 0 0.243793  0 0 0 0 0 0  
3.14159 0.113132 0.0291362 -4.76873 0 3 0 0 -4.49262  -4.92173 0 2.6274 0 0 -4.65289  -0.0562865 0 0.039208 0 0 -0.0646981  0.209295 0 0.333394 0 0 0.224968  0 0 0 0 0 0  
3.76991 0.131059 0.0276161 -4.89601 0 3 0 0 -4.6456  -5.03578 0 2.65148 0 0 -4.79278  -0.0445606 0 0.0346933 0 0 -0.0584544  0.184336 0 0.313822 0 0 0.205633  0 0 0 0 0 0  
4.39823 0.148337 0.028062 -4.84712 0 3 0 0 -4.6971  -4.97356 0 2.64888 0 0 -4.84096  -0.0449877 0 0.0340223 0 0 -0.0549726  0.17143 0 0.317099 0 0 0.198829  0 0 0 0 0 0  
5.02655 0.166561 0.0296601 -4.82748 0 3 0 0 -4.64832  -4.95641 0 2.62665 0 0 -4.76518  -0.039946 0 0.0407304 0 0 -0.0444035  0.168881 0 0.332619 0 0 0.161264  0 0 0 0 0 0  
5.65487 0.185448 0.0301114 -4.75959 0 3 0 0 -4.68372  -4.89371 0 2.61196 0 0 -4.8165  -0.0395917 0 0.0423994 0 0 -0.0588692  0.173705 0 0.345642 0 0 0.191647  0 0 0 0 0 0  
6.28319 0.204625 0.0303922 -4.61951 0 3 0 0 -4.64846  -4.75973 0 2.58509 0 0 -4.79546  -0.0381833 0 0.0489694 0 0 -0.0598657  0.178404 0 0.365943 0 0 0.206868  0 0 0 0 0 0  
6.9115 0.223488 0.0296993 -4.43727 0 3 0 0 -4.81595  -4.56809 0 2.58613 0 0 -4.95794  -0.0356617 0 0.0475411 0 0 -0.0486584  0.166483 0 0.366331 0 0 0.190642  0 0 0 0 0 0  
7.53982 0.242229 0.0289127 -4.41638 0 3 0 0 -4.95253  -4.55221 0 2.62113 0 0 -5.12715  -0.0391288 0 0.0380894 0 0 -0.0419867  0.174959 0 0.340782 0 0 0.216606  0 0 0 0 0 0  
8.16814 0.260504 0.0287453 -4.32283 0 3 0 0 -5.08394  -4.44466 0 2.61016 0 0 -5.2416  -0.0498688 0 0.0391895 0 0 -0.0493238  0.171694 0 0.350651 0 0 0.206985  0 0 0 0 0 0  
8.79646 0.278666 0.0297889 -4.42875 0 3 0 0 -5.08342  -4.54448 0 2.60846 0 0 -5.24571  -0.0504468 0 0.0403304 0 0 -0.0516571  0.166182 0 0.351208 0 0 0.213944  0 0 0 0 0 0  
9.42478 0.297103 0.0294434 -4.39747 0 3 0 0 -5.16306  -4.51652 0 2.63823 0 0 -5.31217  -0.0442032 0 0.0404079 0 0 -0.0406838  0.163252 0 0.321361 0 0 0.189796  0 0 0 0 0 0  
10.0531 0.315363 0.0293734 -4.40462 0 3 0 0 -5.18762  -4.52204 0 2.63656 0 0 -5.33767  -0.0494764 0 0.0403995 0 0 -0.0358924  0.166903 0 0.323042 0 0 0.185945  0 0 0 0 0 0  
10.6814 0.334275 0.0306275 -4.37686 0 3 0 0 -5.19815  -4.50978 0 2.60635 0 0 -5.39328  -0.0606048 0 0.044192 0 0 -0.0422337  0.19352 0 0.349454 0 0 0.237363  0 0 0 0 0 0  
11.3097 0.353361 0.0295382 -4.46515 0 3 0 0 -5.2152  -4.59574 0 2.59664 0 0 -5.38323  -0.0673429 0 0.0445977 0 0 -0.0565893  0.197925 0 0.358762 0 0 0.224616  0 0 0 0 0 0  
11.9381 0.37138 0.0270884 -4.72629 0 3 0 0 -5.17437  -4.82672 0 2.63869 0 0 -5.31153  -0.0597207 0 0.0419099 0 0 -0.0533564  0.160152 0 0.319395 0 0 0.190513  0 0 0 0 0 0  
12.5664 0.387888 0.0248427 -4.922 0 3 0 0 -5.02652  -5.02651 0 2.68736 0 0 -5.15814  -0.0496355 0 0.034676 0 0 -0.0469434  0.15414 0 0.277963 0 0 0.178558  0 0 0 0 0 0  
13.1947 0.402645 0.0227671 -5.06044 0 3 0 0 -5.01701  -5.16783 0 2.71989 0 0 -5.13289  -0.0377214 0 0.0270002 0 0 -0.0369975  0.145118 0 0.253111 0 0 0.152883  0 0 0 0 0 0  
13.823 0.416373 0.0213858 -5.18596 0 3 0 0 -4.93884  -5.28481 0 2.74296 0 0 -5.03883  -0.0309223 0 0.0233226 0 0 -0.0303743  0.129776 0 0.233718 0 0 0.130371  0 0 0 0 0 0  
14.4513 0.429778 0.0218843 -5.17849 0 3 0 0 -4.90592  -5.27711 0 2.72462 0 0 -5.02432  -0.0390562 0 0.0260423 0 0 -0.0315033  0.137681 0 0.249338 0 0 0.149904  0 0 0 0 0 0  
15.0796 0.443987 0.0229404 -5.15766 0 3 0 0 -4.93675  -5.27339 0 2.70754 0 0 -5.0676  -0.0328898 0 0.0288205 0 0 -0.0309308  0.148617 0 0.263635 0 0 0.161785  0 0 0 0 0 0  
15.708 0.459119 0.0247195 -5.18064 0 3 0 0 -4.90807  -5.29667 0 2.69116 0 0 -5.05137  -0.0267338 0 0.03062 0 0 -0.0213601  0.142762 0 0.278223 0 0 0.164662  0 0 0 0 0 0  
16.3363 0.475516 0.0270717 -5.20383 0 3 0 0 -4.86975  -5.32302 0 2.66526 0 0 -5.02718  -0.0278045 0 0.0343349 0 0 -0.0256488  0.146991 0 0.300404 0 0 0.183071  0 0 0 0 0 0  
16.9646 0.493169 0.0285568 -5.14262 0 3 0 0 -4.80652  -5.26634 0 2.64799 0 0 -4.95131  -0.0367953 0 0.036715 0 0 -0.0301704  0.160517 0 0.315298 0 0 0.174961  0 0 0 0 0 0  
17.5929 0.511784 0.0306514 -4.93812 0 3 0 0 -4.68054  -5.06014 0 2.62229 0 0 -4.83175  -0.0401783 0 0.0437996 0 0 -0.0325302  0.162195 0 0.333913 0 0 0.183746  0 0 0 0 0 0  
18.2212 0.531087 0.0307684 -4.84789 0 3 0 0 -4.50834  -4.95013 0 2.5991 0 0 -4.6537  -0.042042 0 0.0521242 0 0 -0.0395164  0.144277 0 0.348771 0 0 0.184875  0 0 0 0 0 0  
18.8496 0.550556 0.0301916 -4.74995 0 3 0 0 -4.44996  -4.87749 0 2.56935 0 0 -4.62503  -0.0466914 0 0.0542689 0 0 -0.0585623  0.174231 0 0.376382 0 0 0.233635  0 0 0 0 0 0  
19.4779 0.568932 0.0282388 -4.77584 0 3 0 0 -4.41485  -4.91273 0 2.60077 0 0 -4.60742  -0.037195 0 0.0463134 0 0 -0.049412  0.174077 0 0.352916 0 0 0.241979  0 0 0 0 0 0  
20.1062 0.585785 0.0254155 -4.7868 0 3 0 0 -4.35965  -4.90759 0 2.63129 0 0 -4.5215  -0.0318384 0 0.0442971 0 0 -0.0460624  0.152627 0 0.324414 0 0 0.207907  0 0 0 0 0 0  
20.7345 0.601313 0.0235646 -4.83533 0 3 0 0 -4.40862  -4.93307 0 2.66234 0 0 -4.57597  -0.0291661 0 0.0423172 0 0 -0.0316627  0.126906 0 0.295341 0 0 0.199011  0 0 0 0 0 0  
21.3628 0.615215 0.0208001 -4.90321 0 3 0 0 -4.61487  -4.99213 0 2.70975 0 0 -4.76185  -0.0241948 0 0.0364871 0 0 -0.0241225  0.113113 0 0.253766 0 0 0.171102  0 0 0 0 0 0  
21.9911 0.627778 0.0194425 -4.95579 0 3 0 0 -4.83551  -5.03154 0 2.73891 0 0 -4.96072  -0.0175858 0 0.0357351 0 0 -0.0151785  0.093338 0 0.225358 0 0 0.140389  0 0 0 0 0 0  
22.6195 0.639614 0.0188893 -5.06795 0 3 0 0 -5.05065  -5.13966 0 2.7507 0 0 -5.15821  -0.0148136 0 0.0347277 0 0 -0.0163054  0.0865275 0 0.214571 0 0 0.123873  0 0 0 0 0 0  
23.2478 0.651506 0.0190605 -5.11168 0 3 0 0 -5.18557  -5.18809 0 2.76208 0 0 -5.28413  -0.0136888 0 0.0360589 0 0 -0.0106166  0.0901001 0 0.201864 0 0 0.109176  0 0 0 0 0 0  
23.8761 0.663685 0.0196156 -5.13959 0 3 0 0 -5.18394  -5.20819 0 2.75979 0 0 -5.28419  -0.0153304 0 0.0383489 0 0 -0.00443395  0.0839314 0 0.20186 0 0 0.104686  0 0 0 0 0 0  
24.5044 0.676331 0.0205512 -5.15732 0 3 0 0 -5.18667  -5.23761 0 2.75538 0 0 -5.2923  -0.0163422 0 0.0375778 0 0 -0.00415412  0.0966287 0 0.207043 0 0 0.109784  0 0 0 0 0 0  
25.1327 0.689131 0.0200809 -5.16259 0 3 0 0 -5.23817  -5.23318 0 2.76482 0 0 -5.34447  -0.0208103 0 0.0375894 0 0 -0.00911398  0.0914024 0 0.197588 0 0 0.115416  0 0 0 0 0 0  
25.7611 0.70161 0.0198469 -5.13179 0 3 0 0 -5.33578  -5.19796 0 2.76919 0 0 -5.42999  -0.0220254 0 0.0364167 0 0 -0.0131337  0.0881929 0 0.194397 0 0 0.107342  0 0 0 0 0 0  
26.3894 0.71385 0.019034 -5.07679 0 3 0 0 -5.49625  -5.14321 0 2.78025 0 0 -5.5871  -0.0213281 0 0.0341773 0 0 -0.0159245  0.0877464 0 0.185576 0 0 0.106765  0 0 0 0 0 0  
27.0177 0.725489 0.0182799 -5.09347 0 3 0 0 -5.57101  -5.14773 0 2.78474 0 0 -5.65446  -0.0228803 0 0.0317413 0 0 -0.019599  0.0771434 0 0.183521 0 0 0.103047  0 0 0 0 0 0  
27.646 0.736968 0.0184851 -5.03218 0 3 0 0 -5.55787  -5.0901 0 2.7772 0 0 -5.64082  -0.020822 0 0.0297237 0 0 -0.0140754  0.0787406 0 0.193077 0 0 0.0970199  0 0 0 0 0 0  
28.2743 0.748516 0.0183356 -5.01213 0 3 0 0 -5.61447  -5.06811 0 2.78272 0 0 -5.6908  -0.020998 0 0.0285063 0 0 -0.0172145  0.0769724 0 0.188778 0 0 0.0935374  0 0 0 0 0 0  
28.9027 0.76001 0.0185965 -4.99128 0 3 0 0 -5.57033  -5.05172 0 2.78061 0 0 -5.64779  -0.0224987 0 0.02888 0 0 -0.0160791  0.082935 0 0.190505 0 0 0.0935369  0 0 0 0 0 0  
29.531 0.771893 0.0195732 -4.95082 0 3 0 0 -5.44087  -5.0146 0 2.76494 0 0 -5.52611  -0.0293124 0 0.0306809 0 0 -0.0205001  0.0930922 0 0.204378 0 0 0.105736  0 0 0 0 0 0  
30.1593 0.784445 0.019874 -4.92254 0 3 0 0 -5.30837  -4.98667 0 2.76212 0 0 -5.39807  -0.0263131 0 0.0335788 0 0 -0.0205882  0.0904394 0 0.204303 0 0 0.110295  0 0 0 0 0 0  
30.7876 0.796939 0.0201067 -4.87687 0 3 0 0 -5.33061  -4.93834 0 2.77132 0 0 -5.41626  -0.0204364 0 0.0323889 0 0 -0.0139101  0.0819067 0 0.196294 0 0 0.0995613  0 0 0 0 0 0  
31.4159 0.809602 0.0200733 -4.81692 0 3 0 0 -5.32412  -4.88747 0 2.77346 0 0 -5.40814  -0.0171551 0 0.0313726 0 0 -0.017775  0.0877091 0 0.19517 0 0 0.101801  0 0 0 0 0 0  
32.0442 0.822659 0.0208102 -4.78087 0 3 0 0 -5.16515  -4.86149 0 2.7579 0 0 -5.25729  -0.0148812 0 0.0336294 0 0 -0.0159099  0.0955029 0 0.208469 0 0 0.108041  0 0 0 0 0 0  
32.6726 0.835736 0.0208112 -4.76446 0 3 0 0 -5.10916  -4.85063 0 2.75298 0 0 -5.20835  -0.0250102 0 0.0331886 0 0 -0.020573  0.111183 0 0.213833 0 0 0.119762  0 0 0 0 0 0  
33.3009 0.848648 0.0206001 -4.77406 0 3 0 0 -5.17029  -4.85401 0 2.74906 0 0 -5.26668  -0.0267213 0 0.0341132 0 0 -0.0235388  0.10667 0 0.216823 0 0 0.119936  0 0 0 0 0 0  
33.9292 0.861889 0.0216018 -4.83044 0 3 0 0 -5.22278  -4.90473 0 2.74058 0 0 -5.32636  -0.0254769 0 0.0333291 0 0 -0.027716  0.0997624 0 0.226087 0 0 0.131297  0 0 0 0 0 0  
34.5575 0.875837 0.0227655 -4.89549 0 3 0 0 -5.26464  -4.97073 0 2.72494 0 0 -5.37914  -0.0250324 0 0.0363194 0 0 -0.0287134  0.100271 0 0.238745 0 0 0.143214  0 0 0 0 0 0  
35.1858 0.890575 0.0239541 -4.88152 0 3 0 0 -5.24871  -4.95417 0 2.71106 0 0 -5.35803  -0.0227686 0 0.0386959 0 0 -0.0301668  0.0954166 0 0.250247 0 0 0.13949  0 0 0 0 0 0  
35.8142 0.905779 0.0246435 -4.84284 0 3 0 0 -5.22911  -4.92513 0 2.68914 0 0 -5.34035  -0.0242258 0 0.0408049 0 0 -0.0319542  0.106513 0 0.270055 0 0 0.143196  0 0 0 0 0 0  
36.4425 0.921493 0.0248721 -4.81169 0 3 0 0 -5.12599  -4.88791 0 2.68434 0 0 -5.24145  -0.026399 0 0.0423675 0 0 -0.0393051  0.10262 0 0.273291 0 0 0.154765  0 0 0 0 0 0  
37.0708 0.937599 0.0265098 -4.64412 0 3 0 0 -4.94179  -4.72597 0 2.65811 0 0 -5.08134  -0.0182153 0 0.0456858 0 0 -0.0357732  0.100071 0 0.296208 0 0 0.175321  0 0 0 0 0 0  
37.6991 0.954366 0.0270073 -4.54471 0 3 0 0 -4.81839  -4.64345 0 2.65615 0 0 -4.96022  -0.0227141 0 0.0432224 0 0 -0.0393033  0.121451 0 0.300632 0 0 0.18113  0 0 0 0 0 0  
38.3274 0.971214 0.0267187 -4.50521 0 3 0 0 -4.7224  -4.61773 0 2.65382 0 0 -4.86159  -0.0264816 0 0.0456916 0 0 -0.0355148  0.139002 0 0.300487 0 0 0.174705  0 0 0 0 0 0  
38.9557 0.98759 0.0252606 -4.59189 0 3 0 0 -4.82519  -4.7156 0 2.67684 0 0 -4.95301  -0.0365273 0 0.0407754 0 0 -0.0272354  0.160237 0 0.282381 0 0 0.155053  0 0 0 0 0 0  
39.5841 1.00294 0.023875 -4.57549 0 3 0 0 -4.8078  -4.6783 0 2.69573 0 0 -4.9187  -0.0323903 0 0.0386046 0 0 -0.0272986  0.135195 0 0.265661 0 0 0.138198  0 0 0 0 0 0  
40.2124 1.01782 0.0234609 -4.73146 0 3 0 0 -4.82234  -4.82522 0 2.7032 0 0 -4.92322  -0.0312039 0 0.0388463 0 0 -0.0260785  0.124972 0 0.257954 0 0 0.126958  0 0 0 0 0 0  
40.8407 1.03218 0.0226849 -4.94428 0 3 0 0 -5.0205  -5.04118 0 2.70821 0 0 -5.12794  -0.0313566 0 0.0394527 0 0 -0.0345278  0.128252 0 0.252339 0 0 0.14197  0 0 0 0 0 0  
41.469 1.04637 0.0226318 -5.19554 0 3 0 0 -5.18572  -5.27488 0 2.70674 0 0 -5.2944  -0.0379811 0 0.0409372 0 0 -0.030862  0.117316 0 0.252327 0 0 0.139541  0 0 0 0 0 0  
42.0973 1.06021 0.0212578 -5.35633 0 3 0 0 -5.33673  -5.42269 0 2.72709 0 0 -5.42743  -0.0373389 0 0.0359388 0 0 -0.0353319  0.103704 0 0.23697 0 0 0.126028  0 0 0 0 0 0  
42.7257 1.07351 0.0206005 -5.47325 0 3 0 0 -5.34057  -5.52865 0 2.74641 0 0 -5.42164  -0.0370415 0 0.034984 0 0 -0.0310797  0.0924376 0 0.218609 0 0 0.112157  0 0 0 0 0 0  
43.354 1.08653 0.0208089 -5.39543 0 3 0 0 -5.30992  -5.43879 0 2.74716 0 0 -5.38409  -0.0327933 0 0.0340394 0 0 -0.0291721  0.0761579 0 0.218802 0 0 0.10334  0 0 0 0 0 0  
43.9823 1.09987 0.0214544 -5.31417 0 3 0 0 -5.34143  -5.36137 0 2.7363 0 0 -5.41985  -0.0346988 0 0.0364996 0 0 -0.0287591  0.0818984 0 0.227197 0 0 0.107184  0 0 0 0 0 0  
44.6106 1.11355 0.0220672 -5.3203 0 3 0 0 -5.35684  -5.36328 0 2.72297 0 0 -5.43883  -0.0332403 0 0.0394235 0 0 -0.0246841  0.0762197 0 0.237611 0 0 0.106675  0 0 0 0 0 0  
45.2389 1.1276 0.0227467 -5.29015 0 3 0 0 -5.34509  -5.34122 0 2.72167 0 0 -5.43298  -0.0364806 0 0.0421667 0 0 -0.0282893  0.087546 0 0.23616 0 0 0.116177  0 0 0 0 0 0  
45.8673 1.14197 0.0230509 -5.19327 0 3 0 0 -5.27696  -5.23318 0 2.72821 0 0 -5.36056  -0.0338789 0 0.0387149 0 0 -0.0226024  0.0737943 0 0.233074 0 0 0.106204  0 0 0 0 0 0  
46.4956 1.15652 0.023169 -5.17721 0 3 0 0 -5.243  -5.23248 0 2.72112 0 0 -5.33663  -0.0316301 0 0.0385612 0 0 -0.0298187  0.0869051 0 0.24032 0 0 0.123447  0 0 0 0 0 0  
47.1239 1.17064 0.0217753 -5.21199 0 3 0 0 -5.30522  -5.2808 0 2.72771 0 0 -5.40916  -0.0336627 0 0.0316957 0 0 -0.0364288  0.102478 0 0.24059 0 0 0.140372  0 0 0 0 0 0  
47.7522 1.18394 0.020233 -5.2784 0 3 0 0 -5.44329  -5.35163 0 2.74655 0 0 -5.53756  -0.034455 0 0.027574 0 0 -0.0365768  0.107682 0 0.22588 0 0 0.13084  0 0 0 0 0 0  
48.3805 1.19635 0.0190741 -5.34416 0 3 0 0 -5.44375  -5.41272 0 2.76683 0 0 -5.52263  -0.0305509 0 0.0283884 0 0 -0.0333262  0.099119 0 0.204777 0 0 0.112201  0 0 0 0 0 0  
49.0088 1.20847 0.0198432 -5.34456 0 3 0 0 -5.43623  -5.40894 0 2.7505 0 0 -5.51897  -0.0285538 0 0.02964 0 0 -0.0305624  0.0929375 0 0.219861 0 0 0.113302  0 0 0 0 0 0  
49.6372 1.22111 0.0205049 -5.3729 0 3 0 0 -5.44659  -5.44392 0 2.7469 0 0 -5.54368  -0.028005 0 0.0280702 0 0 -0.0250633  0.0990321 0 0.225032 0 0 0.122162  0 0 0 0 0 0  
50.2655 1.23432 0.0213876 -5.40282 0 3 0 0 -5.42112  -5.47831 0 2.73646 0 0 -5.51814  -0.0335566 0 0.028978 0 0 -0.0237073  0.10905 0 0.234558 0 0 0.120729  0 0 0 0 0 0  
50.8938 1.24818 0.0225971 -5.30422 0 3 0 0 -5.32502  -5.37796 0 2.71799 0 0 -5.41132  -0.0343995 0 0.0343626 0 0 -0.0267749  0.108147 0 0.247652 0 0 0.113078  0 0 0 0 0 0  
51.5221 1.26269 0.0232816 -5.17619 0 3 0 0 -5.22224  -5.25935 0 2.70831 0 0 -5.32331  -0.0334492 0 0.039687 0 0 -0.025571  0.116615 0 0.252005 0 0 0.126644  0 0 0 0 0 0  
52.1504 1.27724 0.0232344 -5.1533 0 3 0 0 -5.25823  -5.23702 0 2.70087 0 0 -5.36002  -0.0356318 0 0.0413244 0 0 -0.0301661  0.119352 0 0.257804 0 0 0.131956  0 0 0 0 0 0  
52.7788 1.29166 0.0226454 -5.28491 0 3 0 0 -5.29137  -5.35158 0 2.71526 0 0 -5.37332  -0.0358115 0 0.0396432 0 0 -0.0319847  0.102487 0 0.2451 0 0 0.113931  0 0 0 0 0 0  
53.4071 1.30563 0.0212853 -5.34929 0 3 0 0 -5.37819  -5.42003 0 2.73821 0 0 -5.45769  -0.0232886 0 0.0382949 0 0 -0.0256486  0.0940285 0 0.223497 0 0 0.105145  0 0 0 0 0 0  
54.0354 1.3182 0.0189886 -5.48336 0 3 0 0 -5.47695  -5.54326 0 2.76456 0 0 -5.54848  -0.0219791 0 0.0345859 0 0 -0.026671  0.0818784 0 0.200856 0 0 0.0981965  0 0 0 0 0 0  
54.6637 1.33009 0.0189055 -5.58319 0 3 0 0 -5.60608  -5.64418 0 2.76787 0 0 -5.68311  -0.0248262 0 0.0303306 0 0 -0.0282618  0.0858228 0 0.201802 0 0 0.105286  0 0 0 0 0 0  
55.292 1.34216 0.0191166 -5.59813 0 3 0 0 -5.66272  -5.65624 0 2.76552 0 0 -5.74024  -0.0247058 0 0.0325395 0 0 -0.0253091  0.0828144 0 0.201943 0 0 0.102837  0 0 0 0 0 0  
55.9203 1.35421 0.0189851 -5.58159 0 3 0 0 -5.76541  -5.63433 0 2.77641 0 0 -5.83731  -0.0241921 0 0.0301496 0 0 -0.0233184  0.0769265 0 0.19344 0 0 0.0952122  0 0 0 0 0 0  
56.5487 1.36606 0.0184908 -5.54176 0 3 0 0 -5.76591  -5.59781 0 2.78734 0 0 -5.84449  -0.023963 0 0.0299323 0 0 -0.0220919  0.0800132 0 0.182726 0 0 0.100671  0 0 0 0 0 0  
57.177 1.37747 0.0177353 -5.43066 0 3 0 0 -5.61751  -5.49796 0 2.7926 0 0 -5.71757  -0.0217832 0 0.0269736 0 0 -0.0129871  0.0890837 0 0.180422 0 0 0.113048  0 0 0 0 0 0  
57.8053 1.38849 0.0177573 -5.28714 0 3 0 0 -5.51274  -5.36325 0 2.78539 0 0 -5.60479  -0.0220602 0 0.0280068 0 0 -0.0118891  0.0981734 0 0.186605 0 0 0.103938  0 0 0 0 0 0  
58.4336 1.40001 0.0192665 -5.19033 0 3 0 0 -5.51815  -5.26842 0 2.76766 0 0 -5.61224  -0.0209234 0 0.0302795 0 0 -0.0145742  0.0990096 0 0.202059 0 0 0.108659  0 0 0 0 0 0  
59.0619 1.41252 0.0202857 -5.06274 0 3 0 0 -5.37632  -5.149 0 2.74695 0 0 -5.4919  -0.0248835 0 0.0326889 0 0 -0.0196816  0.111146 0 0.220363 0 0 0.135263  0 0 0 0 0 0  
59.6903 1.42576 0.0217747 -4.8826 0 3 0 0 -5.2544  -4.96497 0 2.72507 0 0 -5.36477  -0.0301721 0 0.0364927 0 0 -0.0251862  0.112545 0 0.238435 0 0 0.135561  0 0 0 0 0 0  
60.3186 1.44041 0.0246113 -4.7702 0 3 0 0 -5.18441  -4.86918 0 2.679 0 0 -5.30812  -0.0436872 0 0.0435665 0 0 -0.0316561  0.142669 0 0.277434 0 0 0.155368  0 0 0 0 0 0  
60.9469 1.45597 0.0254853 -4.73249 0 3 0 0 -4.99788  -4.82264 0 2.66686 0 0 -5.1122  -0.0427294 0 0.0450125 0 0 -0.0407396  0.132874 0 0.288131 0 0 0.15506  0 0 0 0 0 0  
61.5752 1.47174 0.0242217 -4.6154 0 3 0 0 -4.68479  -4.75412 0 2.6578 0 0 -4.82952  -0.0425302 0 0.0404599 0 0 -0.0388378  0.18125 0 0.301741 0 0 0.183564  0 0 0 0 0 0  
62.2035 1.48713 0.0254957 -4.42143 0 3 0 0 -4.55991  -4.57779 0 2.62712 0 0 -4.74789  -0.0464265 0 0.0376594 0 0 -0.0393572  0.202786 0 0.335222 0 0 0.227332  0 0 0 0 0 0  
62.8319 1.50268 0.0243237 -4.41218 0 3 0 0 -4.6427  -4.54489 0 2.65583 0 0 -4.83251  -0.0405569 0 0.0384881 0 0 -0.0318031  0.173269 0 0.305679 0 0 0.221619  0 0 0 0 0 0  
63.4602 1.51792 0.0242099 -4.41026 0 3 0 0 -4.8162  -4.52855 0 2.67016 0 0 -4.9982  -0.0357736 0 0.0390756 0 0 -0.0258294  0.154067 0 0.29076 0 0 0.207832  0 0 0 0 0 0  
64.0885 1.53373 0.0257182 -4.52636 0 3 0 0 -5.03496  -4.63574 0 2.66428 0 0 -5.20553  -0.0379234 0 0.0423849 0 0 -0.0294604  0.147301 0 0.293333 0 0 0.200026  0 0 0 0 0 0  
64.7168 1.5504 0.0265055 -4.56132 0 3 0 0 -4.98876  -4.66206 0 2.66567 0 0 -5.15096  -0.033345 0 0.0435749 0 0 -0.0216845  0.134088 0 0.290755 0 0 0.183885  0 0 0 0 0 0  
65.3451 1.56677 0.0259631 -4.57504 0 3 0 0 -4.90184  -4.66845 0 2.66024 0 0 -5.06439  -0.0334608 0 0.0437458 0 0 -0.026136  0.126862 0 0.296014 0 0 0.188688  0 0 0 0 0 0  
65.9734 1.58237 0.0234514 -4.67089 0 3 0 0 -4.81976  -4.76689 0 2.68475 0 0 -4.98641  -0.0373573 0 0.0379478 0 0 -0.0278375  0.133358 0 0.277301 0 0 0.194491  0 0 0 0 0 0  
66.6018 1.59688 0.0225388 -4.64311 0 3 0 0 -4.6539  -4.7518 0 2.69885 0 0 -4.82204  -0.0378067 0 0.034671 0 0 -0.024432  0.146501 0 0.26648 0 0 0.192573  0 0 0 0 0 0  
67.2301 1.61075 0.0216005 -4.55072 0 3 0 0 -4.60658  -4.64867 0 2.70704 0 0 -4.77547  -0.0399944 0 0.032624 0 0 -0.0255874  0.137938 0 0.260339 0 0 0.194476  0 0 0 0 0 0  
67.8584 1.62415 0.0207751 -4.58361 0 3 0 0 -4.62652  -4.67551 0 2.70721 0 0 -4.796  -0.0399774 0 0.0282161 0 0 -0.0348272  0.131878 0 0.264577 0 0 0.204299  0 0 0 0 0 0  
68.4867 1.63713 0.0207149 -4.76331 0 3 0 0 -4.66912  -4.85011 0 2.7072 0 0 -4.82501  -0.0365863 0 0.0277292 0 0 -0.0313338  0.123385 0 0.265073 0 0 0.187223  0 0 0 0 0 0  
69.115 1.64978 0.0194901 -5.07829 0 3 0 0 -4.84033  -5.14164 0 2.73827 0 0 -4.96201  -0.0332637 0 0.0296871 0 0 -0.024856  0.096614 0 0.232047 0 0 0.146541  0 0 0 0 0 0  
69.7434 1.662 0.0194197 -5.34847 0 3 0 0 -5.08221  -5.40679 0 2.75543 0 0 -5.20136  -0.0261021 0 0.0288562 0 0 -0.0221193  0.0844232 0 0.215712 0 0 0.141272  0 0 0 0 0 0  
70.3717 1.67415 0.0188115 -5.58053 0 3 0 0 -5.30527  -5.63283 0 2.7708 0 0 -5.40147  -0.0228462 0 0.0287864 0 0 -0.0216987  0.0751443 0 0.200415 0 0 0.1179  0 0 0 0 0 0  
71 1.68575 0.0179178 -5.70893 0 3 0 0 -5.50182  -5.74059 0 2.78345 0 0 -5.57653  -0.0182747 0 0.0275789 0 0 -0.0235829  0.0499269 0 0.188972 0 0 0.0983002  0 0 0 0 0 0  
71.6283 1.69705 0.0179708 -5.76441 0 3 0 0 -5.61114  -5.79275 0 2.78845 0 0 -5.68284  -0.0185511 0 0.0275469 0 0 -0.0198225  0.0468912 0 0.184006 0 0 0.0915139  0 0 0 0 0 0  
72.2566 1.70826 0.0175664 -5.8251 0 3 0 0 -5.58615  -5.84743 0 2.78758 0 0 -5.65529  -0.0186292 0 0.0286676 0 0 -0.0154148  0.0409628 0 0.183754 0 0 0.0845602  0 0 0 0 0 0  
72.8849 1.71942 0.0182018 -5.88709 0 3 0 0 -5.45173  -5.90621 0 2.77593 0 0 -5.52119  -0.022058 0 0.0316741 0 0 -0.0118293  0.041169 0 0.192392 0 0 0.0812947  0 0 0 0 0 0  
73.5133 1.73104 0.0187208 -5.9449 0 3 0 0 -5.45818  -5.95256 0 2.76681 0 0 -5.52357  -0.0193291 0 0.0316534 0 0 -0.00929938  0.0269911 0 0.201532 0 0 0.0746814  0 0 0 0 0 0  
74.1416 1.74315 0.0195392 -6.02162 0 3 0 0 -5.53235  -6.05481 0 2.77365 0 0 -5.60216  -0.0183814 0 0.0303786 0 0 -0.013712  0.0515737 0 0.195976 0 0 0.0835287  0 0 0 0 0 0  
74.7699 1.75504 0.0183436 -6.02087 0 3 0 0 -5.46095  -6.05735 0 2.77898 0 0 -5.5496  -0.0139197 0 0.0275774 0 0 -0.0131565  0.0503945 0 0.193443 0 0 0.10181  0 0 0 0 0 0  
75.3982 1.76642 0.0178562 -6.04147 0 3 0 0 -5.31812  -6.07371 0 2.78544 0 0 -5.39851  -0.0185793 0 0.026946 0 0 -0.0151001  0.0508196 0 0.187618 0 0 0.0954898  0 0 0 0 0 0  
76.0265 1.77765 0.0179781 -5.95057 0 3 0 0 -5.17528  -5.99257 0 2.77928 0 0 -5.26018  -0.0214631 0 0.027243 0 0 -0.0181831  0.0634565 0 0.193482 0 0 0.103083  0 0 0 0 0 0  
76.6549 1.78898 0.0182924 -5.84246 0 3 0 0 -5.11947  -5.88505 0 2.77221 0 0 -5.20343  -0.0227393 0 0.0292931 0 0 -0.0181484  0.065332 0 0.1985 0 0 0.102115  0 0 0 0 0 0  
77.2832 1.80079 0.0192384 -5.69439 0 3 0 0 -5.02433  -5.73687 0 2.75921 0 0 -5.12533  -0.0248961 0 0.0327335 0 0 -0.0142666  0.0673768 0 0.208058 0 0 0.115262  0 0 0 0 0 0  
77.9115 1.8129 0.0196481 -5.54852 0 3 0 0 -4.94496  -5.60005 0 2.75669 0 0 -5.05184  -0.028332 0 0.0319233 0 0 -0.0160976  0.0798649 0 0.211387 0 0 0.122979  0 0 0 0 0 0  
78.5398 1.82541 0.0198476 -5.34936 0 3 0 0 -4.98541  -5.39939 0 2.75273 0 0 -5.08848  -0.0363979 0 0.031469 0 0 -0.0193601  0.08643 0 0.215798 0 0 0.122432  0 0 0 0 0 0  
79.1681 1.83804 0.020185 -5.31143 0 3 0 0 -5.00655  -5.35872 0 2.75168 0 0 -5.11436  -0.0370268 0 0.030305 0 0 -0.0181203  0.08432 0 0.218015 0 0 0.125931  0 0 0 0 0 0  
79.7965 1.85065 0.0203518 -5.26076 0 3 0 0 -4.97466  -5.30981 0 2.74387 0 0 -5.08595  -0.0376336 0 0.0310098 0 0 -0.0161566  0.0866901 0 0.225117 0 0 0.127444  0 0 0 0 0 0  
80.4248 1.8637 0.0210221 -5.26899 0 3 0 0 -4.94533  -5.33512 0 2.72871 0 0 -5.05859  -0.0388044 0 0.0317014 0 0 -0.022539  0.104937 0 0.239589 0 0 0.135801  0 0 0 0 0 0  
81.0531 1.87742 0.0224281 -5.31671 0 3 0 0 -4.99179  -5.3885 0 2.71557 0 0 -5.09858  -0.0431979 0 0.0364575 0 0 -0.0277532  0.114984 0 0.247972 0 0 0.134548  0 0 0 0 0 0  
81.6814 1.89187 0.0231008 -5.4641 0 3 0 0 -5.01602  -5.52245 0 2.70776 0 0 -5.10546  -0.04183 0 0.0394838 0 0 -0.0298638  0.100183 0 0.252752 0 0 0.1193  0 0 0 0 0 0  
82.3097 1.90633 0.0227239 -5.59965 0 3 0 0 -5.01252  -5.6593 0 2.71738 0 0 -5.10991  -0.0433667 0 0.0390286 0 0 -0.0265252  0.103015 0 0.243594 0 0 0.123914  0 0 0 0 0 0  
82.938 1.92036 0.021817 -5.64341 0 3 0 0 -4.9569  -5.7185 0 2.73547 0 0 -5.07254  -0.0422317 0 0.0330435 0 0 -0.0230911  0.11733 0 0.231489 0 0 0.13873  0 0 0 0 0 0  
83.5664 1.93421 0.0219704 -5.64048 0 3 0 0 -4.96901  -5.70875 0 2.74093 0 0 -5.06813  -0.0352221 0 0.0335399 0 0 -0.024785  0.103488 0 0.225527 0 0 0.123902  0 0 0 0 0 0  
84.1947 1.94837 0.0230758 -5.6049 0 3 0 0 -4.93297  -5.6667 0 2.7274 0 0 -5.02956  -0.0426228 0 0.0355213 0 0 -0.0307991  0.104427 0 0.237083 0 0 0.127391  0 0 0 0 0 0  
84.823 1.96314 0.0231732 -5.44474 0 3 0 0 -4.77579  -5.51434 0 2.7193 0 0 -4.8786  -0.0393316 0 0.0364714 0 0 -0.0364313  0.108929 0 0.244233 0 0 0.139241  0 0 0 0 0 0  
85.4513 1.97766 0.022927 -5.36138 0 3 0 0 -4.70861  -5.42474 0 2.7287 0 0 -4.81375  -0.0374663 0 0.0354186 0 0 -0.0289185  0.100821 0 0.235879 0 0 0.134066  0 0 0 0 0 0  
86.0796 1.99197 0.0224263 -5.32994 0 3 0 0 -4.66588  -5.40601 0 2.73571 0 0 -4.7793  -0.0352309 0 0.0345501 0 0 -0.0197052  0.111299 0 0.229745 0 0 0.133127  0 0 0 0 0 0  
86.708 2.00644 0.0239415 -5.34386 0 3 0 0 -4.64226  -5.43749 0 2.7238 0 0 -4.76923  -0.0252795 0 0.0380389 0 0 -0.0225806  0.118917 0 0.238158 0 0 0.149552  0 0 0 0 0 0  
87.3363 2.02132 0.0239016 -5.36329 0 3 0 0 -4.58883  -5.46771 0 2.71327 0 0 -4.72575  -0.0182453 0 0.0399954 0 0 -0.0248129  0.122664 0 0.246732 0 0 0.161732  0 0 0 0 0 0  
87.9646 2.03647 0.024349 -5.4431 0 3 0 0 -4.59815  -5.55215 0 2.70994 0 0 -4.75387  -0.0215267 0 0.0372622 0 0 -0.0211154  0.130574 0 0.252799 0 0 0.176835  0 0 0 0 0 0  
88.5929 2.05189 0.0248561 -5.53355 0 3 0 0 -4.5579  -5.63679 0 2.69621 0 0 -4.6997  -0.0309616 0 0.0376773 0 0 -0.0292951  0.134195 0 0.266117 0 0 0.171095  0 0 0 0 0 0  
89.2212 2.06761 0.0252516 -5.40242 0 3 0 0 -4.46699  -5.50751 0 2.68022 0 0 -4.59971  -0.0315842 0 0.0403616 0 0 -0.0338508  0.136677 0 0.279417 0 0 0.166568  0 0 0 0 0 0  
89.8495 2.08331 0.0247711 -5.24962 0 3 0 0 -4.44911  -5.34693 0 2.68275 0 0 -4.57131  -0.0337289 0 0.0414458 0 0 -0.0463056  0.131042 0 0.275806 0 0 0.168507  0 0 0 0 0 0  
90.4779 2.09861 0.0247802 -5.19824 0 3 0 0 -4.41797  -5.29904 0 2.68868 0 0 -4.54234  -0.0276145 0 0.0419099 0 0 -0.0435221  0.128409 0 0.269414 0 0 0.167896  0 0 0 0 0 0  
91.1062 2.11386 0.0243369 -5.0865 0 3 0 0 -4.39542  -5.19101 0 2.68786 0 0 -4.53233  -0.0267029 0 0.0403698 0 0 -0.0446899  0.131215 0 0.271767 0 0 0.181596  0 0 0 0 0 0  
91.7345 2.12962 0.0253526 -5.03864 0 3 0 0 -4.55317  -5.14723 0 2.67073 0 0 -4.6963  -0.0307894 0 0.0412076 0 0 -0.0443617  0.139378 0 0.288059 0 0 0.18749  0 0 0 0 0 0  
92.3628 2.14571 0.0253261 -4.93166 0 3 0 0 -4.70223  -5.03317 0 2.66341 0 0 -4.85189  -0.0383739 0 0.0461161 0 0 -0.0368914  0.139885 0 0.290472 0 0 0.186545  0 0 0 0 0 0  
92.9911 2.16163 0.0252894 -4.81818 0 3 0 0 -4.7392  -4.93721 0 2.66296 0 0 -4.90298  -0.026356 0 0.0432462 0 0 -0.029635  0.145386 0 0.293793 0 0 0.193415  0 0 0 0 0 0  
93.6195 2.17747 0.0249901 -4.83413 0 3 0 0 -4.80384  -4.96418 0 2.66603 0 0 -4.97239  -0.0237454 0 0.0411368 0 0 -0.0296753  0.153799 0 0.292831 0 0 0.19823  0 0 0 0 0 0  
94.2478 2.19348 0.0257916 -4.89837 0 3 0 0 -4.9543  -5.04357 0 2.64879 0 0 -5.11797  -0.037781 0 0.0360518 0 0 -0.0338927  0.18298 0 0.315155 0 0 0.197561  0 0 0 0 0 0  
94.8761 2.20951 0.025616 -4.83141 0 3 0 0 -5.0705  -4.96141 0 2.64719 0 0 -5.21425  -0.0377065 0 0.043397 0 0 -0.037949  0.167706 0 0.30941 0 0 0.181703  0 0 0 0 0 0  
95.5044 2.22517 0.0244712 -4.84137 0 3 0 0 -5.18804  -4.96919 0 2.64925 0 0 -5.32809  -0.0369993 0 0.0450521 0 0 -0.0393545  0.164821 0 0.305695 0 0 0.179404  0 0 0 0 0 0  
96.1327 2.24067 0.0246358 -4.7868 0 3 0 0 -5.36401  -4.907 0 2.65285 0 0 -5.49242  -0.0382568 0 0.0466415 0 0 -0.0399467  0.158449 0 0.300512 0 0 0.168357  0 0 0 0 0 0  
96.7611 2.25585 0.0236974 -4.71822 0 3 0 0 -5.39812  -4.83049 0 2.68561 0 0 -5.52167  -0.0295625 0 0.0411097 0 0 -0.0316615  0.14183 0 0.273284 0 0 0.155217  0 0 0 0 0 0  
97.3894 2.27029 0.0221946 -4.61558 0 3 0 0 -5.46284  -4.71798 0 2.69865 0 0 -5.56753  -0.0323843 0 0.0394137 0 0 -0.0350179  0.134783 0 0.261931 0 0 0.139707  0 0 0 0 0 0  
98.0177 2.2843 0.0224093 -4.50298 0 3 0 0 -5.40692  -4.6145 0 2.68972 0 0 -5.51482  -0.0358244 0 0.0358603 0 0 -0.0385643  0.147348 0 0.274421 0 0 0.146462  0 0 0 0 0 0  
98.646 2.298 0.0214439 -4.42995 0 3 0 0 -5.41511  -4.52668 0 2.70705 0 0 -5.51738  -0.0284129 0 0.0363531 0 0 -0.0332049  0.125147 0 0.256601 0 0 0.135475  0 0 0 0 0 0  
99.2743 2.31142 0.021116 -4.47002 0 3 0 0 -5.38806  -4.5591 0 2.71849 0 0 -5.48766  -0.0244224 0 0.0340603 0 0 -0.0250978  0.11351 0 0.24745 0 0 0.124699  0 0 0 0 0 0  
99.9026 2.32455 0.0207376 -4.45698 0 3 0 0 -5.30652  -4.54328 0 2.71045 0 0 -5.42542  -0.0308711 0 0.0339188 0 0 -0.0238168  0.117179 0 0.255636 0 0 0.142722  0 0 0 0 0 0  
100.531 2.33773 0.0209846 -4.41322 0 3 0 0 -5.21544  -4.49531 0 2.71022 0 0 -5.35264  -0.0246999 0 0.0339744 0 0 -0.0169022  0.106783 0 0.25581 0 0 0.154097  0 0 0 0 0 0  
101.159 2.35145 0.0225956 -4.42297 0 3 0 0 -5.14161  -4.51002 0 2.69643 0 0 -5.28957  -0.0296521 0 0.034906 0 0 -0.0217049  0.116698 0 0.268661 0 0 0.169669  0 0 0 0 0 0  
101.788 2.36601 0.023436 -4.4704 0 3 0 0 -5.01977  -4.56439 0 2.68777 0 0 -5.17115  -0.0354243 0 0.0361285 0 0 -0.0327898  0.12942 0 0.276099 0 0 0.184169  0 0 0 0 0 0  
102.416 2.38128 0.0243405 -4.46806 0 3 0 0 -5.0043  -4.57355 0 2.68062 0 0 -5.1577  -0.027641 0 0.0395163 0 0 -0.0357469  0.133127 0 0.279863 0 0 0.189142  0 0 0 0 0 0  
103.044 2.39649 0.023525 -4.49716 0 3 0 0 -4.89257  -4.61323 0 2.68038 0 0 -5.07054  -0.0249113 0 0.0372263 0 0 -0.030164  0.140979 0 0.282389 0 0 0.208135  0 0 0 0 0 0  
103.673 2.41108 0.0231509 -4.52992 0 3 0 0 -4.88117  -4.64394 0 2.6779 0 0 -5.06016  -0.0288189 0 0.033962 0 0 -0.0327215  0.142835 0 0.288137 0 0 0.21171  0 0 0 0 0 0  
104.301 2.4249 0.0215202 -4.61734 0 3 0 0 -4.91118  -4.71937 0 2.70686 0 0 -5.06961  -0.0254216 0 0.0266422 0 0 -0.0289831  0.127456 0 0.266499 0 0 0.18742  0 0 0 0 0 0  
104.929 2.43812 0.0210056 -4.80728 0 3 0 0 -4.97155  -4.89359 0 2.72108 0 0 -5.11681  -0.0284395 0 0.0276835 0 0 -0.0223154  0.114756 0 0.251239 0 0 0.167568  0 0 0 0 0 0  
105.558 2.45144 0.022344 -4.98889 0 3 0 0 -5.04727  -5.07325 0 2.717 0 0 -5.187  -0.0312802 0 0.0297518 0 0 -0.0230396  0.115636 0 0.253251 0 0 0.162764  0 0 0 0 0 0  
106.186 2.46549 0.0219988 -5.14335 0 3 0 0 -5.16239  -5.20801 0 2.73411 0 0 -5.27624  -0.0286247 0 0.03188 0 0 -0.0154547  0.0932799 0 0.234012 0 0 0.129305  0 0 0 0 0 0  
106.814 2.479 0.0211894 -5.26663 0 3 0 0 -5.25921  -5.31683 0 2.73571 0 0 -5.36133  -0.0317212 0 0.0354929 0 0 -0.0156393  0.0819216 0 0.2288 0 0 0.117759  0 0 0 0 0 0  
107.442 2.492 0.0203762 -5.36037 0 3 0 0 -5.32435  -5.41723 0 2.75211 0 0 -5.42766  -0.0321445 0 0.0300243 0 0 -0.0192349  0.0890037 0 0.217868 0 0 0.12255  0 0 0 0 0 0  
108.071 2.50444 0.0196029 -5.50048 0 3 0 0 -5.53605  -5.55563 0 2.77101 0 0 -5.63033  -0.0247129 0 0.0281562 0 0 -0.0176462  0.0798638 0 0.200831 0 0 0.111931  0 0 0 0 0 0  
108.699 2.51658 0.0190758 -5.60736 0 3 0 0 -5.72495  -5.65121 0 2.78243 0 0 -5.80021  -0.0233543 0 0.0299567 0 0 -0.0128534  0.0672033 0 0.187611 0 0 0.0881124  0 0 0 0 0 0  
109.327 2.52858 0.0192967 -5.72176 0 3 0 0 -5.8511  -5.77121 0 2.77284 0 0 -5.93931  -0.0248188 0 0.0302692 0 0 -0.0129429  0.0742682 0 0.196894 0 0 0.101155  0 0 0 0 0 0  
109.956 2.54037 0.0184421 -5.80606 0 3 0 0 -5.96963  -5.84432 0 2.78388 0 0 -6.04638  -0.0224381 0 0.0296899 0 0 -0.0109465  0.0606957 0 0.186433 0 0 0.087701  0 0 0 0 0 0  
110.584 2.55176 0.0181713 -5.92113 0 3 0 0 -5.99855  -5.95346 0 2.79536 0 0 -6.06968  -0.0237808 0 0.0306819 0 0 -0.0136709  0.0561099 0 0.17396 0 0 0.0847954  0 0 0 0 0 0  
111.212 2.56363 0.0195004 -5.93591 0 3 0 0 -5.91051  -5.9717 0 2.78591 0 0 -5.98604  -0.0257598 0 0.0322505 0 0 -0.0105804  0.0615495 0 0.181837 0 0 0.0861088  0 0 0 0 0 0  
111.841 2.57619 0.0207525 -5.85309 0 3 0 0 -5.71515  -5.89806 0 2.77334 0 0 -5.7999  -0.0265893 0 0.0360849 0 0 -0.0128828  0.071558 0 0.190572 0 0 0.0976331  0 0 0 0 0 0  
112.469 2.58948 0.0215817 -5.73134 0 3 0 0 -5.44045  -5.78909 0 2.75379 0 0 -5.53897  -0.0303399 0 0.0361388 0 0 -0.0109015  0.0880846 0 0.21007 0 0 0.109414  0 0 0 0 0 0  
113.097 2.60297 0.0212773 -5.6685 0 3 0 0 -5.23025  -5.7388 0 2.74662 0 0 -5.34346  -0.0248023 0 0.0363107 0 0 -0.00402851  0.0950999 0 0.217065 0 0 0.11724  0 0 0 0 0 0  
113.726 2.61619 0.0208557 -5.61874 0 3 0 0 -4.97389  -5.69917 0 2.74184 0 0 -5.10488  -0.0312928 0 0.0367455 0 0 -0.0103902  0.111722 0 0.22141 0 0 0.141384  0 0 0 0 0 0  
114.354 2.62932 0.020643 -5.54175 0 3 0 0 -4.96814  -5.64354 0 2.73625 0 0 -5.10538  -0.0245186 0 0.0314622 0 0 -0.0118758  0.126311 0 0.232285 0 0 0.149123  0 0 0 0 0 0  
114.982 2.64201 0.0203328 -5.5651 0 3 0 0 -5.13749  -5.66435 0 2.73785 0 0 -5.27165  -0.0260235 0 0.0299432 0 0 -0.0183727  0.12528 0 0.232206 0 0 0.152534  0 0 0 0 0 0  
115.611 2.65448 0.020082 -5.53956 0 3 0 0 -5.18291  -5.63177 0 2.74169 0 0 -5.30829  -0.0202675 0 0.0312401 0 0 -0.0141693  0.112477 0 0.227073 0 0 0.139551  0 0 0 0 0 0  
116.239 2.6673 0.0205842 -5.41213 0 3 0 0 -5.18993  -5.50594 0 2.72922 0 0 -5.31258  -0.0255597 0 0.0311112 0 0 -0.016693  0.119371 0 0.239673 0 0 0.139343  0 0 0 0 0 0  
116.867 2.68095 0.0225305 -5.35184 0 3 0 0 -5.19034  -5.42976 0 2.70739 0 0 -5.31454  -0.0331621 0 0.0355048 0 0 -0.0196667  0.111083 0 0.25711 0 0 0.143863  0 0 0 0 0 0  
117.496 2.69582 0.0238526 -5.27491 0 3 0 0 -5.11277  -5.36084 0 2.67539 0 0 -5.27124  -0.0342318 0 0.0399836 0 0 -0.0216735  0.12016 0 0.284624 0 0 0.18014  0 0 0 0 0 0  
118.124 2.71105 0.0244905 -5.29387 0 3 0 0 -5.06187  -5.38113 0 2.65755 0 0 -5.21529  -0.0341252 0 0.042526 0 0 -0.0142847  0.121376 0 0.29992 0 0 0.1677  0 0 0 0 0 0  
118.752 2.72633 0.0245263 -5.22306 0 3 0 0 -5.19149  -5.31235 0 2.6498 0 0 -5.34377  -0.04375 0 0.0415101 0 0 -0.0260158  0.13304 0 0.308689 0 0 0.178294  0 0 0 0 0 0  
119.381 2.74162 0.0242753 -5.08204 0 3 0 0 -5.34539  -5.18902 0 2.663 0 0 -5.50331  -0.039472 0 0.0440614 0 0 -0.0240863  0.146445 0 0.292942 0 0 0.182005  0 0 0 0 0 0  
120.009 2.75688 0.0241779 -5.18224 0 3 0 0 -5.35636  -5.30463 0 2.67159 0 0 -5.53332  -0.0474935 0 0.0369433 0 0 -0.0262727  0.169887 0 0.291468 0 0 0.203227  0 0 0 0 0 0  
120.637 2.77215 0.024216 -5.23428 0 3 0 0 -5.48481  -5.36452 0 2.67474 0 0 -5.65574  -0.0373805 0 0.0363531 0 0 -0.0273284  0.167624 0 0.288911 0 0 0.198251  0 0 0 0 0 0  
121.265 2.78705 0.023001 -5.38294 0 3 0 0 -5.54731  -5.50355 0 2.68742 0 0 -5.69639  -0.0334862 0 0.0363514 0 0 -0.0245669  0.154098 0 0.276232 0 0 0.173649  0 0 0 0 0 0  
121.894 2.80117 0.0221218 -5.45549 0 3 0 0 -5.53805  -5.56325 0 2.70166 0 0 -5.66608  -0.0309259 0 0.0365079 0 0 -0.025337  0.138685 0 0.261829 0 0 0.153368  0 0 0 0 0 0  
122.522 2.81428 0.0198992 -5.46896 0 3 0 0 -5.6355  -5.57875 0 2.73012 0 0 -5.75438  -0.0280157 0 0.0305863 0 0 -0.0249701  0.137807 0 0.239296 0 0 0.143848  0 0 0 0 0 0  
123.15 2.82648 0.0189116 -5.4848 0 3 0 0 -5.67133  -5.57098 0 2.75554 0 0 -5.77243  -0.0200909 0 0.0293312 0 0 -0.0168801  0.106267 0 0.215128 0 0 0.117973  0 0 0 0 0 0  
123.779 2.83817 0.0185504 -5.46316 0 3 0 0 -5.70779  -5.53244 0 2.76646 0 0 -5.78881  -0.0200624 0 0.0279376 0 0 -0.0179215  0.0893376 0 0.205599 0 0 0.0989432  0 0 0 0 0 0  
124.407 2.85 0.0194497 -5.36266 0 3 0 0 -5.62017  -5.42501 0 2.75053 0 0 -5.71468  -0.0180309 0 0.0325095 0 0 -0.0100101  0.0803818 0 0.216965 0 0 0.104513  0 0 0 0 0 0  
125.035 2.86277 0.0206763 -5.16403 0 3 0 0 -5.40568  -5.24741 0 2.73642 0 0 -5.52617  -0.0225658 0 0.0326751 0 0 -0.0160611  0.105949 0 0.230908 0 0 0.136559  0 0 0 0 0 0  
125.664 2.8755 0.020282 -5.06495 0 3 0 0 -5.30541  -5.15671 0 2.74137 0 0 -5.41832  -0.0148871 0 0.0350827 0 0 -0.0156999  0.106651 0 0.223547 0 0 0.128612  0 0 0 0 0 0  
126.292 2.88832 0.021046 -5.17682 0 3 0 0 -5.19857  -5.28184 0 2.73461 0 0 -5.31542  -0.0146399 0 0.0361059 0 0 -0.0141953  0.119659 0 0.229286 0 0 0.131051  0 0 0 0 0 0  
126.92 2.90161 0.0223612 -5.20089 0 3 0 0 -5.15147  -5.31131 0 2.72389 0 0 -5.26904  -0.0135569 0 0.0372951 0 0 -0.0132379  0.123984 0 0.238817 0 0 0.130811  0 0 0 0 0 0  
127.549 2.91575 0.0225313 -5.16444 0 3 0 0 -5.06244  -5.28809 0 2.71931 0 0 -5.18569  -0.0186103 0 0.0355106 0 0 -0.0169078  0.142258 0 0.245175 0 0 0.140159  0 0 0 0 0 0  
128.177 2.93024 0.0237043 -5.15891 0 3 0 0 -5.09644  -5.26824 0 2.70379 0 0 -5.2082  -0.0195915 0 0.0397518 0 0 -0.0221468  0.12892 0 0.256456 0 0 0.133909  0 0 0 0 0 0  
128.805 2.94491 0.0232035 -5.22128 0 3 0 0 -5.08148  -5.33278 0 2.7022 0 0 -5.21003  -0.0207712 0 0.0379338 0 0 -0.0192172  0.132268 0 0.259863 0 0 0.147768  0 0 0 0 0 0  
129.434 2.95929 0.0221835 -5.25116 0 3 0 0 -5.17013  -5.34943 0 2.72016 0 0 -5.28484  -0.017475 0 0.0380868 0 0 -0.019164  0.115749 0 0.241757 0 0 0.133873  0 0 0 0 0 0  
130.062 2.97292 0.0214729 -5.32035 0 3 0 0 -5.16902  -5.4059 0 2.73419 0 0 -5.27274  -0.0145301 0 0.0363512 0 0 -0.0131815  0.100074 0 0.229462 0 0 0.116903  0 0 0 0 0 0  
130.69 2.98616 0.0214148 -5.31737 0 3 0 0 -5.12062  -5.41142 0 2.73494 0 0 -5.23828  -0.0101608 0 0.0339995 0 0 -0.0123064  0.104216 0 0.231057 0 0 0.129959  0 0 0 0 0 0  
131.319 2.99945 0.0218924 -5.26124 0 3 0 0 -5.01429  -5.34898 0 2.72538 0 0 -5.12703  -0.020902 0 0.0354719 0 0 -0.0155304  0.108644 0 0.23915 0 0 0.128274  0 0 0 0 0 0  
131.947 3.01345 0.0224727 -5.2055 0 3 0 0 -4.97167  -5.28106 0 2.69774 0 0 -5.08584  -0.0243389 0 0.0359676 0 0 -0.0219163  0.0998971 0 0.266293 0 0 0.136086  0 0 0 0 0 0  
132.575 3.02809 0.023945 -5.20221 0 3 0 0 -5.07639  -5.28936 0 2.67896 0 0 -5.19891  -0.0302844 0 0.0414155 0 0 -0.0193317  0.117437 0 0.279626 0 0 0.141852  0 0 0 0 0 0  
133.204 3.04321 0.0239879 -5.25108 0 3 0 0 -5.18371  -5.33501 0 2.68235 0 0 -5.30063  -0.0320735 0 0.0401749 0 0 -0.0250738  0.116004 0 0.277474 0 0 0.141996  0 0 0 0 0 0  
133.832 3.05803 0.0238072 -5.23925 0 3 0 0 -5.26201  -5.31364 0 2.69845 0 0 -5.36187  -0.0269975 0 0.0418154 0 0 -0.0197884  0.10139 0 0.259733 0 0 0.119654  0 0 0 0 0 0  
134.46 3.0731 0.0242792 -5.29763 0 3 0 0 -5.36282  -5.36542 0 2.70615 0 0 -5.46155  -0.0315734 0 0.0387827 0 0 -0.0195439  0.099358 0 0.255072 0 0 0.118276  0 0 0 0 0 0  
135.088 3.0884 0.0245518 -5.37238 0 3 0 0 -5.47099  -5.42713 0 2.71439 0 0 -5.56462  -0.0381846 0 0.0414994 0 0 -0.0222835  0.0929385 0 0.244113 0 0 0.115913  0 0 0 0 0 0  
135.717 3.10393 0.0241855 -5.30288 0 3 0 0 -5.4306  -5.35365 0 2.71995 0 0 -5.51342  -0.0334484 0 0.0413205 0 0 -0.0239279  0.0842237 0 0.238733 0 0 0.106744  0 0 0 0 0 0  
136.345 3.11954 0.0259032 -5.18179 0 3 0 0 -5.40498  -5.24616 0 2.7113 0 0 -5.51454  -0.030683 0 0.0434282 0 0 -0.0240511  0.09505 0 0.245276 0 0 0.133609  0 0 0 0 0 0  
136.973 3.13593 0.0263521 -4.97311 0 3 0 0 -5.24277  -5.05861 0 2.69571 0 0 -5.37441  -0.0225224 0 0.0466979 0 0 -0.0238745  0.108018 0 0.25759 0 0 0.155511  0 0 0 0 0 0  
137.602 3.1525 0.0263415 -4.87702 0 3 0 0 -4.92905  -4.9769 0 2.68315 0 0 -5.08155  -0.0240774 0 0.0405949 0 0 -0.0248121  0.123964 0 0.276251 0 0 0.177309  0 0 0 0 0 0  
138.23 3.169 0.0265592 -4.85326 0 3 0 0 -4.59335  -4.97454 0 2.65103 0 0 -4.80573  -0.0298563 0 0.0371715 0 0 -0.032494  0.151138 0 0.311798 0 0 0.244873  0 0 0 0 0 0  
138.858 3.18598 0.0274153 -4.9341 0 3 0 0 -4.27863  -5.05989 0 2.64566 0 0 -4.48263  -0.022168 0 0.0424095 0 0 -0.0256284  0.147961 0 0.31193 0 0 0.229634  0 0 0 0 0 0  
139.487 3.20291 0.026287 -5.02845 0 3 0 0 -4.18881  -5.13556 0 2.66018 0 0 -4.37369  -0.0247355 0 0.0384688 0 0 -0.0372907  0.131841 0 0.301349 0 0 0.222171  0 0 0 0 0 0  
140.115 3.21961 0.0263654 -5.04864 0 3 0 0 -4.22943  -5.13442 0 2.66085 0 0 -4.40085  -0.0280553 0 0.0384309 0 0 -0.0306813  0.113835 0 0.30072 0 0 0.2021  0 0 0 0 0 0  
140.743 3.23617 0.0267849 -4.91652 0 3 0 0 -4.24014  -5.00964 0 2.64864 0 0 -4.42126  -0.0414488 0 0.0355255 0 0 -0.0361043  0.134569 0 0.315837 0 0 0.217226  0 0 0 0 0 0  
141.372 3.25333 0.0276941 -4.78809 0 3 0 0 -4.2515  -4.8942 0 2.63574 0 0 -4.42794  -0.0500615 0 0.0329085 0 0 -0.0348822  0.156171 0 0.331351 0 0 0.211327  0 0 0 0 0 0  
142 3.27121 0.0285557 -4.63156 0 3 0 0 -4.19715  -4.72128 0 2.62694 0 0 -4.37242  -0.0500788 0 0.0399153 0 0 -0.0322822  0.139795 0 0.333141 0 0 0.207551  0 0 0 0 0 0  
142.628 3.28935 0.0293577 -4.54135 0 3 0 0 -4.17349  -4.64247 0 2.59942 0 0 -4.37117  -0.048601 0 0.045607 0 0 -0.031951  0.149717 0 0.354978 0 0 0.229635  0 0 0 0 0 0  
143.257 3.30768 0.0287481 -4.5215 0 3 0 0 -4.25156  -4.62324 0 2.60872 0 0 -4.43621  -0.0465807 0 0.0501082 0 0 -0.0326325  0.148322 0 0.341169 0 0 0.217275  0 0 0 0 0 0  
143.885 3.32564 0.0284732 -4.59941 0 3 0 0 -4.45926  -4.70579 0 2.62144 0 0 -4.63231  -0.0409446 0 0.0479651 0 0 -0.035296  0.147324 0 0.330594 0 0 0.208352  0 0 0 0 0 0  
144.513 3.34335 0.0285231 -4.81894 0 3 0 0 -4.54667  -4.91745 0 2.61723 0 0 -4.72554  -0.0429001 0 0.0424778 0 0 -0.0583635  0.141404 0 0.34029 0 0 0.237231  0 0 0 0 0 0  
145.142 3.36134 0.0282318 -4.94557 0 3 0 0 -4.71366  -5.03284 0 2.62398 0 0 -4.8715  -0.0529275 0 0.0442812 0 0 -0.055199  0.1402 0 0.331735 0 0 0.213037  0 0 0 0 0 0  
145.77 3.37882 0.0281422 -4.97497 0 3 0 0 -4.83362  -5.05207 0 2.64453 0 0 -4.9719  -0.0548554 0 0.0476231 0 0 -0.0399473  0.13196 0 0.307848 0 0 0.178231  0 0 0 0 0 0  
146.398 3.39675 0.0286476 -4.87476 0 3 0 0 -4.75262  -4.9531 0 2.64221 0 0 -4.89814  -0.0581556 0 0.0462997 0 0 -0.039211  0.136494 0 0.311489 0 0 0.184733  0 0 0 0 0 0  
147.027 3.41508 0.0288281 -4.66089 0 3 0 0 -4.50852  -4.76522 0 2.60835 0 0 -4.6906  -0.0635289 0 0.0459841 0 0 -0.0542098  0.16786 0 0.345664 0 0 0.236289  0 0 0 0 0 0  
147.655 3.43289 0.0278647 -4.49425 0 3 0 0 -4.32056  -4.61723 0 2.60838 0 0 -4.53115  -0.0711101 0 0.041804 0 0 -0.0433519  0.194091 0 0.349819 0 0 0.253936  0 0 0 0 0 0  
148.283 3.45058 0.028471 -4.60856 0 3 0 0 -4.24322  -4.72338 0 2.59245 0 0 -4.46868  -0.071175 0 0.0400201 0 0 -0.0464536  0.185999 0 0.367534 0 0 0.271913  0 0 0 0 0 0  
148.911 3.4685 0.0282338 -4.76555 0 3 0 0 -4.57163  -4.87145 0 2.62282 0 0 -4.74366  -0.0599089 0 0.0416661 0 0 -0.0476109  0.165807 0 0.335514 0 0 0.219647  0 0 0 0 0 0  
149.54 3.4857 0.0269011 -4.97362 0 3 0 0 -4.75795  -5.06862 0 2.66546 0 0 -4.91134  -0.0460662 0 0.0410899 0 0 -0.0332811  0.141071 0 0.293448 0 0 0.186664  0 0 0 0 0 0  
150.168 3.50244 0.0263762 -5.13504 0 3 0 0 -4.9202  -5.22205 0 2.68078 0 0 -5.05468  -0.0438061 0 0.0426088 0 0 -0.0280008  0.130821 0 0.276616 0 0 0.162482  0 0 0 0 0 0  
150.796 3.51866 0.0247458 -5.19048 0 3 0 0 -4.90701  -5.27704 0 2.70297 0 0 -5.02962  -0.0329946 0 0.0435126 0 0 -0.0223856  0.119553 0 0.253519 0 0 0.144996  0 0 0 0 0 0  
151.425 3.53411 0.0243581 -5.13454 0 3 0 0 -4.79409  -5.21647 0 2.69328 0 0 -4.91431  -0.0382741 0 0.0456961 0 0 -0.0327344  0.120207 0 0.261019 0 0 0.152957  0 0 0 0 0 0  
152.053 3.54911 0.0238617 -5.0499 0 3 0 0 -4.71363  -5.13864 0 2.70171 0 0 -4.84508  -0.0277195 0 0.038456 0 0 -0.0329184  0.116465 0 0.259836 0 0 0.164371  0 0 0 0 0 0  
152.681 3.56346 0.0224402 -5.1413 0 3 0 0 -4.86993  -5.20987 0 2.72766 0 0 -4.97943  -0.0227319 0 0.0383828 0 0 -0.0274243  0.0912927 0 0.233959 0 0 0.136926  0 0 0 0 0 0  
153.31 3.57719 0.0213076 -5.18396 0 3 0 0 -5.06195  -5.25878 0 2.73877 0 0 -5.16641  -0.0291864 0 0.0383362 0 0 -0.0202908  0.104005 0 0.222894 0 0 0.124753  0 0 0 0 0 0  
153.938 3.59049 0.0206855 -5.1805 0 3 0 0 -5.11953  -5.24978 0 2.74831 0 0 -5.21324  -0.0299846 0 0.0360346 0 0 -0.0194884  0.0992643 0 0.215652 0 0 0.113206  0 0 0 0 0 0  
154.566 3.60374 0.0212682 -5.06851 0 3 0 0 -5.09335  -5.14071 0 2.73746 0 0 -5.20863  -0.0329025 0 0.0354824 0 0 -0.0247362  0.105103 0 0.227061 0 0 0.14002  0 0 0 0 0 0  
155.195 3.61737 0.0225981 -4.92482 0 3 0 0 -5.03688  -4.98835 0 2.72084 0 0 -5.14112  -0.0331045 0 0.0385936 0 0 -0.0292993  0.0966308 0 0.240568 0 0 0.133539  0 0 0 0 0 0  
155.823 3.63194 0.023742 -4.81142 0 3 0 0 -4.96097  -4.8871 0 2.70536 0 0 -5.07655  -0.0378392 0 0.0380263 0 0 -0.0325722  0.113518 0 0.256611 0 0 0.148158  0 0 0 0 0 0  
156.451 3.64683 0.0238844 -4.62306 0 3 0 0 -4.89521  -4.70617 0 2.69696 0 0 -5.01999  -0.0411662 0 0.036484 0 0 -0.0366483  0.124277 0 0.266553 0 0 0.16142  0 0 0 0 0 0  
157.08 3.66206 0.0245223 -4.57418 0 3 0 0 -4.85239  -4.64896 0 2.68616 0 0 -4.98054  -0.0489088 0 0.0364273 0 0 -0.0452956  0.123689 0 0.277408 0 0 0.173442  0 0 0 0 0 0  
157.708 3.67801 0.0248679 -4.53753 0 3 0 0 -4.63613  -4.63076 0 2.6737 0 0 -4.80387  -0.0381845 0 0.0339867 0 0 -0.0400842  0.131419 0 0.292317 0 0 0.207819  0 0 0 0 0 0  
158.336 3.69327 0.024234 -4.56343 0 3 0 0 -4.29942  -4.6734 0 2.67825 0 0 -4.47319  -0.0391271 0 0.0345278 0 0 -0.0388392  0.149098 0 0.287218 0 0 0.212613  0 0 0 0 0 0  
158.965 3.70866 0.0249839 -4.60331 0 3 0 0 -4.11245  -4.72762 0 2.66624 0 0 -4.30035  -0.0386957 0 0.031728 0 0 -0.0453484  0.163004 0 0.30203 0 0 0.233246  0 0 0 0 0 0  
159.593 3.72432 0.0246622 -4.60206 0 3 0 0 -4.13924  -4.72586 0 2.67409 0 0 -4.31756  -0.0395084 0 0.0275332 0 0 -0.0496255  0.163315 0 0.298372 0 0 0.227949  0 0 0 0 0 0  
160.221 3.73997 0.0251619 -4.61467 0 3 0 0 -4.24472  -4.7491 0 2.65551 0 0 -4.42681  -0.0502803 0 0.0252719 0 0 -0.0541607  0.184709 0 0.319215 0 0 0.236259  0 0 0 0 0 0  
160.85 3.75542 0.0247744 -4.62899 0 3 0 0 -4.39644  -4.76233 0 2.66333 0 0 -4.56629  -0.048014 0 0.0305738 0 0 -0.0481594  0.181358 0 0.306101 0 0 0.218011  0 0 0 0 0 0  
161.478 3.77059 0.0237213 -4.80399 0 3 0 0 -4.77214  -4.93236 0 2.68333 0 0 -4.91627  -0.0500953 0 0.0267785 0 0 -0.042344  0.178465 0 0.289892 0 0 0.186472  0 0 0 0 0 0  
162.106 3.78534 0.0234422 -4.96682 0 3 0 0 -5.15883  -5.06822 0 2.70269 0 0 -5.28639  -0.0432508 0 0.0284392 0 0 -0.0390399  0.144654 0 0.268872 0 0 0.166601  0 0 0 0 0 0  
162.734 3.80027 0.024023 -5.11555 0 3 0 0 -5.38376  -5.20077 0 2.69948 0 0 -5.49108  -0.0393744 0 0.0336861 0 0 -0.029911  0.124601 0 0.266829 0 0 0.13724  0 0 0 0 0 0  
163.363 3.81535 0.023915 -5.19718 0 3 0 0 -5.53247  -5.27109 0 2.70147 0 0 -5.62993  -0.0316811 0 0.0370213 0 0 -0.028899  0.105589 0 0.261507 0 0 0.126354  0 0 0 0 0 0  
163.991 3.82991 0.0225151 -5.23103 0 3 0 0 -5.53046  -5.29248 0 2.71954 0 0 -5.62203  -0.0315779 0 0.0372085 0 0 -0.0251712  0.0930259 0 0.243255 0 0 0.116745  0 0 0 0 0 0  
164.619 3.84399 0.0224348 -5.21086 0 3 0 0 -5.44491  -5.28243 0 2.70975 0 0 -5.5548  -0.0231972 0 0.0353338 0 0 -0.0213839  0.0947705 0 0.254919 0 0 0.13127  0 0 0 0 0 0  
165.248 3.85846 0.0232616 -5.24143 0 3 0 0 -5.40926  -5.3155 0 2.70298 0 0 -5.53892  -0.0265948 0 0.0330007 0 0 -0.027608  0.100671 0 0.264018 0 0 0.157268  0 0 0 0 0 0  
165.876 3.87378 0.0253981 -5.18082 0 3 0 0 -5.31492  -5.25924 0 2.66671 0 0 -5.45351  -0.0344049 0 0.0364393 0 0 -0.0337332  0.112833 0 0.296851 0 0 0.172331  0 0 0 0 0 0  
166.504 3.89019 0.0261938 -5.10602 0 3 0 0 -5.2851  -5.18052 0 2.65258 0 0 -5.41902  -0.0383077 0 0.043608 0 0 -0.0395531  0.112813 0 0.303815 0 0 0.173479  0 0 0 0 0 0  
167.133 3.90643 0.0254555 -5.00441 0 3 0 0 -5.27231  -5.08668 0 2.65552 0 0 -5.39708  -0.0341243 0 0.0445296 0 0 -0.0378534  0.116389 0 0.299954 0 0 0.162626  0 0 0 0 0 0  
167.761 3.92209 0.0249266 -4.9377 0 3 0 0 -5.2015  -5.01774 0 2.67329 0 0 -5.33127  -0.0346974 0 0.0424546 0 0 -0.0343533  0.114737 0 0.284256 0 0 0.164119  0 0 0 0 0 0  
168.389 3.93774 0.0247551 -4.9034 0 3 0 0 -5.18481  -4.98877 0 2.68422 0 0 -5.30112  -0.0298821 0 0.0404708 0 0 -0.0313181  0.115252 0 0.27531 0 0 0.147635  0 0 0 0 0 0  
169.018 3.95334 0.0250952 -5.01745 0 3 0 0 -5.16413  -5.09888 0 2.68582 0 0 -5.2714  -0.0334081 0 0.0370069 0 0 -0.0339736  0.114833 0 0.277174 0 0 0.141237  0 0 0 0 0 0  
169.646 3.96933 0.0253149 -5.15481 0 3 0 0 -5.14676  -5.22719 0 2.68072 0 0 -5.24944  -0.035703 0 0.0409238 0 0 -0.034846  0.108085 0 0.278361 0 0 0.137523  0 0 0 0 0 0  
170.274 3.98556 0.0258096 -5.16379 0 3 0 0 -5.07791  -5.22121 0 2.67507 0 0 -5.17275  -0.0349033 0 0.0472467 0 0 -0.0368555  0.092324 0 0.277686 0 0 0.131698  0 0 0 0 0 0  
170.903 4.00164 0.0254234 -5.18761 0 3 0 0 -5.05946  -5.25148 0 2.68535 0 0 -5.15827  -0.0416056 0 0.0451212 0 0 -0.0425889  0.105473 0 0.269532 0 0 0.1414  0 0 0 0 0 0  
171.531 4.01734 0.0249234 -5.20029 0 3 0 0 -5.09717  -5.25911 0 2.70385 0 0 -5.19057  -0.0302956 0 0.0431884 0 0 -0.0303218  0.0891137 0 0.252962 0 0 0.123724  0 0 0 0 0 0  
172.159 4.03287 0.0248523 -5.18718 0 3 0 0 -5.16717  -5.2458 0 2.71127 0 0 -5.27798  -0.0347648 0 0.0393138 0 0 -0.0299164  0.0933827 0 0.249416 0 0 0.140728  0 0 0 0 0 0  
172.788 4.04812 0.0234204 -5.10673 0 3 0 0 -5.08297  -5.16823 0 2.71098 0 0 -5.19071  -0.0423378 0 0.0382531 0 0 -0.0344228  0.10384 0 0.250763 0 0 0.14216  0 0 0 0 0 0  
173.416 4.06258 0.0222397 -4.98674 0 3 0 0 -5.11094  -5.05148 0 2.71476 0 0 -5.22808  -0.040396 0 0.0355141 0 0 -0.0356276  0.105133 0 0.249725 0 0 0.15277  0 0 0 0 0 0  
174.044 4.07634 0.0213741 -4.93939 0 3 0 0 -5.17905  -5.00766 0 2.73366 0 0 -5.30437  -0.0362953 0 0.0322712 0 0 -0.0364307  0.104562 0 0.234072 0 0 0.161751  0 0 0 0 0 0  
174.673 4.08987 0.0215774 -4.88499 0 3 0 0 -5.25515  -4.94406 0 2.73721 0 0 -5.38876  -0.0324636 0 0.0276573 0 0 -0.0316506  0.0915318 0 0.235137 0 0 0.165254  0 0 0 0 0 0  
175.301 4.10353 0.0223259 -4.90401 0 3 0 0 -5.44088  -4.96104 0 2.73654 0 0 -5.56726  -0.0357085 0 0.0282024 0 0 -0.034259  0.092733 0 0.235262 0 0 0.16064  0 0 0 0 0 0  
175.929 4.11783 0.0233732 -4.93257 0 3 0 0 -5.55412  -4.97058 0 2.72445 0 0 -5.65827  -0.039009 0 0.0341821 0 0 -0.0362174  0.0770197 0 0.241367 0 0 0.140373  0 0 0 0 0 0  
176.558 4.13248 0.0228745 -4.94617 0 3 0 0 -5.56962  -4.98388 0 2.72792 0 0 -5.67433  -0.0368817 0 0.0360738 0 0 -0.0280652  0.0745969 0 0.236003 0 0 0.132776  0 0 0 0 0 0  
177.186 4.14657 0.0223907 -4.97716 0 3 0 0 -5.60913  -5.02584 0 2.73863 0 0 -5.71647  -0.0287855 0 0.0360855 0 0 -0.0244421  0.0774687 0 0.225284 0 0 0.131784  0 0 0 0 0 0  
177.814 4.16037 0.0222016 -5.03395 0 3 0 0 -5.42058  -5.08632 0 2.73222 0 0 -5.55263  -0.0259105 0 0.035787 0 0 -0.0188226  0.0782761 0 0.231997 0 0 0.15087  0 0 0 0 0 0  
178.442 4.17418 0.02201 -5.03262 0 3 0 0 -5.26948  -5.08917 0 2.73057 0 0 -5.41461  -0.027505 0 0.0338952 0 0 -0.0125956  0.0840601 0 0.235537 0 0 0.15772  0 0 0 0 0 0  
179.071 4.18834 0.0231265 -5.03753 0 3 0 0 -5.26821  -5.09062 0 2.71784 0 0 -5.40493  -0.0308628 0 0.0360605 0 0 -0.0192577  0.0839569 0 0.2461 0 0 0.15598  0 0 0 0 0 0  
179.699 4.20325 0.0239698 -4.99337 0 3 0 0 -5.37806  -5.05252 0 2.71485 0 0 -5.52173  -0.0368039 0 0.0357271 0 0 -0.0194467  0.09595 0 0.249423 0 0 0.163111  0 0 0 0 0 0  
180.327 4.21828 0.0239256 -4.91909 0 3 0 0 -5.39887  -4.97001 0 2.71733 0 0 -5.53228  -0.0426224 0 0.039948 0 0 -0.0198908  0.0935406 0 0.242719 0 0 0.153299  0 0 0 0 0 0  
180.956 4.2334 0.0241948 -4.96337 0 3 0 0 -5.35614  -5.03624 0 2.70198 0 0 -5.50629  -0.0447727 0 0.039754 0 0 -0.0231223  0.117642 0 0.258265 0 0 0.173272  0 0 0 0 0 0  
181.584 4.24841 0.023907 -5.02383 0 3 0 0 -5.21953  -5.0968 0 2.69315 0 0 -5.36347  -0.0405042 0 0.0398786 0 0 -0.0224527  0.113469 0 0.266972 0 0 0.166395  0 0 0 0 0 0  
182.212 4.26335 0.0235767 -5.17962 0 3 0 0 -5.13078  -5.25542 0 2.69832 0 0 -5.26301  -0.0357499 0 0.0406728 0 0 -0.0244238  0.111552 0 0.26101 0 0 0.156651  0 0 0 0 0 0  
182.841 4.27807 0.0234946 -5.30271 0 3 0 0 -5.11967  -5.37947 0 2.70493 0 0 -5.24682  -0.0321934 0 0.0384122 0 0 -0.0268231  0.108954 0 0.256657 0 0 0.153979  0 0 0 0 0 0  
183.469 4.29246 0.0226388 -5.39671 0 3 0 0 -5.13214  -5.47561 0 2.71875 0 0 -5.24321  -0.0286715 0 0.0380624 0 0 -0.0258201  0.107578 0 0.243189 0 0 0.136889  0 0 0 0 0 0  
184.097 4.30663 0.0223204 -5.47835 0 3 0 0 -5.14496  -5.54102 0 2.71564 0 0 -5.25344  -0.0323784 0 0.0424434 0 0 -0.0254039  0.0950509 0 0.24192 0 0 0.13388  0 0 0 0 0 0  
184.726 4.32067 0.0223959 -5.49871 0 3 0 0 -5.06581  -5.55999 0 2.72128 0 0 -5.16836  -0.0266899 0 0.0450534 0 0 -0.0167745  0.0879664 0 0.233663 0 0 0.119322  0 0 0 0 0 0  
185.354 4.33502 0.0229779 -5.49285 0 3 0 0 -5.00348  -5.55214 0 2.71589 0 0 -5.09898  -0.0289461 0 0.045196 0 0 -0.0212566  0.088239 0 0.238919 0 0 0.116755  0 0 0 0 0 0  
185.982 4.34969 0.0234355 -5.43536 0 3 0 0 -4.95741  -5.50563 0 2.69198 0 0 -5.05107  -0.0355527 0 0.0480709 0 0 -0.0305687  0.105828 0 0.259944 0 0 0.124227  0 0 0 0 0 0  
186.611 4.36435 0.0228977 -5.38459 0 3 0 0 -4.8853  -5.44668 0 2.70593 0 0 -4.9784  -0.0310603 0 0.0482985 0 0 -0.027728  0.0931542 0 0.245771 0 0 0.120819  0 0 0 0 0 0  
187.239 4.37835 0.0214179 -5.28434 0 3 0 0 -4.80435  -5.34808 0 2.71844 0 0 -4.88164  -0.0335123 0 0.0466774 0 0 -0.0313006  0.0972515 0 0.234878 0 0 0.108594  0 0 0 0 0 0  
187.867 4.39193 0.021375 -5.20352 0 3 0 0 -4.67471  -5.27969 0 2.73104 0 0 -4.75693  -0.0349095 0 0.0377903 0 0 -0.0306623  0.111078 0 0.231167 0 0 0.112879  0 0 0 0 0 0  
188.496 4.40528 0.0211627 -5.13049 0 3 0 0 -4.5751  -5.21513 0 2.72307 0 0 -4.67965  -0.0409393 0 0.0369117 0 0 -0.0348871  0.125573 0 0.240018 0 0 0.139437  0 0 0 0 0 0  
189.124 4.41855 0.0211439 -5.05704 0 3 0 0 -4.51315  -5.1478 0 2.73342 0 0 -4.62448  -0.0416673 0 0.0326164 0 0 -0.0317854  0.132425 0 0.233963 0 0 0.143116  0 0 0 0 0 0  
189.752 4.43169 0.0207287 -5.03199 0 3 0 0 -4.51692  -5.12499 0 2.73685 0 0 -4.62991  -0.034739 0 0.0319426 0 0 -0.0264634  0.127739 0 0.231209 0 0 0.139449  0 0 0 0 0 0  
190.381 4.44442 0.0199379 -5.01246 0 3 0 0 -4.56989  -5.09658 0 2.74167 0 0 -4.66768  -0.0268937 0 0.0353152 0 0 -0.0233415  0.111019 0 0.223013 0 0 0.121136  0 0 0 0 0 0  
191.009 4.45656 0.0187389 -4.97826 0 3 0 0 -4.54143  -5.04982 0 2.75828 0 0 -4.63546  -0.0245398 0 0.0346921 0 0 -0.0253869  0.0961078 0 0.207023 0 0 0.119413  0 0 0 0 0 0  
191.637 4.46847 0.0190298 -4.91278 0 3 0 0 -4.52974  -4.9901 0 2.75446 0 0 -4.63216  -0.0208796 0 0.0350415 0 0 -0.0289967  0.0982015 0 0.210502 0 0 0.131416  0 0 0 0 0 0  
192.265 4.48055 0.0194845 -5.00284 0 3 0 0 -4.57149  -5.08201 0 2.74725 0 0 -4.67699  -0.0203533 0 0.0380149 0 0 -0.030171  0.0995214 0 0.214737 0 0 0.135677  0 0 0 0 0 0  
192.894 4.49296 0.0200146 -5.13774 0 3 0 0 -4.76196  -5.22367 0 2.74521 0 0 -4.87178  -0.0163265 0 0.0351366 0 0 -0.0264913  0.102256 0 0.219652 0 0 0.13631  0 0 0 0 0 0  
193.522 4.50515 0.0194342 -5.2097 0 3 0 0 -4.93916  -5.29517 0 2.75657 0 0 -5.0261  -0.0162973 0 0.0351371 0 0 -0.0278901  0.101765 0 0.208296 0 0 0.114834  0 0 0 0 0 0  
194.15 4.51701 0.0181241 -5.29843 0 3 0 0 -5.02228  -5.37609 0 2.77596 0 0 -5.11021  -0.0195275 0 0.0302439 0 0 -0.0261987  0.0971873 0 0.193798 0 0 0.114121  0 0 0 0 0 0  
194.779 4.52807 0.0175095 -5.35782 0 3 0 0 -5.08711  -5.42909 0 2.7901 0 0 -5.17321  -0.0170924 0 0.0271297 0 0 -0.0200291  0.0883622 0 0.182771 0 0 0.106125  0 0 0 0 0 0  
195.407 4.53908 0.0176688 -5.35254 0 3 0 0 -5.10885  -5.42494 0 2.79104 0 0 -5.2064  -0.0155071 0 0.0262519 0 0 -0.018292  0.0879075 0 0.182707 0 0 0.115844  0 0 0 0 0 0  
196.035 4.55028 0.0178199 -5.32716 0 3 0 0 -5.08498  -5.39655 0 2.79133 0 0 -5.1729  -0.0137888 0 0.0289043 0 0 -0.0150089  0.0831766 0 0.179763 0 0 0.102931  0 0 0 0 0 0  
196.664 4.56179 0.0187213 -5.26627 0 3 0 0 -4.99979  -5.33219 0 2.781 0 0 -5.08594  -0.015315 0 0.0301985 0 0 -0.017768  0.0812373 0 0.188805 0 0 0.103918  0 0 0 0 0 0  
197.292 4.57402 0.0202596 -5.10924 0 3 0 0 -4.9411  -5.18539 0 2.76519 0 0 -5.0413  -0.0159953 0 0.0310424 0 0 -0.0216384  0.0921413 0 0.20377 0 0 0.121837  0 0 0 0 0 0  
197.92 4.58681 0.0202394 -5.08077 0 3 0 0 -4.91815  -5.13684 0 2.76153 0 0 -4.99918  -0.0190883 0 0.0330134 0 0 -0.0225664  0.0751602 0 0.205453 0 0 0.103593  0 0 0 0 0 0  
198.549 4.59945 0.0201981 -4.96856 0 3 0 0 -4.89929  -5.0456 0 2.75504 0 0 -4.99975  -0.0239087 0 0.0299893 0 0 -0.0209725  0.10095 0 0.214969 0 0 0.121435  0 0 0 0 0 0  
199.177 4.61227 0.0208855 -4.95054 0 3 0 0 -4.89555  -5.04298 0 2.73548 0 0 -5.01862  -0.0240531 0 0.0335881 0 0 -0.0240164  0.116493 0 0.230933 0 0 0.147089  0 0 0 0 0 0  
199.805 4.62579 0.0225852 -4.99724 0 3 0 0 -5.0512  -5.10863 0 2.72397 0 0 -5.17963  -0.0249455 0 0.032081 0 0 -0.0209575  0.136334 0 0.243949 0 0 0.149392  0 0 0 0 0 0  
200.434 4.63996 0.0229649 -5.0974 0 3 0 0 -5.24903  -5.20727 0 2.72634 0 0 -5.36722  -0.0191632 0 0.0342024 0 0 -0.0129263  0.129034 0 0.239455 0 0 0.13112  0 0 0 0 0 0  
201.062 4.6548 0.0237414 -5.24823 0 3 0 0 -5.34606  -5.3441 0 2.72665 0 0 -5.46249  -0.0159617 0 0.0383609 0 0 -0.00803357  0.111836 0 0.234986 0 0 0.124466  0 0 0 0 0 0  
201.69 4.66971 0.0242353 -5.20166 0 3 0 0 -5.37817  -5.31074 0 2.71598 0 0 -5.50043  -0.0141015 0 0.0360454 0 0 -0.0167288  0.12318 0 0.247972 0 0 0.138987  0 0 0 0 0 0  
202.319 4.68553 0.0258123 -5.14382 0 3 0 0 -5.41742  -5.24659 0 2.69497 0 0 -5.52929  -0.0190679 0 0.0397508 0 0 -0.0239879  0.121838 0 0.265283 0 0 0.135857  0 0 0 0 0 0  
202.947 4.70193 0.0259148 -5.09683 0 3 0 0 -5.36856  -5.19279 0 2.68108 0 0 -5.48082  -0.0294709 0 0.0428931 0 0 -0.033982  0.125434 0 0.276032 0 0 0.146247  0 0 0 0 0 0  
203.575 4.71775 0.024011 -5.12167 0 3 0 0 -5.33647  -5.20872 0 2.70459 0 0 -5.45218  -0.0246164 0 0.039987 0 0 -0.0210955  0.11167 0 0.25542 0 0 0.136804  0 0 0 0 0 0  
204.204 4.73273 0.023331 -5.12392 0 3 0 0 -5.24712  -5.20561 0 2.71138 0 0 -5.37511  -0.0227628 0 0.0380284 0 0 -0.0207971  0.104452 0 0.250595 0 0 0.148793  0 0 0 0 0 0  
204.832 4.74729 0.0233126 -5.14757 0 3 0 0 -5.17838  -5.23377 0 2.71491 0 0 -5.30995  -0.0231511 0 0.0374331 0 0 -0.0215032  0.109352 0 0.247659 0 0 0.153071  0 0 0 0 0 0  
205.46 4.76162 0.0230531 -5.13324 0 3 0 0 -5.12065  -5.21821 0 2.71268 0 0 -5.24715  -0.0219954 0 0.0387119 0 0 -0.0192023  0.106964 0 0.248609 0 0 0.145701  0 0 0 0 0 0  
206.088 4.77619 0.0232462 -5.08194 0 3 0 0 -5.09414  -5.16797 0 2.69913 0 0 -5.22886  -0.0212478 0 0.0374691 0 0 -0.016256  0.107275 0 0.2634 0 0 0.150972  0 0 0 0 0 0  
206.717 4.79045 0.0221367 -5.11039 0 3 0 0 -4.95195  -5.19512 0 2.7065 0 0 -5.09859  -0.0306305 0 0.0354494 0 0 -0.0199857  0.115362 0 0.258051 0 0 0.16663  0 0 0 0 0 0  
207.345 4.80455 0.022744 -5.15559 0 3 0 0 -4.81262  -5.24726 0 2.69328 0 0 -4.97491  -0.0316602 0 0.0332327 0 0 -0.0182161  0.123336 0 0.273483 0 0 0.180511  0 0 0 0 0 0  
207.973 4.81888 0.0230775 -5.27623 0 3 0 0 -4.72392  -5.34986 0 2.68735 0 0 -4.87007  -0.0385383 0 0.0358767 0 0 -0.0252369  0.112168 0 0.276776 0 0 0.171388  0 0 0 0 0 0  
208.602 4.83324 0.022597 -5.33886 0 3 0 0 -4.67569  -5.42171 0 2.69432 0 0 -4.80858  -0.0322327 0 0.0352031 0 0 -0.0300125  0.115089 0 0.270473 0 0 0.162898  0 0 0 0 0 0  
209.23 4.84762 0.0227394 -5.48392 0 3 0 0 -4.60049  -5.56656 0 2.70151 0 0 -4.73398  -0.0353439 0 0.0383873 0 0 -0.0275652  0.117992 0 0.260106 0 0 0.16106  0 0 0 0 0 0  
209.858 4.86219 0.0230978 -5.56727 0 3 0 0 -4.50717  -5.65329 0 2.69988 0 0 -4.6477  -0.0355116 0 0.0353796 0 0 -0.0291729  0.121524 0 0.264744 0 0 0.169697  0 0 0 0 0 0  
210.487 4.8766 0.0229796 -5.58324 0 3 0 0 -4.47654  -5.67424 0 2.70256 0 0 -4.62285  -0.0316634 0 0.0334841 0 0 -0.0235669  0.122672 0 0.263953 0 0 0.169874  0 0 0 0 0 0  
211.115 4.89076 0.0223423 -5.61331 0 3 0 0 -4.48634  -5.71209 0 2.69898 0 0 -4.62496  -0.0390887 0 0.0322355 0 0 -0.0245961  0.137874 0 0.268789 0 0 0.163223  0 0 0 0 0 0  
211.743 4.90479 0.0221205 -5.73073 0 3 0 0 -4.48342  -5.82956 0 2.7012 0 0 -4.61589  -0.0367739 0 0.0335323 0 0 -0.023159  0.1356 0 0.265273 0 0 0.155628  0 0 0 0 0 0  
212.372 4.91889 0.0228701 -5.76271 0 3 0 0 -4.42363  -5.85913 0 2.69865 0 0 -4.55146  -0.0326273 0 0.03738 0 0 -0.0260395  0.129044 0 0.26397 0 0 0.153871  0 0 0 0 0 0  
213 4.93347 0.0235816 -5.72276 0 3 0 0 -4.44818  -5.82136 0 2.69274 0 0 -4.56331  -0.0378638 0 0.0378071 0 0 -0.0287408  0.136466 0 0.269455 0 0 0.143871  0 0 0 0 0 0  
213.628 4.94843 0.0240126 -5.69265 0 3 0 0 -4.53796  -5.78348 0 2.69211 0 0 -4.65332  -0.0356732 0 0.0415189 0 0 -0.0252787  0.126505 0 0.266373 0 0 0.140633  0 0 0 0 0 0  
214.257 4.96344 0.0233536 -5.52156 0 3 0 0 -4.61421  -5.62381 0 2.7039 0 0 -4.74135  -0.0321641 0 0.0385688 0 0 -0.0218194  0.134407 0 0.257532 0 0 0.148965  0 0 0 0 0 0  
214.885 4.97796 0.0229743 -5.40509 0 3 0 0 -4.64312  -5.49387 0 2.71145 0 0 -4.75469  -0.028673 0 0.0419724 0 0 -0.0244526  0.11745 0 0.246575 0 0 0.136025  0 0 0 0 0 0  
215.513 4.99231 0.0230178 -5.25571 0 3 0 0 -4.59663  -5.34571 0 2.70095 0 0 -4.72874  -0.0362809 0 0.0402318 0 0 -0.02927  0.126284 0 0.258821 0 0 0.161379  0 0 0 0 0 0  
216.142 5.00639 0.0217719 -5.19289 0 3 0 0 -4.62377  -5.28305 0 2.70821 0 0 -4.75152  -0.0342464 0 0.0362956 0 0 -0.0341845  0.124399 0 0.255494 0 0 0.16193  0 0 0 0 0 0  
