# LF_DEM version v3.0-126-gb72fb1a
# np 1000
# VF 0.76
# Lx 73.993
# Ly 0
# Lz 73.993
# flow_type shear
# data in cl units.
#1: time
#2: cumulated strain
#3: shear rate
#4-9: total stress tensor (xx, xy, xz, yz, yy, zz)
#10-15: contact stress tensor (xx, xy, xz, yz, yy, zz)
#16-21: dashpot stress tensor (xx, xy, xz, yz, yy, zz)
#22-27: hydro stress tensor (xx, xy, xz, yz, yy, zz)
#28-33: repulsion stress tensor (xx, xy, xz, yz, yy, zz)

0.00471239 0.00041265 0.0875671 -4.36907 0 4 0 0 -4.07492  -4.96796 0 2.6989 0 0 -4.85543  -0.315738 0 0.0789332 0 0 -0.304333  0.914629 0 1.22216 0 0 1.08484  0 0 0 0 0 0  
0.471239 0.0255481 0.0467766 -4.65244 0 4 0 0 -4.59322  -4.95228 0 3.28191 0 0 -5.01262  -0.160939 0 0.0444527 0 0 -0.154421  0.460782 0 0.673637 0 0 0.57382  0 0 0 0 0 0  
0.942478 0.0463591 0.0412472 -5.21659 0 4 0 0 -5.0929  -5.46299 0 3.40316 0 0 -5.41022  -0.117323 0 0.0445654 0 0 -0.097257  0.363728 0 0.55227 0 0 0.414571  0 0 0 0 0 0  
1.41372 0.0648986 0.0378894 -5.69131 0 4 0 0 -5.48687  -5.89301 0 3.4663 0 0 -5.72014  -0.108006 0 0.0482109 0 0 -0.0871697  0.309701 0 0.485491 0 0 0.320442  0 0 0 0 0 0  
1.88496 0.0821275 0.0350892 -6.00415 0 4 0 0 -5.72388  -6.20212 0 3.52745 0 0 -5.92608  -0.0867863 0 0.0420312 0 0 -0.0760494  0.284755 0 0.430516 0 0 0.278255  0 0 0 0 0 0  
2.35619 0.0978505 0.0315452 -6.26172 0 4 0 0 -5.95203  -6.42514 0 3.59247 0 0 -6.11316  -0.0672759 0 0.0419928 0 0 -0.0585971  0.230695 0 0.365541 0 0 0.219732  0 0 0 0 0 0  
2.82743 0.111845 0.0283645 -6.41035 0 4 0 0 -6.15263  -6.54628 0 3.63697 0 0 -6.29111  -0.0485225 0 0.0381603 0 0 -0.0536186  0.184452 0 0.324872 0 0 0.192099  0 0 0 0 0 0  
3.29867 0.125091 0.0277136 -6.54325 0 4 0 0 -6.36219  -6.66151 0 3.65941 0 0 -6.5012  -0.0332198 0 0.03308 0 0 -0.0424618  0.15148 0 0.30751 0 0 0.181479  0 0 0 0 0 0  
3.76991 0.138109 0.027633 -6.67301 0 4 0 0 -6.65999  -6.79267 0 3.65977 0 0 -6.79791  -0.0281966 0 0.0332467 0 0 -0.0451028  0.147862 0 0.306982 0 0 0.183022  0 0 0 0 0 0  
4.24115 0.15148 0.0289636 -6.89805 0 4 0 0 -6.85881  -7.00326 0 3.64839 0 0 -6.98695  -0.0250461 0 0.0400736 0 0 -0.0509505  0.130256 0 0.311539 0 0 0.179095  0 0 0 0 0 0  
4.71239 0.164899 0.0280296 -7.19665 0 4 0 0 -7.02679  -7.27842 0 3.6494 0 0 -7.1279  -0.0252378 0 0.0430364 0 0 -0.04098  0.107002 0 0.307559 0 0 0.142092  0 0 0 0 0 0  
5.18363 0.177955 0.0277102 -7.347 0 4 0 0 -7.10904  -7.41843 0 3.65644 0 0 -7.20345  -0.0292445 0 0.0428938 0 0 -0.0360139  0.100672 0 0.300671 0 0 0.13042  0 0 0 0 0 0  
5.65487 0.190911 0.0263976 -7.33108 0 4 0 0 -7.16855  -7.39152 0 3.66844 0 0 -7.26373  -0.0365029 0 0.0426192 0 0 -0.0376463  0.096945 0 0.288945 0 0 0.132827  0 0 0 0 0 0  
6.12611 0.203474 0.0270078 -7.22069 0 4 0 0 -7.12391  -7.29551 0 3.67195 0 0 -7.22991  -0.024094 0 0.0417287 0 0 -0.0279096  0.0989156 0 0.286318 0 0 0.133911  0 0 0 0 0 0  
6.59734 0.216209 0.0264377 -7.05357 0 4 0 0 -7.12048  -7.14163 0 3.67445 0 0 -7.25435  -0.0234329 0 0.0364975 0 0 -0.0216644  0.111494 0 0.289048 0 0 0.155531  0 0 0 0 0 0  
7.06858 0.228772 0.0267337 -6.99671 0 4 0 0 -7.09257  -7.09079 0 3.66444 0 0 -7.22632  -0.0198604 0 0.0332933 0 0 -0.0231098  0.113936 0 0.302263 0 0 0.156857  0 0 0 0 0 0  
7.53982 0.241109 0.0257662 -6.95056 0 4 0 0 -7.12371  -7.03122 0 3.68231 0 0 -7.2379  -0.0203823 0 0.0350248 0 0 -0.0146032  0.101041 0 0.28266 0 0 0.128793  0 0 0 0 0 0  
8.01106 0.253491 0.0273353 -6.82637 0 4 0 0 -7.02447  -6.91023 0 3.66093 0 0 -7.12924  -0.0255699 0 0.0368786 0 0 -0.0204553  0.109424 0 0.302196 0 0 0.125224  0 0 0 0 0 0  
8.4823 0.266226 0.0278464 -6.65965 0 4 0 0 -6.96905  -6.75124 0 3.63992 0 0 -7.08478  -0.0306284 0 0.036675 0 0 -0.0177839  0.122217 0 0.323407 0 0 0.13351  0 0 0 0 0 0  
8.95354 0.279397 0.0283633 -6.54738 0 4 0 0 -6.95391  -6.6631 0 3.63457 0 0 -7.07972  -0.0362076 0 0.0396488 0 0 -0.0188582  0.151926 0 0.325777 0 0 0.144666  0 0 0 0 0 0  
9.42478 0.29287 0.0287167 -6.56638 0 4 0 0 -7.01404  -6.70249 0 3.62679 0 0 -7.16698  -0.0322382 0 0.0388059 0 0 -0.0230982  0.168348 0 0.334406 0 0 0.176039  0 0 0 0 0 0  
9.89602 0.306554 0.0294496 -6.53319 0 4 0 0 -7.06732  -6.66752 0 3.631 0 0 -7.22285  -0.0337339 0 0.0405161 0 0 -0.0170174  0.168065 0 0.328488 0 0 0.172546  0 0 0 0 0 0  
10.3673 0.320555 0.029952 -6.40412 0 4 0 0 -6.97443  -6.53433 0 3.62488 0 0 -7.12434  -0.0378929 0 0.0436405 0 0 -0.0210218  0.168099 0 0.331479 0 0 0.170936  0 0 0 0 0 0  
10.8385 0.33508 0.0308532 -6.33822 0 4 0 0 -7.0234  -6.47371 0 3.59794 0 0 -7.16146  -0.0483577 0 0.0438525 0 0 -0.0373987  0.183848 0 0.358211 0 0 0.175454  0 0 0 0 0 0  
11.3097 0.349721 0.0309544 -6.40599 0 4 0 0 -7.17817  -6.53182 0 3.60094 0 0 -7.30648  -0.0504088 0 0.0415706 0 0 -0.0370997  0.17624 0 0.357492 0 0 0.165411  0 0 0 0 0 0  
11.781 0.364285 0.0305699 -6.52983 0 4 0 0 -7.44775  -6.63453 0 3.60997 0 0 -7.55345  -0.0595742 0 0.0435446 0 0 -0.0440159  0.164266 0 0.346483 0 0 0.149709  0 0 0 0 0 0  
12.2522 0.37882 0.0306919 -6.64308 0 4 0 0 -7.63657  -6.73905 0 3.6075 0 0 -7.73664  -0.0644559 0 0.044697 0 0 -0.0453531  0.160434 0 0.3478 0 0 0.145422  0 0 0 0 0 0  
12.7235 0.393218 0.0302305 -6.7039 0 4 0 0 -7.8671  -6.79945 0 3.61174 0 0 -7.97548  -0.069325 0 0.0408308 0 0 -0.0424558  0.164873 0 0.347429 0 0 0.150834  0 0 0 0 0 0  
13.1947 0.406989 0.0274616 -6.58821 0 4 0 0 -7.98071  -6.6711 0 3.6611 0 0 -8.06436  -0.0586448 0 0.0385066 0 0 -0.0426772  0.141535 0 0.300398 0 0 0.12632  0 0 0 0 0 0  
13.6659 0.419606 0.0268096 -6.64536 0 4 0 0 -8.16501  -6.71461 0 3.67622 0 0 -8.24174  -0.0578747 0 0.0414851 0 0 -0.0343506  0.127127 0 0.282296 0 0 0.111083  0 0 0 0 0 0  
14.1372 0.432276 0.0272309 -6.64188 0 4 0 0 -8.06977  -6.71817 0 3.66337 0 0 -8.15682  -0.0530129 0 0.0403908 0 0 -0.0435118  0.1293 0 0.296242 0 0 0.130555  0 0 0 0 0 0  
14.6084 0.44519 0.0278805 -6.58516 0 4 0 0 -7.87031  -6.65156 0 3.66575 0 0 -7.94889  -0.0447839 0 0.0437031 0 0 -0.0364642  0.111183 0 0.290542 0 0 0.115043  0 0 0 0 0 0  
15.0796 0.458446 0.0284926 -6.56688 0 4 0 0 -7.50963  -6.65924 0 3.6449 0 0 -7.63236  -0.0474513 0 0.0441561 0 0 -0.030628  0.139815 0 0.310945 0 0 0.153355  0 0 0 0 0 0  
15.5509 0.472102 0.0300715 -6.43624 0 4 0 0 -7.27308  -6.55574 0 3.61616 0 0 -7.4358  -0.0490782 0 0.0439494 0 0 -0.031893  0.168583 0 0.339887 0 0 0.194607  0 0 0 0 0 0  
16.0221 0.486186 0.0298894 -6.48973 0 4 0 0 -7.07582  -6.59394 0 3.62265 0 0 -7.23528  -0.046609 0 0.0453552 0 0 -0.0301071  0.150819 0 0.331993 0 0 0.189562  0 0 0 0 0 0  
16.4934 0.500369 0.0302649 -6.66387 0 4 0 0 -7.09107  -6.78009 0 3.6214 0 0 -7.25471  -0.0549579 0 0.0463291 0 0 -0.0341163  0.171178 0 0.332274 0 0 0.197752  0 0 0 0 0 0  
16.9646 0.514451 0.0295841 -6.84354 0 4 0 0 -7.19548  -6.97633 0 3.62882 0 0 -7.35571  -0.0468159 0 0.0428692 0 0 -0.0363271  0.179605 0 0.328312 0 0 0.196558  0 0 0 0 0 0  
17.4358 0.528219 0.0284925 -7.00497 0 4 0 0 -7.31375  -7.11535 0 3.64944 0 0 -7.46082  -0.0467557 0 0.0406494 0 0 -0.0392672  0.157136 0 0.309909 0 0 0.186334  0 0 0 0 0 0  
17.9071 0.541416 0.027028 -7.12524 0 4 0 0 -7.32279  -7.21532 0 3.67261 0 0 -7.44873  -0.0266574 0 0.0437083 0 0 -0.0332781  0.116742 0 0.283686 0 0 0.159221  0 0 0 0 0 0  
18.3783 0.553643 0.0247722 -7.24231 0 4 0 0 -7.17624  -7.34558 0 3.69161 0 0 -7.30985  -0.0308478 0 0.034632 0 0 -0.0412483  0.13411 0 0.273754 0 0 0.174858  0 0 0 0 0 0  
18.8496 0.565188 0.0245698 -7.30906 0 4 0 0 -7.21491  -7.38577 0 3.69168 0 0 -7.32928  -0.0315723 0 0.0398804 0 0 -0.0361404  0.108285 0 0.268443 0 0 0.150515  0 0 0 0 0 0  
19.3208 0.576853 0.0250035 -7.48407 0 4 0 0 -7.21451  -7.56064 0 3.69124 0 0 -7.31515  -0.0332963 0 0.0437061 0 0 -0.0353117  0.10986 0 0.265055 0 0 0.135947  0 0 0 0 0 0  
19.792 0.588208 0.0235796 -7.65875 0 4 0 0 -7.06512  -7.72723 0 3.70754 0 0 -7.15447  -0.0306527 0 0.0419857 0 0 -0.0272882  0.0991364 0 0.250471 0 0 0.116641  0 0 0 0 0 0  
20.2633 0.598891 0.0225051 -7.73136 0 4 0 0 -7.12838  -7.79541 0 3.72746 0 0 -7.21228  -0.0364795 0 0.0412981 0 0 -0.0323069  0.100533 0 0.231246 0 0 0.116204  0 0 0 0 0 0  
20.7345 0.609236 0.0218076 -7.67046 0 4 0 0 -7.07895  -7.7374 0 3.74618 0 0 -7.17136  -0.0254743 0 0.0410847 0 0 -0.0175421  0.0924123 0 0.21273 0 0 0.10995  0 0 0 0 0 0  
21.2058 0.619275 0.020952 -7.47811 0 4 0 0 -6.91915  -7.53991 0 3.75054 0 0 -7.02734  -0.0223221 0 0.038738 0 0 -0.011044  0.0841207 0 0.210722 0 0 0.119233  0 0 0 0 0 0  
21.677 0.629433 0.0221827 -7.22145 0 4 0 0 -6.8582  -7.28396 0 3.73051 0 0 -6.96749  -0.0218064 0 0.0418715 0 0 -0.0132287  0.0843249 0 0.227619 0 0 0.122514  0 0 0 0 0 0  
22.1482 0.64003 0.0225958 -7.16612 0 4 0 0 -6.89433  -7.24335 0 3.72915 0 0 -7.00952  -0.0251876 0 0.0403657 0 0 -0.0111673  0.102411 0 0.230488 0 0 0.126361  0 0 0 0 0 0  
22.6195 0.650656 0.0222001 -7.14605 0 4 0 0 -7.0546  -7.21632 0 3.73787 0 0 -7.17027  -0.0250326 0 0.0406575 0 0 -0.00864591  0.0953089 0 0.221472 0 0 0.124322  0 0 0 0 0 0  
23.0907 0.66085 0.0213785 -7.24707 0 4 0 0 -7.24152  -7.31565 0 3.7405 0 0 -7.34884  -0.0280727 0 0.0386565 0 0 -0.0154656  0.096647 0 0.22084 0 0 0.12279  0 0 0 0 0 0  
23.5619 0.670921 0.0210197 -7.38406 0 4 0 0 -7.55843  -7.45022 0 3.74186 0 0 -7.65172  -0.0303004 0 0.0382058 0 0 -0.0136467  0.0964593 0 0.21993 0 0 0.106945  0 0 0 0 0 0  
24.0332 0.680597 0.0199739 -7.58088 0 4 0 0 -7.81494  -7.64158 0 3.75767 0 0 -7.89841  -0.0221903 0 0.0346535 0 0 -0.0104654  0.0828952 0 0.207681 0 0 0.0939379  0 0 0 0 0 0  
24.5044 0.689998 0.0198655 -7.72039 0 4 0 0 -8.02926  -7.7695 0 3.76258 0 0 -8.10697  -0.0206584 0 0.0333523 0 0 -0.0107465  0.0697631 0 0.204066 0 0 0.0884635  0 0 0 0 0 0  
24.9757 0.699249 0.0193475 -7.89994 0 4 0 0 -8.13249  -7.94066 0 3.76804 0 0 -8.195  -0.0242219 0 0.0321475 0 0 -0.0153478  0.064945 0 0.199809 0 0 0.0778533  0 0 0 0 0 0  
25.4469 0.708221 0.018975 -8.00051 0 4 0 0 -8.21607  -8.04091 0 3.78333 0 0 -8.26696  -0.022894 0 0.0329159 0 0 -0.0154323  0.0632912 0 0.183754 0 0 0.0663227  0 0 0 0 0 0  
25.9181 0.717221 0.0190652 -8.03375 0 4 0 0 -8.25967  -8.07256 0 3.78624 0 0 -8.30421  -0.0183237 0 0.0344885 0 0 -0.0142017  0.0571409 0 0.17927 0 0 0.0587384  0 0 0 0 0 0  
26.3894 0.726301 0.0194776 -8.06291 0 4 0 0 -8.30967  -8.10435 0 3.78457 0 0 -8.36383  -0.0173129 0 0.0339049 0 0 -0.0119418  0.0587544 0 0.181522 0 0 0.0660951  0 0 0 0 0 0  
26.8606 0.73547 0.0192583 -7.96303 0 4 0 0 -8.30593  -8.01502 0 3.78629 0 0 -8.35991  -0.0172527 0 0.0326444 0 0 -0.00918352  0.0692375 0 0.181065 0 0 0.0631659  0 0 0 0 0 0  
27.3319 0.744672 0.0196477 -7.88227 0 4 0 0 -8.15462  -7.9434 0 3.78117 0 0 -8.216  -0.0170235 0 0.0343525 0 0 -0.00551204  0.078146 0 0.184479 0 0 0.0668922  0 0 0 0 0 0  
27.8031 0.753822 0.0198199 -7.68714 0 4 0 0 -8.04621  -7.754 0 3.77866 0 0 -8.11428  -0.0120393 0 0.0348523 0 0 -0.00534142  0.0789014 0 0.18649 0 0 0.0734122  0 0 0 0 0 0  
28.2743 0.763097 0.0196993 -7.57961 0 4 0 0 -7.95887  -7.65071 0 3.77307 0 0 -8.02595  -0.0201954 0 0.0343748 0 0 -0.0112072  0.0912896 0 0.192558 0 0 0.078282  0 0 0 0 0 0  
28.7456 0.772365 0.0196476 -7.55086 0 4 0 0 -7.84109  -7.62131 0 3.77405 0 0 -7.91631  -0.0177399 0 0.0360835 0 0 -0.0104875  0.0881918 0 0.189869 0 0 0.0857011  0 0 0 0 0 0  
29.2168 0.781742 0.01974 -7.5169 0 4 0 0 -7.72531  -7.59161 0 3.77607 0 0 -7.80853  -0.018589 0 0.0334504 0 0 -0.015775  0.0933037 0 0.190482 0 0 0.0989986  0 0 0 0 0 0  
29.6881 0.79123 0.0207603 -7.44992 0 4 0 0 -7.54254  -7.52956 0 3.76532 0 0 -7.63347  -0.0150982 0 0.0348444 0 0 -0.0181737  0.0947311 0 0.199831 0 0 0.109099  0 0 0 0 0 0  
30.1593 0.801111 0.0211446 -7.21169 0 4 0 0 -7.25801  -7.29044 0 3.75395 0 0 -7.36275  -0.0120147 0 0.0330196 0 0 -0.0159417  0.0907595 0 0.213034 0 0 0.12068  0 0 0 0 0 0  
30.6305 0.811525 0.0228337 -7.10961 0 4 0 0 -6.96291  -7.2193 0 3.71843 0 0 -7.08451  -0.0128541 0 0.0365769 0 0 -0.0130577  0.122546 0 0.244996 0 0 0.134659  0 0 0 0 0 0  
31.1018 0.82226 0.022913 -7.15068 0 4 0 0 -6.94825  -7.2503 0 3.71288 0 0 -7.06576  -0.00809947 0 0.0374515 0 0 -0.0100402  0.107715 0 0.249665 0 0 0.127542  0 0 0 0 0 0  
31.573 0.833536 0.0243268 -7.24466 0 4 0 0 -6.8876  -7.33711 0 3.69632 0 0 -7.00919  -0.0164025 0 0.0406758 0 0 -0.0115323  0.108852 0 0.262999 0 0 0.133126  0 0 0 0 0 0  
32.0442 0.84474 0.0234507 -7.37365 0 4 0 0 -6.89405  -7.4557 0 3.69574 0 0 -7.0096  -0.0225064 0 0.0368584 0 0 -0.0231132  0.104558 0 0.267405 0 0 0.138668  0 0 0 0 0 0  
32.5155 0.855862 0.023771 -7.36351 0 4 0 0 -6.90863  -7.44288 0 3.69603 0 0 -7.01039  -0.0257664 0 0.0391018 0 0 -0.0246944  0.105138 0 0.264864 0 0 0.126452  0 0 0 0 0 0  
32.9867 0.867288 0.024422 -7.41898 0 4 0 0 -6.95843  -7.49333 0 3.69343 0 0 -7.05246  -0.0287416 0 0.0389721 0 0 -0.0261923  0.103096 0 0.267599 0 0 0.120217  0 0 0 0 0 0  
33.458 0.878805 0.0246459 -7.29443 0 4 0 0 -6.94811  -7.36758 0 3.70034 0 0 -7.03326  -0.0305204 0 0.037287 0 0 -0.0248966  0.103666 0 0.262369 0 0 0.110044  0 0 0 0 0 0  
33.9292 0.890236 0.0240093 -7.08529 0 4 0 0 -6.84513  -7.14585 0 3.7035 0 0 -6.93048  -0.0332286 0 0.0371744 0 0 -0.0301016  0.0937937 0 0.259326 0 0 0.11545  0 0 0 0 0 0  
34.4004 0.901937 0.0250997 -6.94018 0 4 0 0 -6.80012  -7.01197 0 3.7035 0 0 -6.89746  -0.0293373 0 0.0369901 0 0 -0.0275263  0.101124 0 0.259512 0 0 0.124862  0 0 0 0 0 0  
34.8717 0.913787 0.0250242 -6.85996 0 4 0 0 -6.64664  -6.95336 0 3.70326 0 0 -6.75688  -0.0273221 0 0.0363371 0 0 -0.0287246  0.120723 0 0.260402 0 0 0.138964  0 0 0 0 0 0  
35.3429 0.925787 0.0255156 -6.80643 0 4 0 0 -6.41118  -6.90937 0 3.68852 0 0 -6.53431  -0.0211679 0 0.0361744 0 0 -0.0322461  0.124113 0 0.275307 0 0 0.155375  0 0 0 0 0 0  
35.8142 0.938146 0.0261103 -6.68429 0 4 0 0 -6.22143  -6.7972 0 3.66236 0 0 -6.36382  -0.0298366 0 0.0369828 0 0 -0.0397109  0.142743 0 0.300658 0 0 0.182098  0 0 0 0 0 0  
36.2854 0.950289 0.0253439 -6.71374 0 4 0 0 -6.14363  -6.81896 0 3.66058 0 0 -6.27807  -0.0378849 0 0.0394833 0 0 -0.0394003  0.143104 0 0.299932 0 0 0.173838  0 0 0 0 0 0  
36.7566 0.962158 0.0243259 -6.75514 0 4 0 0 -6.10022  -6.84448 0 3.67878 0 0 -6.219  -0.03637 0 0.0406283 0 0 -0.0317055  0.125708 0 0.28059 0 0 0.150487  0 0 0 0 0 0  
37.2279 0.973236 0.0229826 -6.88611 0 4 0 0 -6.10687  -6.96866 0 3.7013 0 0 -6.22302  -0.0351717 0 0.0357641 0 0 -0.0253449  0.117723 0 0.262939 0 0 0.141495  0 0 0 0 0 0  
37.6991 0.984055 0.0228908 -6.95085 0 4 0 0 -6.14144  -7.04301 0 3.70466 0 0 -6.24817  -0.0269182 0 0.0345023 0 0 -0.0232433  0.119077 0 0.260839 0 0 0.129973  0 0 0 0 0 0  
38.1704 0.99467 0.0220256 -7.07885 0 4 0 0 -6.39732  -7.16891 0 3.71999 0 0 -6.50043  -0.0300145 0 0.0335993 0 0 -0.0251744  0.120069 0 0.246414 0 0 0.128282  0 0 0 0 0 0  
38.6416 1.0049 0.0212624 -7.23511 0 4 0 0 -6.62442  -7.3186 0 3.73304 0 0 -6.72758  -0.0259049 0 0.0325643 0 0 -0.0303206  0.109398 0 0.234393 0 0 0.133482  0 0 0 0 0 0  
39.1128 1.01484 0.0209443 -7.46436 0 4 0 0 -6.82395  -7.53875 0 3.75766 0 0 -6.93007  -0.0179046 0 0.0295213 0 0 -0.0185476  0.092294 0 0.212823 0 0 0.124676  0 0 0 0 0 0  
39.5841 1.02441 0.0197877 -7.61427 0 4 0 0 -6.87657  -7.67304 0 3.77508 0 0 -6.96592  -0.0154075 0 0.0293646 0 0 -0.0210798  0.0741777 0 0.195557 0 0 0.110428  0 0 0 0 0 0  
40.0553 1.03373 0.0195497 -7.65886 0 4 0 0 -6.8183  -7.712 0 3.78273 0 0 -6.89685  -0.0212825 0 0.0284541 0 0 -0.0226655  0.0744212 0 0.188817 0 0 0.101218  0 0 0 0 0 0  
40.5265 1.04318 0.0207987 -7.60191 0 4 0 0 -6.61191  -7.66289 0 3.7642 0 0 -6.70794  -0.0234677 0 0.0307878 0 0 -0.0253207  0.0844483 0 0.205008 0 0 0.121347  0 0 0 0 0 0  
40.9978 1.05306 0.0210096 -7.56144 0 4 0 0 -6.55631  -7.61471 0 3.75786 0 0 -6.65748  -0.0260353 0 0.0311482 0 0 -0.0284068  0.0793031 0 0.210987 0 0 0.129578  0 0 0 0 0 0  
41.469 1.06291 0.0208146 -7.50913 0 4 0 0 -6.69584  -7.56185 0 3.76533 0 0 -6.78732  -0.0251127 0 0.0316511 0 0 -0.0244874  0.0778345 0 0.203023 0 0 0.115968  0 0 0 0 0 0  
41.9403 1.07273 0.0210736 -7.48551 0 4 0 0 -6.79024  -7.54039 0 3.76754 0 0 -6.87118  -0.0265483 0 0.0348216 0 0 -0.0212975  0.081429 0 0.197635 0 0 0.102234  0 0 0 0 0 0  
42.4115 1.08255 0.0204133 -7.3557 0 4 0 0 -6.8725  -7.39535 0 3.76977 0 0 -6.94177  -0.0286732 0 0.0354888 0 0 -0.0230544  0.0683155 0 0.194742 0 0 0.0923177  0 0 0 0 0 0  
42.8827 1.09246 0.0215081 -7.38354 0 4 0 0 -6.94117  -7.41302 0 3.75754 0 0 -7.01431  -0.0303925 0 0.0348109 0 0 -0.0227817  0.0598763 0 0.207649 0 0 0.0959238  0 0 0 0 0 0  
43.354 1.10255 0.0215263 -7.51745 0 4 0 0 -7.10132  -7.54444 0 3.75804 0 0 -7.18338  -0.0311444 0 0.0335029 0 0 -0.0209772  0.0581409 0 0.208458 0 0 0.103038  0 0 0 0 0 0  
43.8252 1.11271 0.0216315 -7.55944 0 4 0 0 -7.31306  -7.59366 0 3.75233 0 0 -7.40945  -0.0310969 0 0.0356558 0 0 -0.0243592  0.0653172 0 0.212011 0 0 0.12074  0 0 0 0 0 0  
44.2965 1.12286 0.0217822 -7.66415 0 4 0 0 -7.46798  -7.702 0 3.753 0 0 -7.56461  -0.0296749 0 0.0348562 0 0 -0.0260759  0.0675271 0 0.21214 0 0 0.122705  0 0 0 0 0 0  
44.7677 1.13296 0.0211419 -7.66912 0 4 0 0 -7.55793  -7.70773 0 3.75583 0 0 -7.65457  -0.0249348 0 0.0343909 0 0 -0.0228032  0.0635463 0 0.209783 0 0 0.119444  0 0 0 0 0 0  
45.2389 1.14264 0.0200546 -7.71679 0 4 0 0 -7.72927  -7.75281 0 3.77082 0 0 -7.81635  -0.0201999 0 0.0340356 0 0 -0.0163517  0.0562214 0 0.195149 0 0 0.103439  0 0 0 0 0 0  
45.7102 1.15191 0.0195924 -7.70185 0 4 0 0 -7.82838  -7.74608 0 3.77478 0 0 -7.90938  -0.0188865 0 0.0344431 0 0 -0.0183753  0.0631194 0 0.190777 0 0 0.0993724  0 0 0 0 0 0  
46.1814 1.16105 0.0198898 -7.62854 0 4 0 0 -7.85579  -7.66393 0 3.77944 0 0 -7.91967  -0.0194688 0 0.0363622 0 0 -0.0171113  0.0548617 0 0.184193 0 0 0.0809969  0 0 0 0 0 0  
46.6527 1.1703 0.0200329 -7.60534 0 4 0 0 -7.87083  -7.64396 0 3.76963 0 0 -7.94289  -0.0219001 0 0.0359367 0 0 -0.0193257  0.0605221 0 0.194429 0 0 0.0913893  0 0 0 0 0 0  
47.1239 1.17954 0.0193483 -7.61265 0 4 0 0 -7.84307  -7.65181 0 3.78099 0 0 -7.91228  -0.0184359 0 0.0345169 0 0 -0.0145234  0.0575885 0 0.184497 0 0 0.0837314  0 0 0 0 0 0  
47.5951 1.18865 0.0199426 -7.43475 0 4 0 0 -7.61238  -7.49175 0 3.76441 0 0 -7.69573  -0.0192113 0 0.0344922 0 0 -0.0154401  0.0762085 0 0.201095 0 0 0.0987927  0 0 0 0 0 0  
48.0664 1.19805 0.0203054 -7.23476 0 4 0 0 -7.4632  -7.30247 0 3.74698 0 0 -7.56582  -0.0251941 0 0.0352847 0 0 -0.016194  0.0929007 0 0.217737 0 0 0.11881  0 0 0 0 0 0  
48.5376 1.20789 0.0210684 -7.20801 0 4 0 0 -7.2467  -7.27982 0 3.72869 0 0 -7.37374  -0.0312178 0 0.0344992 0 0 -0.0119656  0.103026 0 0.236811 0 0 0.139007  0 0 0 0 0 0  
49.0088 1.21813 0.0218841 -7.3389 0 4 0 0 -7.11279  -7.41423 0 3.72367 0 0 -7.24644  -0.0305732 0 0.0357997 0 0 -0.0138857  0.105899 0 0.240533 0 0 0.147539  0 0 0 0 0 0  
49.4801 1.22858 0.0226842 -7.52869 0 4 0 0 -7.11838  -7.589 0 3.72105 0 0 -7.23726  -0.0307102 0 0.0368227 0 0 -0.0149067  0.0910299 0 0.242132 0 0 0.133782  0 0 0 0 0 0  
49.9513 1.23944 0.0233063 -7.74929 0 4 0 0 -7.19833  -7.79648 0 3.71116 0 0 -7.30981  -0.0312599 0 0.0381619 0 0 -0.0193624  0.0784558 0 0.250675 0 0 0.130835  0 0 0 0 0 0  
50.4226 1.25027 0.0226759 -7.93101 0 4 0 0 -7.13201  -7.98075 0 3.71526 0 0 -7.23941  -0.0311805 0 0.0380854 0 0 -0.0219006  0.0809151 0 0.24665 0 0 0.129302  0 0 0 0 0 0  
50.8938 1.26112 0.0234991 -8.01128 0 4 0 0 -7.01544  -8.06379 0 3.71119 0 0 -7.12245  -0.0271626 0 0.0410675 0 0 -0.0208741  0.0796752 0 0.247743 0 0 0.127881  0 0 0 0 0 0  
51.365 1.2724 0.0242367 -8.25558 0 4 0 0 -6.89226  -8.32902 0 3.7021 0 0 -7.00438  -0.0287074 0 0.0383611 0 0 -0.0288711  0.102146 0 0.259536 0 0 0.140984  0 0 0 0 0 0  
51.8363 1.28367 0.0242235 -8.4175 0 4 0 0 -6.74114  -8.48089 0 3.70345 0 0 -6.8425  -0.0265006 0 0.0416138 0 0 -0.0262624  0.0898952 0 0.254937 0 0 0.127624  0 0 0 0 0 0  
52.3075 1.29528 0.0245781 -8.41823 0 4 0 0 -6.54563  -8.5032 0 3.69958 0 0 -6.66203  -0.0178911 0 0.0416443 0 0 -0.0164873  0.102869 0 0.258776 0 0 0.132885  0 0 0 0 0 0  
52.7788 1.307 0.0252117 -8.32906 0 4 0 0 -6.45536  -8.4353 0 3.68871 0 0 -6.58451  -0.0263818 0 0.039219 0 0 -0.0218903  0.132619 0 0.272073 0 0 0.151038  0 0 0 0 0 0  
53.25 1.31923 0.0264661 -8.14739 0 4 0 0 -6.45963  -8.26315 0 3.66917 0 0 -6.61187  -0.0294435 0 0.0363516 0 0 -0.0304724  0.145203 0 0.294475 0 0 0.182714  0 0 0 0 0 0  
53.7212 1.33201 0.027534 -8.1 0 4 0 0 -6.56254  -8.19819 0 3.65558 0 0 -6.69272  -0.0261349 0 0.0412888 0 0 -0.0361849  0.124327 0 0.303133 0 0 0.166358  0 0 0 0 0 0  
54.1925 1.34485 0.026727 -8.00635 0 4 0 0 -6.74709  -8.08724 0 3.65857 0 0 -6.85794  -0.0286987 0 0.0442449 0 0 -0.0360138  0.109589 0 0.297185 0 0 0.146858  0 0 0 0 0 0  
54.6637 1.35736 0.0261024 -7.9477 0 4 0 0 -6.93107  -8.04528 0 3.67662 0 0 -7.04598  -0.0304115 0 0.0397568 0 0 -0.0270712  0.127993 0 0.283627 0 0 0.141981  0 0 0 0 0 0  
55.135 1.36945 0.0250856 -7.91844 0 4 0 0 -6.91488  -7.99999 0 3.67534 0 0 -7.00912  -0.0384038 0 0.0370728 0 0 -0.0328877  0.11995 0 0.287585 0 0 0.127127  0 0 0 0 0 0  
55.6062 1.38145 0.0254657 -7.77513 0 4 0 0 -6.97935  -7.85558 0 3.68453 0 0 -7.07012  -0.0324523 0 0.0410295 0 0 -0.0235324  0.112898 0 0.274441 0 0 0.114305  0 0 0 0 0 0  
56.0774 1.39345 0.0252811 -7.8203 0 4 0 0 -7.03843  -7.89607 0 3.68817 0 0 -7.1363  -0.0257728 0 0.0420726 0 0 -0.0138512  0.101545 0 0.269756 0 0 0.11172  0 0 0 0 0 0  
56.5487 1.40538 0.0251742 -7.73562 0 4 0 0 -7.07824  -7.81445 0 3.69807 0 0 -7.1773  -0.0218504 0 0.0453603 0 0 -0.0121653  0.100681 0 0.256569 0 0 0.11122  0 0 0 0 0 0  
57.0199 1.41713 0.0245118 -7.65802 0 4 0 0 -7.0158  -7.73477 0 3.70115 0 0 -7.1156  -0.0264574 0 0.0422994 0 0 -0.0191681  0.103207 0 0.256551 0 0 0.118966  0 0 0 0 0 0  
57.4911 1.42886 0.0249987 -7.45926 0 4 0 0 -6.97134  -7.53428 0 3.69432 0 0 -7.07669  -0.0289341 0 0.0409499 0 0 -0.0255112  0.103957 0 0.264728 0 0 0.13086  0 0 0 0 0 0  
57.9624 1.44065 0.02559 -7.28654 0 4 0 0 -6.90565  -7.35802 0 3.68063 0 0 -6.999  -0.0321969 0 0.0434769 0 0 -0.0351533  0.103683 0 0.275889 0 0 0.128508  0 0 0 0 0 0  
58.4336 1.45255 0.0253773 -7.05385 0 4 0 0 -6.91262  -7.13375 0 3.68517 0 0 -7.00185  -0.0238113 0 0.0425644 0 0 -0.030988  0.103711 0 0.272266 0 0 0.120221  0 0 0 0 0 0  
58.9049 1.4647 0.0256594 -7.01648 0 4 0 0 -7.042  -7.09379 0 3.67578 0 0 -7.1379  -0.0306466 0 0.0428868 0 0 -0.0346053  0.107953 0 0.28133 0 0 0.130506  0 0 0 0 0 0  
59.3761 1.47681 0.0262681 -7.05367 0 4 0 0 -7.05791  -7.14185 0 3.6728 0 0 -7.16663  -0.0357274 0 0.0445071 0 0 -0.0352779  0.123904 0 0.282694 0 0 0.14399  0 0 0 0 0 0  
59.8473 1.48912 0.0258999 -7.18998 0 4 0 0 -7.15803  -7.2682 0 3.674 0 0 -7.2662  -0.0374743 0 0.0453469 0 0 -0.0362877  0.115693 0 0.280649 0 0 0.144456  0 0 0 0 0 0  
60.3186 1.50135 0.0258245 -7.3572 0 4 0 0 -7.24955  -7.44187 0 3.68381 0 0 -7.36345  -0.0310424 0 0.0479856 0 0 -0.0231513  0.115708 0 0.268201 0 0 0.137052  0 0 0 0 0 0  
60.7898 1.51364 0.0263747 -7.57857 0 4 0 0 -7.26298  -7.67228 0 3.68278 0 0 -7.38272  -0.0301796 0 0.0480442 0 0 -0.0226271  0.123885 0 0.26918 0 0 0.142374  0 0 0 0 0 0  
61.2611 1.52588 0.0253353 -7.74423 0 4 0 0 -7.27963  -7.83817 0 3.71207 0 0 -7.39985  -0.0238628 0 0.0430524 0 0 -0.0192885  0.11781 0 0.244877 0 0 0.139506  0 0 0 0 0 0  
61.7323 1.53737 0.0232651 -7.94481 0 4 0 0 -7.45867  -8.03099 0 3.73612 0 0 -7.55726  -0.0193395 0 0.0383403 0 0 -0.0155145  0.105517 0 0.225536 0 0 0.114105  0 0 0 0 0 0  
62.2035 1.54821 0.0220037 -7.94426 0 4 0 0 -7.44289  -8.03522 0 3.74432 0 0 -7.5358  -0.0174899 0 0.0369721 0 0 -0.015701  0.108454 0 0.21871 0 0 0.108613  0 0 0 0 0 0  
62.6748 1.55829 0.0209018 -8.0041 0 4 0 0 -7.49608  -8.08582 0 3.76034 0 0 -7.58007  -0.0121709 0 0.0340727 0 0 -0.0158769  0.0938885 0 0.205591 0 0 0.0998734  0 0 0 0 0 0  
63.146 1.56803 0.0205089 -8.0344 0 4 0 0 -7.51831  -8.10752 0 3.76217 0 0 -7.59231  -0.013178 0 0.0338044 0 0 -0.0149347  0.0863015 0 0.204026 0 0 0.0889408  0 0 0 0 0 0  
63.6173 1.57772 0.0205728 -7.93302 0 4 0 0 -7.52197  -8.00555 0 3.76333 0 0 -7.602  -0.00882969 0 0.0333231 0 0 -0.0119317  0.0813631 0 0.203349 0 0 0.0919595  0 0 0 0 0 0  
64.0885 1.58744 0.0202377 -7.74431 0 4 0 0 -7.65591  -7.80972 0 3.76704 0 0 -7.72809  -0.00763176 0 0.0332636 0 0 -0.0119056  0.0730351 0 0.199699 0 0 0.0840824  0 0 0 0 0 0  
64.5597 1.59691 0.0202134 -7.48048 0 4 0 0 -7.73539  -7.5583 0 3.76191 0 0 -7.81121  -0.00980497 0 0.0344218 0 0 -0.0113081  0.0876238 0 0.203669 0 0 0.0871266  0 0 0 0 0 0  
65.031 1.60666 0.0209161 -7.21734 0 4 0 0 -7.79111  -7.29811 0 3.75086 0 0 -7.85908  -0.0078117 0 0.0374586 0 0 -0.0167098  0.0885794 0 0.211682 0 0 0.0846883  0 0 0 0 0 0  
65.5022 1.61695 0.0226714 -7.01491 0 4 0 0 -7.76629  -7.10317 0 3.72578 0 0 -7.83631  -0.00668221 0 0.0425325 0 0 -0.016467  0.0949397 0 0.231686 0 0 0.0864826  0 0 0 0 0 0  
65.9734 1.62817 0.0245979 -6.93756 0 4 0 0 -7.67704  -7.03643 0 3.69584 0 0 -7.7688  -0.00799413 0 0.0470787 0 0 -0.0102424  0.106862 0 0.257084 0 0 0.101995  0 0 0 0 0 0  
66.4447 1.64013 0.0266446 -6.95558 0 4 0 0 -7.58342  -7.0768 0 3.66813 0 0 -7.67669  -0.0137733 0 0.0498446 0 0 -0.0162145  0.134996 0 0.282025 0 0 0.109489  0 0 0 0 0 0  
66.9159 1.65258 0.0265 -6.9817 0 4 0 0 -7.60286  -7.11022 0 3.66589 0 0 -7.71235  -0.0207452 0 0.0496324 0 0 -0.0247586  0.14926 0 0.28448 0 0 0.134247  0 0 0 0 0 0  
67.3872 1.66491 0.0259033 -7.0605 0 4 0 0 -7.64046  -7.1895 0 3.67661 0 0 -7.744  -0.0214022 0 0.0506195 0 0 -0.0229244  0.150402 0 0.272773 0 0 0.126468  0 0 0 0 0 0  
67.8584 1.67694 0.0251801 -7.08356 0 4 0 0 -7.63966  -7.19874 0 3.68563 0 0 -7.73148  -0.0221928 0 0.0477174 0 0 -0.0183576  0.137369 0 0.26665 0 0 0.110174  0 0 0 0 0 0  
68.3296 1.68877 0.0255376 -7.11107 0 4 0 0 -7.58831  -7.22775 0 3.66797 0 0 -7.67345  -0.0285044 0 0.050199 0 0 -0.0325093  0.145185 0 0.281831 0 0 0.117654  0 0 0 0 0 0  
68.8009 1.70088 0.0247843 -7.04633 0 4 0 0 -7.36731  -7.15683 0 3.6834 0 0 -7.44455  -0.0260832 0 0.0459877 0 0 -0.0374665  0.136587 0 0.270612 0 0 0.114704  0 0 0 0 0 0  
69.2721 1.71239 0.024901 -6.90799 0 4 0 0 -7.22612  -6.99989 0 3.68344 0 0 -7.29609  -0.0245688 0 0.0480029 0 0 -0.0350554  0.116467 0 0.268558 0 0 0.105025  0 0 0 0 0 0  
69.7434 1.72402 0.0249686 -6.76894 0 4 0 0 -7.04963  -6.88928 0 3.6821 0 0 -7.15166  -0.0239004 0 0.0448321 0 0 -0.0362204  0.144239 0 0.273066 0 0 0.138251  0 0 0 0 0 0  
70.2146 1.73553 0.0240501 -6.46378 0 4 0 0 -6.85702  -6.57617 0 3.68124 0 0 -6.96151  -0.0229614 0 0.0393209 0 0 -0.0344959  0.135352 0 0.279435 0 0 0.138981  0 0 0 0 0 0  
70.6858 1.74655 0.0223968 -6.3852 0 4 0 0 -6.78953  -6.49925 0 3.69896 0 0 -6.90841  -0.0306088 0 0.034834 0 0 -0.0353206  0.144658 0 0.26621 0 0 0.154209  0 0 0 0 0 0  
71.1571 1.75725 0.0226537 -6.33311 0 4 0 0 -6.73545  -6.456 0 3.69764 0 0 -6.8595  -0.0257276 0 0.0362069 0 0 -0.032569  0.148613 0 0.266152 0 0 0.156619  0 0 0 0 0 0  
71.6283 1.76809 0.0241024 -6.28712 0 4 0 0 -6.68831  -6.41151 0 3.68346 0 0 -6.81913  -0.0193454 0 0.0385697 0 0 -0.0284662  0.143732 0 0.277973 0 0 0.159287  0 0 0 0 0 0  
72.0996 1.77994 0.025709 -6.23925 0 4 0 0 -6.50613  -6.35983 0 3.6601 0 0 -6.65549  -0.02035 0 0.0434891 0 0 -0.0219776  0.140928 0 0.296411 0 0 0.171337  0 0 0 0 0 0  
72.5708 1.79213 0.0262468 -6.31767 0 4 0 0 -6.50319  -6.44481 0 3.6549 0 0 -6.65963  -0.0300192 0 0.0427272 0 0 -0.0226166  0.157168 0 0.302376 0 0 0.179063  0 0 0 0 0 0  
73.042 1.8042 0.0255933 -6.4668 0 4 0 0 -6.53254  -6.60802 0 3.65037 0 0 -6.69764  -0.037598 0 0.0393554 0 0 -0.0307047  0.17882 0 0.31027 0 0 0.195803  0 0 0 0 0 0  
73.5133 1.81621 0.0251919 -6.5774 0 4 0 0 -6.5855  -6.70583 0 3.66134 0 0 -6.75373  -0.0397452 0 0.0383999 0 0 -0.0300874  0.168175 0 0.300257 0 0 0.198309  0 0 0 0 0 0  
73.9845 1.82814 0.0256856 -6.64069 0 4 0 0 -6.69983  -6.76109 0 3.65713 0 0 -6.86171  -0.0359147 0 0.0444584 0 0 -0.0241129  0.156311 0 0.298415 0 0 0.185994  0 0 0 0 0 0  
74.4557 1.84059 0.026677 -6.65413 0 4 0 0 -6.78426  -6.77644 0 3.64549 0 0 -6.95489  -0.0437379 0 0.0458088 0 0 -0.0292659  0.166051 0 0.308704 0 0 0.199893  0 0 0 0 0 0  
74.927 1.85314 0.0265921 -6.62955 0 4 0 0 -6.76635  -6.74306 0 3.66315 0 0 -6.92219  -0.0443678 0 0.0442357 0 0 -0.027667  0.157881 0 0.292617 0 0 0.183504  0 0 0 0 0 0  
75.3982 1.86512 0.0239568 -6.4848 0 4 0 0 -6.55912  -6.57916 0 3.69793 0 0 -6.6868  -0.0420285 0 0.0416084 0 0 -0.0296239  0.136387 0 0.260466 0 0 0.157303  0 0 0 0 0 0  
75.8695 1.87654 0.0250245 -6.28708 0 4 0 0 -6.48638  -6.39134 0 3.67238 0 0 -6.62053  -0.0466314 0 0.0424745 0 0 -0.0352827  0.150899 0 0.285145 0 0 0.169427  0 0 0 0 0 0  
76.3407 1.88877 0.0272685 -6.22981 0 4 0 0 -6.39809  -6.34157 0 3.65291 0 0 -6.53608  -0.0469779 0 0.0499408 0 0 -0.0324434  0.158738 0 0.297147 0 0 0.170433  0 0 0 0 0 0  
76.8119 1.90148 0.026917 -6.10945 0 4 0 0 -6.31004  -6.23052 0 3.64695 0 0 -6.45481  -0.0505629 0 0.0497161 0 0 -0.0342903  0.171627 0 0.303337 0 0 0.179055  0 0 0 0 0 0  
77.2832 1.91422 0.0272405 -6.01323 0 4 0 0 -6.18978  -6.13277 0 3.63221 0 0 -6.33549  -0.0445609 0 0.0521997 0 0 -0.0306663  0.164102 0 0.315591 0 0 0.176379  0 0 0 0 0 0  
77.7544 1.92677 0.0265369 -6.09869 0 4 0 0 -6.26324  -6.21955 0 3.63235 0 0 -6.42705  -0.0527855 0 0.0492379 0 0 -0.0289872  0.173643 0 0.318414 0 0 0.192798  0 0 0 0 0 0  
78.2257 1.93911 0.0251399 -6.2072 0 4 0 0 -6.40354  -6.31452 0 3.65802 0 0 -6.56082  -0.0530931 0 0.0509618 0 0 -0.0217788  0.160406 0 0.291019 0 0 0.179054  0 0 0 0 0 0  
78.6969 1.95117 0.0249191 -6.32054 0 4 0 0 -6.43177  -6.44453 0 3.66587 0 0 -6.60303  -0.0407601 0 0.0444596 0 0 -0.0163792  0.164751 0 0.28967 0 0 0.187632  0 0 0 0 0 0  
79.1681 1.96301 0.0255414 -6.33944 0 4 0 0 -6.39424  -6.44993 0 3.6632 0 0 -6.56927  -0.0388386 0 0.0449436 0 0 -0.0141874  0.149325 0 0.291857 0 0 0.189219  0 0 0 0 0 0  
79.6394 1.97529 0.0267184 -6.3924 0 4 0 0 -6.40727  -6.50212 0 3.64105 0 0 -6.59595  -0.047671 0 0.0468879 0 0 -0.0275848  0.157384 0 0.312065 0 0 0.216264  0 0 0 0 0 0  
80.1106 1.98819 0.0269153 -6.36283 0 4 0 0 -6.31725  -6.46604 0 3.64888 0 0 -6.5031  -0.0483686 0 0.0425979 0 0 -0.0294541  0.151578 0 0.30852 0 0 0.215301  0 0 0 0 0 0  
80.5819 2.00102 0.0276073 -6.28849 0 4 0 0 -6.32366  -6.38613 0 3.6497 0 0 -6.49768  -0.043538 0 0.0427182 0 0 -0.0298222  0.14118 0 0.307584 0 0 0.203837  0 0 0 0 0 0  
81.0531 2.01485 0.0300602 -6.15836 0 4 0 0 -6.43597  -6.26592 0 3.6296 0 0 -6.62241  -0.0470833 0 0.0447064 0 0 -0.0262023  0.154643 0 0.325698 0 0 0.212638  0 0 0 0 0 0  
81.5243 2.0293 0.0308743 -6.11378 0 4 0 0 -6.44786  -6.24036 0 3.60438 0 0 -6.65026  -0.0543022 0 0.0415021 0 0 -0.0366647  0.180887 0 0.354121 0 0 0.239067  0 0 0 0 0 0  
81.9956 2.04388 0.0308534 -5.99654 0 4 0 0 -6.39074  -6.10762 0 3.61259 0 0 -6.56725  -0.0539428 0 0.0505195 0 0 -0.0381059  0.165027 0 0.336892 0 0 0.214618  0 0 0 0 0 0  
82.4668 2.0585 0.0309806 -5.85394 0 4 0 0 -6.2651  -5.96772 0 3.60842 0 0 -6.43928  -0.0536573 0 0.0515523 0 0 -0.0394947  0.167437 0 0.340026 0 0 0.213679  0 0 0 0 0 0  
82.938 2.07338 0.0320164 -5.69255 0 4 0 0 -5.86581  -5.81882 0 3.58813 0 0 -6.05514  -0.0590425 0 0.0544264 0 0 -0.037939  0.185314 0 0.35744 0 0 0.227266  0 0 0 0 0 0  
83.4093 2.08865 0.0316876 -5.66825 0 4 0 0 -5.59708  -5.81201 0 3.57138 0 0 -5.80244  -0.0573582 0 0.0499119 0 0 -0.0410957  0.201117 0 0.378709 0 0 0.246451  0 0 0 0 0 0  
83.8805 2.10311 0.0300583 -5.65048 0 4 0 0 -5.52842  -5.8061 0 3.58884 0 0 -5.71525  -0.0590603 0 0.0436229 0 0 -0.0408605  0.21468 0 0.367541 0 0 0.227685  0 0 0 0 0 0  
84.3518 2.11717 0.0293627 -5.7903 0 4 0 0 -5.59981  -5.93792 0 3.61035 0 0 -5.7714  -0.050679 0 0.0412156 0 0 -0.0340024  0.198302 0 0.348437 0 0 0.205588  0 0 0 0 0 0  
84.823 2.13115 0.0295426 -6.04638 0 4 0 0 -5.67672  -6.1801 0 3.62846 0 0 -5.8425  -0.0418347 0 0.0447516 0 0 -0.0314423  0.17555 0 0.326789 0 0 0.19723  0 0 0 0 0 0  
85.2942 2.14497 0.0291952 -6.21701 0 4 0 0 -5.75572  -6.35165 0 3.65037 0 0 -5.93257  -0.0403528 0 0.0429867 0 0 -0.0286987  0.174988 0 0.306644 0 0 0.205551  0 0 0 0 0 0  
85.7655 2.15848 0.0282259 -6.26372 0 4 0 0 -5.8298  -6.384 0 3.67101 0 0 -5.9799  -0.0392342 0 0.0399739 0 0 -0.0283352  0.15951 0 0.289013 0 0 0.178434  0 0 0 0 0 0  
86.2367 2.17158 0.0269861 -6.29184 0 4 0 0 -5.69019  -6.40277 0 3.68991 0 0 -5.81766  -0.0249807 0 0.0397643 0 0 -0.0297824  0.135909 0 0.270328 0 0 0.157256  0 0 0 0 0 0  
86.708 2.18415 0.0269011 -6.16774 0 4 0 0 -5.62108  -6.27926 0 3.68801 0 0 -5.75  -0.0301481 0 0.039445 0 0 -0.0360782  0.141673 0 0.272541 0 0 0.164998  0 0 0 0 0 0  
87.1792 2.19716 0.0285311 -6.00583 0 4 0 0 -5.62115  -6.12877 0 3.64809 0 0 -5.76682  -0.0374104 0 0.0417119 0 0 -0.0430081  0.160347 0 0.310201 0 0 0.188679  0 0 0 0 0 0  
87.6504 2.21011 0.0264931 -5.98677 0 4 0 0 -5.78806  -6.09775 0 3.67727 0 0 -5.92614  -0.03177 0 0.0424242 0 0 -0.0260639  0.142748 0 0.280302 0 0 0.164146  0 0 0 0 0 0  
88.1217 2.22241 0.0258635 -6.13405 0 4 0 0 -5.99343  -6.23409 0 3.68099 0 0 -6.12799  -0.0304548 0 0.0403719 0 0 -0.0323494  0.130502 0 0.278636 0 0 0.166907  0 0 0 0 0 0  
88.5929 2.23439 0.0255799 -6.22854 0 4 0 0 -6.22835  -6.32832 0 3.69898 0 0 -6.35424  -0.0268093 0 0.0385089 0 0 -0.0228088  0.126592 0 0.262511 0 0 0.148701  0 0 0 0 0 0  
89.0642 2.2463 0.0256893 -6.33082 0 4 0 0 -6.33952  -6.41727 0 3.6995 0 0 -6.44951  -0.0244892 0 0.0407397 0 0 -0.0204138  0.110935 0 0.259759 0 0 0.130409  0 0 0 0 0 0  
89.5354 2.25845 0.0265424 -6.36177 0 4 0 0 -6.27921  -6.4478 0 3.69094 0 0 -6.40301  -0.0244592 0 0.045364 0 0 -0.0149439  0.110492 0 0.2637 0 0 0.13875  0 0 0 0 0 0  
90.0066 2.27093 0.0261091 -6.31721 0 4 0 0 -6.34583  -6.39393 0 3.68343 0 0 -6.46558  -0.0277851 0 0.0424111 0 0 -0.0192298  0.104498 0 0.274163 0 0 0.138975  0 0 0 0 0 0  
90.4779 2.28313 0.0256403 -6.31619 0 4 0 0 -6.44701  -6.40917 0 3.68226 0 0 -6.55361  -0.0321018 0 0.0396376 0 0 -0.0234172  0.125081 0 0.278101 0 0 0.13002  0 0 0 0 0 0  
90.9491 2.29556 0.0263817 -6.28909 0 4 0 0 -6.4252  -6.40747 0 3.69496 0 0 -6.54946  -0.0248047 0 0.037682 0 0 -0.0238662  0.143184 0 0.267361 0 0 0.148127  0 0 0 0 0 0  
91.4203 2.30807 0.0271 -6.26905 0 4 0 0 -6.45488  -6.38466 0 3.68515 0 0 -6.57699  -0.0284157 0 0.0368957 0 0 -0.0318107  0.144021 0 0.277955 0 0 0.153927  0 0 0 0 0 0  
91.8916 2.32105 0.0274008 -6.2627 0 4 0 0 -6.49911  -6.36422 0 3.6804 0 0 -6.61548  -0.0336738 0 0.0413645 0 0 -0.0317557  0.13519 0 0.278237 0 0 0.148126  0 0 0 0 0 0  
92.3628 2.33341 0.0253996 -6.36107 0 4 0 0 -6.66642  -6.43667 0 3.70214 0 0 -6.76344  -0.0362632 0 0.0407974 0 0 -0.0288577  0.111865 0 0.257066 0 0 0.125875  0 0 0 0 0 0  
92.8341 2.34504 0.0238327 -6.44356 0 4 0 0 -6.829  -6.50553 0 3.72057 0 0 -6.92007  -0.034391 0 0.0368355 0 0 -0.0276583  0.0963628 0 0.242596 0 0 0.118729  0 0 0 0 0 0  
93.3053 2.35588 0.022645 -6.56658 0 4 0 0 -7.06962  -6.6187 0 3.73069 0 0 -7.14901  -0.0307304 0 0.0362143 0 0 -0.0247481  0.0828503 0 0.233097 0 0 0.104141  0 0 0 0 0 0  
93.7765 2.36645 0.022246 -6.63561 0 4 0 0 -7.34597  -6.68715 0 3.72873 0 0 -7.42528  -0.0318305 0 0.03715 0 0 -0.0265796  0.0833722 0 0.234124 0 0 0.105887  0 0 0 0 0 0  
94.2478 2.37701 0.0224668 -6.72319 0 4 0 0 -7.558  -6.77738 0 3.73357 0 0 -7.63306  -0.0290809 0 0.0364891 0 0 -0.0229665  0.0832658 0 0.229936 0 0 0.0980324  0 0 0 0 0 0  
94.719 2.38755 0.0221652 -6.89549 0 4 0 0 -7.75444  -6.94359 0 3.749 0 0 -7.82421  -0.0200668 0 0.036366 0 0 -0.0196265  0.0681744 0 0.214633 0 0 0.089394  0 0 0 0 0 0  
95.1903 2.39793 0.0217399 -7.04512 0 4 0 0 -7.91595  -7.08199 0 3.75158 0 0 -7.97423  -0.0206848 0 0.0373895 0 0 -0.0209609  0.0575583 0 0.211033 0 0 0.0792411  0 0 0 0 0 0  
95.6615 2.40826 0.0216766 -7.06779 0 4 0 0 -7.92474  -7.09894 0 3.74984 0 0 -7.98089  -0.0266769 0 0.039817 0 0 -0.0247803  0.0578253 0 0.210343 0 0 0.0809348  0 0 0 0 0 0  
96.1327 2.41832 0.0212917 -7.11737 0 4 0 0 -7.91737  -7.15339 0 3.76205 0 0 -7.98531  -0.0278447 0 0.0367636 0 0 -0.0204455  0.0638638 0 0.201183 0 0 0.0883826  0 0 0 0 0 0  
96.604 2.4283 0.0213399 -7.08934 0 4 0 0 -7.8297  -7.13426 0 3.76496 0 0 -7.90487  -0.0225724 0 0.0362564 0 0 -0.0178179  0.0674937 0 0.198782 0 0 0.0929909  0 0 0 0 0 0  
97.0752 2.43869 0.0222845 -7.01256 0 4 0 0 -7.67808  -7.07013 0 3.74589 0 0 -7.76955  -0.021712 0 0.0371571 0 0 -0.014828  0.0792891 0 0.216957 0 0 0.106295  0 0 0 0 0 0  
97.5465 2.44931 0.0229533 -6.95446 0 4 0 0 -7.58935  -7.00985 0 3.73497 0 0 -7.6892  -0.0245356 0 0.0386455 0 0 -0.0122832  0.0799204 0 0.226384 0 0 0.112129  0 0 0 0 0 0  
98.0177 2.4602 0.0234174 -6.94547 0 4 0 0 -7.56981  -7.00135 0 3.73387 0 0 -7.65371  -0.0210195 0 0.0413562 0 0 -0.0131467  0.0769019 0 0.22477 0 0 0.0970453  0 0 0 0 0 0  
98.4889 2.4711 0.0231232 -6.99748 0 4 0 0 -7.50603  -7.05037 0 3.73085 0 0 -7.59552  -0.0221409 0 0.0395366 0 0 -0.0156279  0.0750263 0 0.229616 0 0 0.105117  0 0 0 0 0 0  
98.9602 2.48203 0.0231752 -6.94878 0 4 0 0 -7.55783  -7.00333 0 3.73149 0 0 -7.65542  -0.0181054 0 0.0410407 0 0 -0.00940957  0.072655 0 0.227466 0 0 0.106995  0 0 0 0 0 0  
99.4314 2.49287 0.02314 -6.87884 0 4 0 0 -7.639  -6.93894 0 3.72461 0 0 -7.74649  -0.0220202 0 0.0383611 0 0 -0.0116245  0.0821207 0 0.237029 0 0 0.119116  0 0 0 0 0 0  
99.9026 2.50412 0.0253356 -6.75771 0 4 0 0 -7.53512  -6.82532 0 3.7008 0 0 -7.65121  -0.0239005 0 0.039276 0 0 -0.00795675  0.0915105 0 0.259926 0 0 0.124042  0 0 0 0 0 0  
100.374 2.51647 0.0270013 -6.61859 0 4 0 0 -7.51574  -6.70997 0 3.66685 0 0 -7.65419  -0.0291862 0 0.0382293 0 0 -0.0160455  0.120573 0 0.294916 0 0 0.154496  0 0 0 0 0 0  
100.845 2.52967 0.0289648 -6.54216 0 4 0 0 -7.44711  -6.63055 0 3.63165 0 0 -7.58706  -0.0404772 0 0.0469269 0 0 -0.0208541  0.128868 0 0.321418 0 0 0.160804  0 0 0 0 0 0  
101.316 2.54387 0.0312491 -6.56111 0 4 0 0 -7.33083  -6.66249 0 3.61349 0 0 -7.4677  -0.0480393 0 0.0491347 0 0 -0.0238236  0.149427 0 0.337372 0 0 0.160687  0 0 0 0 0 0  
101.788 2.55849 0.0314407 -6.61989 0 4 0 0 -7.02083  -6.72778 0 3.60928 0 0 -7.16733  -0.0472265 0 0.0538756 0 0 -0.0274574  0.155111 0 0.336848 0 0 0.173957  0 0 0 0 0 0  
102.259 2.57308 0.0307769 -6.63987 0 4 0 0 -6.82246  -6.73301 0 3.59883 0 0 -6.95285  -0.0457963 0 0.0570903 0 0 -0.0303095  0.13894 0 0.344076 0 0 0.160708  0 0 0 0 0 0  
102.73 2.58774 0.030608 -6.66754 0 4 0 0 -6.80195  -6.75909 0 3.60591 0 0 -6.93028  -0.0637495 0 0.0559952 0 0 -0.0358698  0.155298 0 0.338096 0 0 0.164203  0 0 0 0 0 0  
103.201 2.60225 0.0310607 -6.67172 0 4 0 0 -6.7648  -6.75819 0 3.59531 0 0 -6.8992  -0.0569969 0 0.0517938 0 0 -0.036509  0.143469 0 0.352894 0 0 0.170912  0 0 0 0 0 0  
103.673 2.61712 0.0318692 -6.61519 0 4 0 0 -6.60176  -6.70148 0 3.58641 0 0 -6.74379  -0.0536551 0 0.0519836 0 0 -0.0452188  0.139944 0 0.361602 0 0 0.187247  0 0 0 0 0 0  
104.144 2.63223 0.0324772 -6.5215 0 4 0 0 -6.25074  -6.60771 0 3.55258 0 0 -6.40322  -0.060666 0 0.0557246 0 0 -0.0550303  0.146876 0 0.391692 0 0 0.207513  0 0 0 0 0 0  
104.615 2.64746 0.032917 -6.548 0 4 0 0 -6.20871  -6.66559 0 3.56107 0 0 -6.38806  -0.0597407 0 0.055403 0 0 -0.0573698  0.177335 0 0.383531 0 0 0.236723  0 0 0 0 0 0  
105.086 2.66241 0.0313519 -6.6385 0 4 0 0 -6.11585  -6.73485 0 3.59617 0 0 -6.26083  -0.0487709 0 0.055895 0 0 -0.0508986  0.145119 0 0.347939 0 0 0.195884  0 0 0 0 0 0  
105.558 2.67735 0.0316495 -6.55952 0 4 0 0 -6.09779  -6.67298 0 3.58765 0 0 -6.25579  -0.0485573 0 0.0573861 0 0 -0.0319309  0.16201 0 0.354968 0 0 0.189935  0 0 0 0 0 0  
106.029 2.69181 0.0299638 -6.46263 0 4 0 0 -5.97133  -6.58409 0 3.59683 0 0 -6.1266  -0.0447682 0 0.0531608 0 0 -0.0267138  0.166234 0 0.350011 0 0 0.181981  0 0 0 0 0 0  
106.5 2.70584 0.0301655 -6.43153 0 4 0 0 -5.96924  -6.56914 0 3.59545 0 0 -6.15453  -0.0350353 0 0.0506237 0 0 -0.019331  0.172646 0 0.353923 0 0 0.204621  0 0 0 0 0 0  
106.971 2.71984 0.0296859 -6.4843 0 4 0 0 -6.05793  -6.61763 0 3.61432 0 0 -6.21733  -0.0349262 0 0.0481858 0 0 -0.0204267  0.168261 0 0.337497 0 0 0.17983  0 0 0 0 0 0  
107.442 2.73413 0.030309 -6.65489 0 4 0 0 -6.16687  -6.79215 0 3.61357 0 0 -6.31265  -0.0458645 0 0.0487727 0 0 -0.0327895  0.183121 0 0.337652 0 0 0.178572  0 0 0 0 0 0  
107.914 2.74828 0.0292938 -6.73089 0 4 0 0 -6.45541  -6.85666 0 3.63259 0 0 -6.59661  -0.0412927 0 0.0485716 0 0 -0.0306253  0.167056 0 0.318835 0 0 0.171825  0 0 0 0 0 0  
108.385 2.76132 0.0267659 -6.73752 0 4 0 0 -6.5789  -6.84305 0 3.65577 0 0 -6.70678  -0.0406519 0 0.0460008 0 0 -0.0405366  0.146183 0 0.298232 0 0 0.168411  0 0 0 0 0 0  
108.856 2.77333 0.0245994 -6.72441 0 4 0 0 -6.6299  -6.82044 0 3.68355 0 0 -6.74107  -0.0310233 0 0.0417717 0 0 -0.0330167  0.127062 0 0.274679 0 0 0.144187  0 0 0 0 0 0  
109.327 2.78466 0.0236859 -6.68504 0 4 0 0 -6.59696  -6.76704 0 3.69165 0 0 -6.69969  -0.0319293 0 0.0392852 0 0 -0.0323705  0.113931 0 0.269066 0 0 0.135105  0 0 0 0 0 0  
109.799 2.79562 0.0227366 -6.71348 0 4 0 0 -6.66342  -6.80089 0 3.71693 0 0 -6.7638  -0.0281366 0 0.0384813 0 0 -0.0309812  0.115549 0 0.244588 0 0 0.131363  0 0 0 0 0 0  
110.27 2.80642 0.0230179 -6.71595 0 4 0 0 -6.74772  -6.7898 0 3.71299 0 0 -6.82628  -0.0311225 0 0.0396285 0 0 -0.0267749  0.104966 0 0.247384 0 0 0.105335  0 0 0 0 0 0  
110.741 2.81705 0.0215871 -6.82773 0 4 0 0 -6.83189  -6.87638 0 3.73213 0 0 -6.87969  -0.0246451 0 0.0400971 0 0 -0.0269682  0.0732921 0 0.227772 0 0 0.0747615  0 0 0 0 0 0  
111.212 2.82693 0.0197155 -6.83684 0 4 0 0 -6.77843  -6.88435 0 3.743 0 0 -6.82413  -0.0249567 0 0.0391067 0 0 -0.0264798  0.0724618 0 0.217894 0 0 0.0721845  0 0 0 0 0 0  
111.684 2.83618 0.019413 -6.77092 0 4 0 0 -6.7464  -6.84133 0 3.74808 0 0 -6.81676  -0.0271618 0 0.0329413 0 0 -0.0280786  0.0975717 0 0.218979 0 0 0.098438  0 0 0 0 0 0  
112.155 2.84502 0.0181027 -6.81362 0 4 0 0 -6.78404  -6.87254 0 3.77872 0 0 -6.85374  -0.0154024 0 0.030463 0 0 -0.017337  0.0743166 0 0.19082 0 0 0.0870322  0 0 0 0 0 0  
112.626 2.85359 0.0186022 -6.82174 0 4 0 0 -6.81153  -6.86656 0 3.77451 0 0 -6.87263  -0.0207985 0 0.032093 0 0 -0.0169734  0.0656241 0 0.193398 0 0 0.0780676  0 0 0 0 0 0  
113.097 2.86244 0.0189008 -6.8611 0 4 0 0 -6.8729  -6.90532 0 3.77531 0 0 -6.93263  -0.0201122 0 0.0340149 0 0 -0.0186865  0.0643374 0 0.190671 0 0 0.0784197  0 0 0 0 0 0  
113.569 2.87129 0.0188645 -6.9079 0 4 0 0 -6.89741  -6.94949 0 3.77024 0 0 -6.95967  -0.0251372 0 0.0355727 0 0 -0.0198769  0.0667265 0 0.194183 0 0 0.0821414  0 0 0 0 0 0  
114.04 2.88032 0.0193421 -6.7938 0 4 0 0 -6.81948  -6.8517 0 3.76012 0 0 -6.89901  -0.0238318 0 0.034556 0 0 -0.0249126  0.0817273 0 0.205321 0 0 0.104441  0 0 0 0 0 0  
114.511 2.88967 0.0215013 -6.79131 0 4 0 0 -6.778  -6.86467 0 3.73206 0 0 -6.86873  -0.0311463 0 0.0386668 0 0 -0.0312035  0.104505 0 0.229276 0 0 0.121932  0 0 0 0 0 0  
114.982 2.9001 0.0224691 -6.79007 0 4 0 0 -6.68294  -6.87408 0 3.72764 0 0 -6.77477  -0.0317799 0 0.0374337 0 0 -0.0319063  0.115792 0 0.234921 0 0 0.123743  0 0 0 0 0 0  
115.454 2.91083 0.0225671 -6.78418 0 4 0 0 -6.70283  -6.86634 0 3.72581 0 0 -6.80205  -0.0379436 0 0.0336508 0 0 -0.0318221  0.120108 0 0.240535 0 0 0.131036  0 0 0 0 0 0  
115.925 2.92173 0.0237654 -6.88729 0 4 0 0 -6.80135  -6.985 0 3.70208 0 0 -6.92145  -0.039818 0 0.0340694 0 0 -0.0294325  0.137528 0 0.263848 0 0 0.149536  0 0 0 0 0 0  
116.396 2.93315 0.0248807 -7.1097 0 4 0 0 -7.05035  -7.18381 0 3.7049 0 0 -7.15055  -0.0395587 0 0.0384182 0 0 -0.0223925  0.113678 0 0.256686 0 0 0.122596  0 0 0 0 0 0  
116.867 2.94499 0.0249998 -7.35421 0 4 0 0 -7.36546  -7.42555 0 3.70845 0 0 -7.46111  -0.0409819 0 0.0386057 0 0 -0.0254576  0.112322 0 0.252949 0 0 0.121112  0 0 0 0 0 0  
117.338 2.95658 0.0241645 -7.58296 0 4 0 0 -7.62834  -7.64301 0 3.71887 0 0 -7.7091  -0.0391632 0 0.0415499 0 0 -0.0250901  0.0992101 0 0.23958 0 0 0.105842  0 0 0 0 0 0  
117.81 2.96728 0.0215739 -7.87652 0 4 0 0 -7.9351  -7.92634 0 3.75136 0 0 -8.00269  -0.0331498 0 0.0375707 0 0 -0.0194125  0.0829716 0 0.211065 0 0 0.0870064  0 0 0 0 0 0  
118.281 2.97739 0.0209535 -7.97894 0 4 0 0 -8.02426  -8.02639 0 3.76677 0 0 -8.09175  -0.0300502 0 0.0374099 0 0 -0.0158223  0.0774996 0 0.195823 0 0 0.0833085  0 0 0 0 0 0  
118.752 2.98729 0.0209972 -8.09882 0 4 0 0 -8.02845  -8.14991 0 3.75922 0 0 -8.09866  -0.031367 0 0.0366075 0 0 -0.0204335  0.0824515 0 0.20417 0 0 0.0906437  0 0 0 0 0 0  
119.223 2.99703 0.0205282 -8.20682 0 4 0 0 -7.99832  -8.25053 0 3.7683 0 0 -8.0508  -0.0278196 0 0.0380874 0 0 -0.0173465  0.0715282 0 0.193609 0 0 0.0698285  0 0 0 0 0 0  
119.695 3.0069 0.0211295 -8.19117 0 4 0 0 -8.05904  -8.2363 0 3.76104 0 0 -8.11175  -0.028552 0 0.0405989 0 0 -0.0169734  0.0736764 0 0.198365 0 0 0.0696768  0 0 0 0 0 0  
120.166 3.01674 0.020559 -8.24723 0 4 0 0 -8.01985  -8.29762 0 3.76589 0 0 -8.09576  -0.0271851 0 0.0378982 0 0 -0.0149507  0.0775666 0 0.19621 0 0 0.0908622  0 0 0 0 0 0  
120.637 3.02595 0.0185308 -8.20992 0 4 0 0 -7.90381  -8.25842 0 3.78453 0 0 -7.97456  -0.0234668 0 0.0372923 0 0 -0.0152683  0.0719666 0 0.178183 0 0 0.0860191  0 0 0 0 0 0  
121.108 3.03466 0.0184898 -7.98699 0 4 0 0 -7.8968  -8.05506 0 3.7884 0 0 -7.97413  -0.0212014 0 0.0331178 0 0 -0.0161827  0.0892778 0 0.178486 0 0 0.0935059  0 0 0 0 0 0  
121.58 3.04338 0.0187424 -7.92604 0 4 0 0 -7.94512  -8.00048 0 3.76763 0 0 -8.03074  -0.0237157 0 0.0302874 0 0 -0.0176409  0.0981513 0 0.202084 0 0 0.103271  0 0 0 0 0 0  
122.051 3.05236 0.0189909 -7.98502 0 4 0 0 -7.98108  -8.0556 0 3.76534 0 0 -8.06675  -0.0240713 0 0.0325195 0 0 -0.0186075  0.0946506 0 0.20214 0 0 0.104277  0 0 0 0 0 0  
122.522 3.06171 0.0198788 -7.99933 0 4 0 0 -8.01242  -8.0636 0 3.76184 0 0 -8.10419  -0.0210967 0 0.0324501 0 0 -0.0158599  0.0853643 0 0.205713 0 0 0.107627  0 0 0 0 0 0  
122.993 3.07122 0.0207272 -7.97246 0 4 0 0 -8.02112  -8.03895 0 3.76093 0 0 -8.11573  -0.0220531 0 0.0356798 0 0 -0.017858  0.0885418 0 0.203392 0 0 0.112473  0 0 0 0 0 0  
123.465 3.08103 0.0206489 -7.97816 0 4 0 0 -8.09555  -8.0433 0 3.75976 0 0 -8.20393  -0.0262222 0 0.034136 0 0 -0.0147134  0.0913667 0 0.206101 0 0 0.123099  0 0 0 0 0 0  
123.936 3.09097 0.0213149 -7.99525 0 4 0 0 -8.14465  -8.05639 0 3.75086 0 0 -8.25675  -0.0309687 0 0.0375184 0 0 -0.0129484  0.0921076 0 0.21162 0 0 0.125055  0 0 0 0 0 0  
124.407 3.10096 0.0210745 -7.99003 0 4 0 0 -8.14163  -8.06023 0 3.7408 0 0 -8.26924  -0.0285853 0 0.0349507 0 0 -0.0128666  0.0987858 0 0.224253 0 0 0.140478  0 0 0 0 0 0  
124.878 3.11079 0.0202271 -7.963 0 4 0 0 -8.17609  -8.03154 0 3.74676 0 0 -8.30232  -0.0192194 0 0.0344878 0 0 -0.0108641  0.0877537 0 0.218748 0 0 0.137098  0 0 0 0 0 0  
125.35 3.12041 0.0203287 -7.98121 0 4 0 0 -8.15416  -8.05573 0 3.74998 0 0 -8.28151  -0.0146337 0 0.0323298 0 0 -0.00686967  0.0891454 0 0.217686 0 0 0.134217  0 0 0 0 0 0  
125.821 3.12996 0.0203404 -8.01622 0 4 0 0 -8.20598  -8.07949 0 3.75463 0 0 -8.31766  -0.0153695 0 0.033942 0 0 -0.00740233  0.0786386 0 0.211431 0 0 0.119081  0 0 0 0 0 0  
126.292 3.13985 0.0221473 -7.90491 0 4 0 0 -8.25292  -7.97198 0 3.74279 0 0 -8.36582  -0.0126909 0 0.0367382 0 0 -0.00878415  0.0797551 0 0.220475 0 0 0.121687  0 0 0 0 0 0  
126.763 3.15045 0.0224513 -7.75318 0 4 0 0 -8.12088  -7.82208 0 3.73389 0 0 -8.24307  -0.0218626 0 0.0370476 0 0 -0.0176491  0.0907689 0 0.22906 0 0 0.139844  0 0 0 0 0 0  
127.235 3.16115 0.0236122 -7.57246 0 4 0 0 -7.92065  -7.64615 0 3.71479 0 0 -8.04989  -0.0319669 0 0.040843 0 0 -0.0209738  0.105663 0 0.244363 0 0 0.150211  0 0 0 0 0 0  
127.706 3.17252 0.0248071 -7.396 0 4 0 0 -7.79384  -7.47343 0 3.69386 0 0 -7.92618  -0.039997 0 0.0439458 0 0 -0.0265301  0.117432 0 0.262191 0 0 0.158871  0 0 0 0 0 0  
128.177 3.18437 0.0251268 -7.34865 0 4 0 0 -7.76674  -7.41894 0 3.69111 0 0 -7.90428  -0.0390915 0 0.0461179 0 0 -0.0182612  0.109382 0 0.26277 0 0 0.1558  0 0 0 0 0 0  
128.648 3.19651 0.0266824 -7.31407 0 4 0 0 -7.79852  -7.39013 0 3.66304 0 0 -7.94745  -0.044335 0 0.0507453 0 0 -0.0220433  0.120401 0 0.28621 0 0 0.170973  0 0 0 0 0 0  
129.119 3.20868 0.0250786 -7.26444 0 4 0 0 -7.59206  -7.3429 0 3.6758 0 0 -7.72799  -0.0463658 0 0.0468457 0 0 -0.0286395  0.124817 0 0.277351 0 0 0.164574  0 0 0 0 0 0  
129.591 3.22052 0.0246116 -7.25497 0 4 0 0 -7.48116  -7.34427 0 3.68607 0 0 -7.60661  -0.0405589 0 0.0430487 0 0 -0.031613  0.129854 0 0.270884 0 0 0.15707  0 0 0 0 0 0  
130.062 3.2319 0.0236666 -7.28044 0 4 0 0 -7.31997  -7.36935 0 3.69103 0 0 -7.47366  -0.0403404 0 0.0422307 0 0 -0.0234695  0.129253 0 0.266742 0 0 0.177159  0 0 0 0 0 0  
130.533 3.24309 0.0235361 -7.27615 0 4 0 0 -7.17081  -7.37709 0 3.68382 0 0 -7.33791  -0.0384499 0 0.0420674 0 0 -0.0228802  0.139395 0 0.274117 0 0 0.189977  0 0 0 0 0 0  
131.004 3.25416 0.023771 -7.35125 0 4 0 0 -7.08731  -7.45725 0 3.67348 0 0 -7.25129  -0.0338904 0 0.0435498 0 0 -0.0137497  0.139886 0 0.282969 0 0 0.177733  0 0 0 0 0 0  
131.476 3.26537 0.0237343 -7.3829 0 4 0 0 -7.00351  -7.48216 0 3.67403 0 0 -7.16245  -0.0382148 0 0.0425722 0 0 -0.0134379  0.137471 0 0.283394 0 0 0.172371  0 0 0 0 0 0  
131.947 3.27648 0.02297 -7.49871 0 4 0 0 -7.0537  -7.57569 0 3.69666 0 0 -7.1873  -0.0374061 0 0.0418797 0 0 -0.0168152  0.114389 0 0.261463 0 0 0.15042  0 0 0 0 0 0  
132.418 3.28711 0.0216398 -7.69695 0 4 0 0 -7.03851  -7.7609 0 3.7152 0 0 -7.16143  -0.0328538 0 0.0406694 0 0 -0.0175492  0.0968056 0 0.244129 0 0 0.140468  0 0 0 0 0 0  
132.889 3.29744 0.0218051 -7.79402 0 4 0 0 -6.94497  -7.86372 0 3.72479 0 0 -7.07064  -0.0352213 0 0.0358703 0 0 -0.0253882  0.104929 0 0.239341 0 0 0.151057  0 0 0 0 0 0  
133.361 3.30764 0.0217401 -7.87521 0 4 0 0 -6.88535  -7.93432 0 3.72453 0 0 -6.98682  -0.0302687 0 0.0377681 0 0 -0.0160086  0.0893712 0 0.237699 0 0 0.117479  0 0 0 0 0 0  
133.832 3.31778 0.0212877 -7.96142 0 4 0 0 -6.94747  -8.00558 0 3.73234 0 0 -7.04494  -0.0319717 0 0.0369879 0 0 -0.0144048  0.0761318 0 0.230676 0 0 0.111881  0 0 0 0 0 0  
134.303 3.3279 0.0214845 -8.11246 0 4 0 0 -7.06858  -8.15868 0 3.74663 0 0 -7.16156  -0.0305539 0 0.0342266 0 0 -0.0153758  0.0767756 0 0.21914 0 0 0.108362  0 0 0 0 0 0  
134.774 3.33795 0.0212466 -8.20866 0 4 0 0 -7.1134  -8.25414 0 3.74707 0 0 -7.19972  -0.0292057 0 0.0339978 0 0 -0.0166286  0.0746839 0 0.218934 0 0 0.102951  0 0 0 0 0 0  
135.246 3.34828 0.0224897 -8.05972 0 4 0 0 -7.0541  -8.10888 0 3.73137 0 0 -7.14954  -0.0290235 0 0.0372433 0 0 -0.0182159  0.0781872 0 0.231389 0 0 0.113658  0 0 0 0 0 0  
135.717 3.35913 0.0232238 -7.85165 0 4 0 0 -6.8125  -7.91289 0 3.7165 0 0 -6.90845  -0.0273776 0 0.0381529 0 0 -0.0238061  0.0886123 0 0.245346 0 0 0.119752  0 0 0 0 0 0  
136.188 3.36998 0.0225481 -7.7632 0 4 0 0 -6.66424  -7.8348 0 3.72387 0 0 -6.75971  -0.0199403 0 0.0382361 0 0 -0.0214129  0.0915463 0 0.237894 0 0 0.116883  0 0 0 0 0 0  
136.659 3.38057 0.0221912 -7.70383 0 4 0 0 -6.68869  -7.77742 0 3.7294 0 0 -6.7826  -0.0182222 0 0.0383953 0 0 -0.0201985  0.091814 0 0.232202 0 0 0.11411  0 0 0 0 0 0  
137.131 3.39113 0.0228868 -7.59579 0 4 0 0 -6.63137  -7.67054 0 3.71579 0 0 -6.74269  -0.0221807 0 0.038941 0 0 -0.0218901  0.0969312 0 0.245267 0 0 0.133209  0 0 0 0 0 0  
137.602 3.40206 0.0233226 -7.37317 0 4 0 0 -6.57658  -7.45831 0 3.70345 0 0 -6.70001  -0.0191598 0 0.0383903 0 0 -0.0159656  0.104297 0 0.258163 0 0 0.139398  0 0 0 0 0 0  
138.073 3.41306 0.0234543 -7.27795 0 4 0 0 -6.5919  -7.35973 0 3.69728 0 0 -6.71441  -0.0217514 0 0.0399444 0 0 -0.0109656  0.103529 0 0.26278 0 0 0.133479  0 0 0 0 0 0  
138.544 3.4241 0.0235602 -7.27016 0 4 0 0 -6.74641  -7.34728 0 3.69761 0 0 -6.8594  -0.0322331 0 0.0393118 0 0 -0.0159882  0.109355 0 0.263075 0 0 0.128974  0 0 0 0 0 0  
139.015 3.43514 0.0229064 -7.39355 0 4 0 0 -7.03491  -7.44846 0 3.70952 0 0 -7.12617  -0.027781 0 0.0399403 0 0 -0.0159294  0.0826969 0 0.250541 0 0 0.107195  0 0 0 0 0 0  
139.487 3.44597 0.0224898 -7.41088 0 4 0 0 -7.06194  -7.45668 0 3.71503 0 0 -7.1569  -0.0217249 0 0.0399978 0 0 -0.0128247  0.0675253 0 0.24497 0 0 0.107782  0 0 0 0 0 0  
139.958 3.45636 0.0222837 -7.43623 0 4 0 0 -7.14175  -7.48844 0 3.72012 0 0 -7.24345  -0.0221296 0 0.0403027 0 0 -0.0124288  0.0743367 0 0.239575 0 0 0.114125  0 0 0 0 0 0  
140.429 3.46675 0.022402 -7.42435 0 4 0 0 -7.18972  -7.49694 0 3.73057 0 0 -7.2999  -0.0157337 0 0.0393606 0 0 -0.01614  0.0883236 0 0.230074 0 0 0.12632  0 0 0 0 0 0  
140.9 3.47708 0.0218859 -7.46856 0 4 0 0 -7.16813  -7.54306 0 3.74271 0 0 -7.27617  -0.0167454 0 0.0389844 0 0 -0.0215233  0.0912467 0 0.218307 0 0 0.129569  0 0 0 0 0 0  
141.372 3.48764 0.0226243 -7.46461 0 4 0 0 -7.156  -7.53688 0 3.73315 0 0 -7.26225  -0.018634 0 0.0408922 0 0 -0.0258263  0.0909034 0 0.225958 0 0 0.132083  0 0 0 0 0 0  
141.843 3.49804 0.021264 -7.49502 0 4 0 0 -7.17487  -7.55027 0 3.74736 0 0 -7.24817  -0.0208738 0 0.0401451 0 0 -0.0279386  0.076129 0 0.212491 0 0 0.101234  0 0 0 0 0 0  
142.314 3.50805 0.0209065 -7.51859 0 4 0 0 -7.19502  -7.56656 0 3.75264 0 0 -7.25573  -0.0203865 0 0.0405757 0 0 -0.0264536  0.0683505 0 0.206788 0 0 0.0871573  0 0 0 0 0 0  
142.785 3.51779 0.0207692 -7.58833 0 4 0 0 -7.26019  -7.63686 0 3.75138 0 0 -7.32877  -0.0197632 0 0.0377539 0 0 -0.0249406  0.0682945 0 0.210865 0 0 0.0935255  0 0 0 0 0 0  
143.257 3.52726 0.0197857 -7.54551 0 4 0 0 -7.43702  -7.58759 0 3.77004 0 0 -7.48765  -0.0183168 0 0.037895 0 0 -0.0244678  0.0603965 0 0.192063 0 0 0.0750902  0 0 0 0 0 0  
143.728 3.53643 0.0197089 -7.57222 0 4 0 0 -7.67494  -7.61729 0 3.77419 0 0 -7.73372  -0.0173684 0 0.0369475 0 0 -0.0242933  0.0624411 0 0.188863 0 0 0.0830644  0 0 0 0 0 0  
144.199 3.54559 0.0192442 -7.61876 0 4 0 0 -7.91824  -7.65939 0 3.78471 0 0 -7.96745  -0.0150845 0 0.0377884 0 0 -0.0221938  0.0557172 0 0.1775 0 0 0.0714043  0 0 0 0 0 0  
144.67 3.55482 0.0199651 -7.74049 0 4 0 0 -7.95941  -7.7885 0 3.77971 0 0 -8.0058  -0.0112613 0 0.0399377 0 0 -0.0205738  0.059265 0 0.180355 0 0 0.0669713  0 0 0 0 0 0  
145.142 3.56452 0.0207151 -7.76254 0 4 0 0 -7.82377  -7.82418 0 3.76976 0 0 -7.89071  -0.0086086 0 0.0364413 0 0 -0.0178169  0.0702461 0 0.193802 0 0 0.0847585  0 0 0 0 0 0  
145.613 3.57429 0.0205686 -7.72192 0 4 0 0 -7.65695  -7.79874 0 3.75263 0 0 -7.72967  -0.00960611 0 0.0396979 0 0 -0.0123829  0.0864255 0 0.207672 0 0 0.0851033  0 0 0 0 0 0  
146.084 3.58382 0.0199686 -7.50613 0 4 0 0 -7.57931  -7.58127 0 3.7638 0 0 -7.64838  -0.0081866 0 0.0385569 0 0 -0.0144319  0.0833246 0 0.197639 0 0 0.0835006  0 0 0 0 0 0  
146.555 3.59327 0.0198942 -7.279 0 4 0 0 -7.54455  -7.36334 0 3.75937 0 0 -7.62642  -0.0115724 0 0.0389594 0 0 -0.0149197  0.0959197 0 0.201675 0 0 0.0967929  0 0 0 0 0 0  
147.027 3.60263 0.0202328 -7.22037 0 4 0 0 -7.5041  -7.30277 0 3.75985 0 0 -7.59129  -0.0136591 0 0.0377679 0 0 -0.01965  0.0960562 0 0.20238 0 0 0.106845  0 0 0 0 0 0  
147.498 3.61215 0.0201696 -7.30736 0 4 0 0 -7.57651  -7.38979 0 3.75418 0 0 -7.66407  -0.0164909 0 0.0362076 0 0 -0.0208678  0.0989238 0 0.20961 0 0 0.108422  0 0 0 0 0 0  
147.969 3.62162 0.0202986 -7.43062 0 4 0 0 -7.66232  -7.50662 0 3.76131 0 0 -7.73286  -0.0153327 0 0.035984 0 0 -0.0200694  0.0913325 0 0.202711 0 0 0.0906104  0 0 0 0 0 0  
148.44 3.6311 0.0193914 -7.46039 0 4 0 0 -7.5142  -7.53635 0 3.77913 0 0 -7.58517  -0.0137562 0 0.0314608 0 0 -0.0214669  0.0897158 0 0.189407 0 0 0.0924435  0 0 0 0 0 0  
148.911 3.6401 0.0189733 -7.38111 0 4 0 0 -7.37112  -7.46019 0 3.78312 0 0 -7.44891  -0.0139883 0 0.0289545 0 0 -0.0207634  0.093069 0 0.187929 0 0 0.0985528  0 0 0 0 0 0  
149.383 3.64917 0.019389 -7.29177 0 4 0 0 -7.11341  -7.37262 0 3.77054 0 0 -7.197  -0.013574 0 0.0317933 0 0 -0.0197427  0.0944236 0 0.197668 0 0 0.10334  0 0 0 0 0 0  
149.854 3.65863 0.0207773 -7.16442 0 4 0 0 -6.8937  -7.25561 0 3.75965 0 0 -6.98102  -0.0113865 0 0.0347117 0 0 -0.026605  0.102575 0 0.205643 0 0 0.113924  0 0 0 0 0 0  
150.325 3.6686 0.0214883 -6.99679 0 4 0 0 -6.85162  -7.09166 0 3.73475 0 0 -6.9506  -0.0185606 0 0.0360239 0 0 -0.0282667  0.113429 0 0.229222 0 0 0.127248  0 0 0 0 0 0  
150.796 3.67885 0.0218153 -6.88929 0 4 0 0 -6.81364  -6.98409 0 3.72609 0 0 -6.90542  -0.0190092 0 0.0366413 0 0 -0.0229436  0.113817 0 0.237264 0 0 0.114721  0 0 0 0 0 0  
151.268 3.68896 0.0214639 -6.91216 0 4 0 0 -6.79727  -7.01119 0 3.73735 0 0 -6.89012  -0.0248406 0 0.0359906 0 0 -0.0223205  0.123877 0 0.226662 0 0 0.115175  0 0 0 0 0 0  
151.739 3.69906 0.0218084 -6.98896 0 4 0 0 -6.93218  -7.09021 0 3.73573 0 0 -7.02976  -0.0240491 0 0.0353378 0 0 -0.0223827  0.125292 0 0.228929 0 0 0.119959  0 0 0 0 0 0  
152.21 3.70945 0.0220871 -7.04741 0 4 0 0 -7.0324  -7.14753 0 3.73288 0 0 -7.13316  -0.0286168 0 0.0339387 0 0 -0.025891  0.128734 0 0.233185 0 0 0.126651  0 0 0 0 0 0  
152.681 3.71971 0.0221614 -7.12884 0 4 0 0 -7.11258  -7.23045 0 3.72525 0 0 -7.21878  -0.0323643 0 0.0319891 0 0 -0.0319705  0.133974 0 0.24276 0 0 0.138175  0 0 0 0 0 0  
153.153 3.73019 0.0224233 -7.1882 0 4 0 0 -7.23005  -7.27851 0 3.71624 0 0 -7.32824  -0.0301953 0 0.0371815 0 0 -0.0293924  0.120505 0 0.246577 0 0 0.12758  0 0 0 0 0 0  
153.624 3.74113 0.0232127 -7.1789 0 4 0 0 -7.26455  -7.27301 0 3.71033 0 0 -7.35626  -0.032237 0 0.0386397 0 0 -0.0332156  0.126353 0 0.251028 0 0 0.124921  0 0 0 0 0 0  
154.095 3.75219 0.0232971 -7.11367 0 4 0 0 -7.2879  -7.21282 0 3.71321 0 0 -7.39384  -0.0320947 0 0.0385108 0 0 -0.0318682  0.131245 0 0.248277 0 0 0.137807  0 0 0 0 0 0  
154.566 3.76332 0.023504 -7.087 0 4 0 0 -7.36423  -7.19717 0 3.72476 0 0 -7.4668  -0.0189298 0 0.0382641 0 0 -0.0278425  0.129098 0 0.236975 0 0 0.130414  0 0 0 0 0 0  
155.038 3.77409 0.0221506 -7.08604 0 4 0 0 -7.3621  -7.18985 0 3.73342 0 0 -7.45448  -0.0163726 0 0.037368 0 0 -0.021684  0.120181 0 0.229208 0 0 0.114073  0 0 0 0 0 0  
155.509 3.78464 0.0226079 -7.09966 0 4 0 0 -7.26339  -7.1994 0 3.72424 0 0 -7.34442  -0.0182762 0 0.0401692 0 0 -0.0246295  0.118016 0 0.235591 0 0 0.105665  0 0 0 0 0 0  
155.98 3.79525 0.0229847 -7.10279 0 4 0 0 -7.24876  -7.19434 0 3.71459 0 0 -7.32073  -0.0249048 0 0.0420067 0 0 -0.0288877  0.116446 0 0.243408 0 0 0.100857  0 0 0 0 0 0  
156.451 3.80593 0.0222304 -7.0772 0 4 0 0 -7.36092  -7.17732 0 3.7269 0 0 -7.43237  -0.0212641 0 0.0386689 0 0 -0.030362  0.121387 0 0.23443 0 0 0.101806  0 0 0 0 0 0  
156.923 3.81625 0.0219729 -7.13575 0 4 0 0 -7.60672  -7.22306 0 3.73823 0 0 -7.66068  -0.0153963 0 0.0354767 0 0 -0.0283293  0.102712 0 0.226297 0 0 0.0822828  0 0 0 0 0 0  
157.394 3.82664 0.0220319 -7.32028 0 4 0 0 -7.75861  -7.39895 0 3.74501 0 0 -7.80639  -0.0154091 0 0.0352027 0 0 -0.0284256  0.0940747 0 0.219784 0 0 0.0762073  0 0 0 0 0 0  
157.865 3.83696 0.0214508 -7.32019 0 4 0 0 -7.78985  -7.38444 0 3.75652 0 0 -7.83375  -0.0167676 0 0.0340439 0 0 -0.0268747  0.0810189 0 0.209433 0 0 0.070773  0 0 0 0 0 0  
158.336 3.84713 0.0215346 -7.28639 0 4 0 0 -7.74042  -7.35321 0 3.75448 0 0 -7.7898  -0.0171252 0 0.0347159 0 0 -0.0215254  0.083939 0 0.210805 0 0 0.0709148  0 0 0 0 0 0  
158.808 3.85733 0.0215237 -7.32456 0 4 0 0 -7.62517  -7.40099 0 3.75944 0 0 -7.6893  -0.00806055 0 0.0331277 0 0 -0.0183178  0.0844977 0 0.20743 0 0 0.0824489  0 0 0 0 0 0  
159.279 3.8677 0.0225686 -7.35558 0 4 0 0 -7.47885  -7.45127 0 3.74734 0 0 -7.54921  -0.00556766 0 0.0344935 0 0 -0.0217513  0.10126 0 0.218165 0 0 0.0921084  0 0 0 0 0 0  
159.75 3.87857 0.0230683 -7.47521 0 4 0 0 -7.2387  -7.57731 0 3.72461 0 0 -7.32808  -0.00984764 0 0.0350939 0 0 -0.0197464  0.111942 0 0.240292 0 0 0.10913  0 0 0 0 0 0  
160.221 3.88955 0.0239851 -7.58739 0 4 0 0 -6.93966  -7.70143 0 3.70768 0 0 -7.0529  -0.0173119 0 0.0363956 0 0 -0.0232954  0.131353 0 0.255924 0 0 0.13653  0 0 0 0 0 0  
160.692 3.9007 0.0238787 -7.56003 0 4 0 0 -6.81638  -7.66335 0 3.70025 0 0 -6.93483  -0.0156555 0 0.0375865 0 0 -0.0175356  0.118979 0 0.262165 0 0 0.13598  0 0 0 0 0 0  
161.164 3.91205 0.0242943 -7.54768 0 4 0 0 -6.78498  -7.65666 0 3.70147 0 0 -6.91077  -0.0223253 0 0.0392836 0 0 -0.0195963  0.1313 0 0.259248 0 0 0.14538  0 0 0 0 0 0  
161.635 3.92361 0.0248274 -7.50993 0 4 0 0 -6.7311  -7.62257 0 3.6893 0 0 -6.87091  -0.0221826 0 0.0410695 0 0 -0.0314987  0.134821 0 0.269633 0 0 0.171316  0 0 0 0 0 0  
162.106 3.93525 0.0244048 -7.45828 0 4 0 0 -6.7632  -7.56726 0 3.67804 0 0 -6.9009  -0.0257156 0 0.0421271 0 0 -0.0297584  0.134693 0 0.279831 0 0 0.16746  0 0 0 0 0 0  
162.577 3.94665 0.0238146 -7.36736 0 4 0 0 -6.7843  -7.4503 0 3.69148 0 0 -6.89941  -0.02058 0 0.0435521 0 0 -0.0231596  0.103516 0 0.264972 0 0 0.138273  0 0 0 0 0 0  
163.049 3.95764 0.0228883 -7.26363 0 4 0 0 -6.75112  -7.34399 0 3.71 0 0 -6.86556  -0.0240085 0 0.0419621 0 0 -0.0264244  0.104373 0 0.248035 0 0 0.140871  0 0 0 0 0 0  
163.52 3.96845 0.0233347 -7.24383 0 4 0 0 -6.84308  -7.32711 0 3.71458 0 0 -6.955  -0.023991 0 0.0426381 0 0 -0.0247643  0.107272 0 0.242785 0 0 0.13668  0 0 0 0 0 0  
163.991 3.97931 0.0226665 -7.163 0 4 0 0 -7.01882  -7.24152 0 3.71888 0 0 -7.12017  -0.021072 0 0.0452243 0 0 -0.0235956  0.0995933 0 0.235899 0 0 0.124943  0 0 0 0 0 0  
164.462 3.99025 0.023932 -7.05687 0 4 0 0 -7.02901  -7.1533 0 3.70545 0 0 -7.12788  -0.0233059 0 0.0467192 0 0 -0.0292469  0.119736 0 0.247828 0 0 0.128121  0 0 0 0 0 0  
164.934 4.00143 0.0229629 -7.15391 0 4 0 0 -7.22371  -7.22926 0 3.71797 0 0 -7.30575  -0.0231838 0 0.0456705 0 0 -0.0283678  0.0985375 0 0.236357 0 0 0.110403  0 0 0 0 0 0  
165.405 4.01194 0.021904 -7.36474 0 4 0 0 -7.2095  -7.42729 0 3.72372 0 0 -7.284  -0.0207872 0 0.0401014 0 0 -0.0294691  0.0833327 0 0.236176 0 0 0.103968  0 0 0 0 0 0  
165.876 4.02192 0.0210152 -7.46196 0 4 0 0 -7.2557  -7.51008 0 3.74237 0 0 -7.32289  -0.0212874 0 0.038827 0 0 -0.0265414  0.0694025 0 0.218802 0 0 0.093735  0 0 0 0 0 0  
166.347 4.03188 0.0209775 -7.28158 0 4 0 0 -7.08093  -7.34744 0 3.74257 0 0 -7.15945  -0.0200728 0 0.0381224 0 0 -0.0185053  0.0859326 0 0.219307 0 0 0.0970306  0 0 0 0 0 0  
166.819 4.04195 0.0216069 -7.24694 0 4 0 0 -7.12817  -7.30077 0 3.72881 0 0 -7.19915  -0.02142 0 0.0420634 0 0 -0.0277407  0.0752499 0 0.229128 0 0 0.0987237  0 0 0 0 0 0  
167.29 4.05215 0.0216631 -7.22103 0 4 0 0 -7.25531  -7.28197 0 3.73362 0 0 -7.33276  -0.0198403 0 0.0405205 0 0 -0.0277436  0.080782 0 0.225855 0 0 0.105198  0 0 0 0 0 0  
167.761 4.06254 0.021933 -7.1624 0 4 0 0 -7.31921  -7.23535 0 3.73444 0 0 -7.41606  -0.0143578 0 0.0384671 0 0 -0.0277842  0.0873102 0 0.227089 0 0 0.124633  0 0 0 0 0 0  
168.232 4.07281 0.0221148 -7.21252 0 4 0 0 -7.40058  -7.28804 0 3.74219 0 0 -7.51119  -0.0123999 0 0.0360991 0 0 -0.0173789  0.0879191 0 0.221713 0 0 0.127986  0 0 0 0 0 0  
168.704 4.08295 0.0210619 -7.26985 0 4 0 0 -7.47546  -7.33733 0 3.75231 0 0 -7.58473  -0.014826 0 0.0349381 0 0 -0.015768  0.0823091 0 0.212749 0 0 0.125038  0 0 0 0 0 0  
169.175 4.09296 0.0212881 -7.29891 0 4 0 0 -7.55849  -7.36222 0 3.74897 0 0 -7.66036  -0.0139441 0 0.0377304 0 0 -0.00933652  0.0772605 0 0.213302 0 0 0.111202  0 0 0 0 0 0  
169.646 4.10275 0.0206209 -7.39015 0 4 0 0 -7.63938  -7.43929 0 3.76176 0 0 -7.72252  -0.0204506 0 0.0385903 0 0 -0.0162699  0.0695858 0 0.199653 0 0 0.0994079  0 0 0 0 0 0  
170.117 4.11267 0.021131 -7.41522 0 4 0 0 -7.72088  -7.46312 0 3.756 0 0 -7.80282  -0.0250209 0 0.0388759 0 0 -0.016305  0.0729225 0 0.205126 0 0 0.0982497  0 0 0 0 0 0  
170.588 4.12277 0.0215902 -7.35621 0 4 0 0 -7.70669  -7.40707 0 3.74832 0 0 -7.79217  -0.0289929 0 0.0397418 0 0 -0.0188244  0.0798529 0 0.211934 0 0 0.104308  0 0 0 0 0 0  
171.06 4.13321 0.0224947 -7.325 0 4 0 0 -7.61979  -7.37236 0 3.72859 0 0 -7.70093  -0.0341483 0 0.0429715 0 0 -0.0224742  0.0815141 0 0.22844 0 0 0.103615  0 0 0 0 0 0  
171.531 4.1437 0.0220131 -7.29894 0 4 0 0 -7.6215  -7.34233 0 3.73461 0 0 -7.70366  -0.0347419 0 0.0425629 0 0 -0.0192239  0.0781304 0 0.222827 0 0 0.10138  0 0 0 0 0 0  
172.002 4.1539 0.0214689 -7.38923 0 4 0 0 -7.53439  -7.43257 0 3.75085 0 0 -7.61143  -0.0347047 0 0.0400814 0 0 -0.0198176  0.0780423 0 0.209067 0 0 0.0968657  0 0 0 0 0 0  
172.473 4.16377 0.0207714 -7.42949 0 4 0 0 -7.39509  -7.47774 0 3.7585 0 0 -7.47408  -0.0349932 0 0.038285 0 0 -0.0190455  0.0832454 0 0.203214 0 0 0.0980372  0 0 0 0 0 0  
172.945 4.17386 0.0212308 -7.59923 0 4 0 0 -7.33907  -7.6541 0 3.75731 0 0 -7.42107  -0.0268777 0 0.0348206 0 0 -0.019656  0.0817447 0 0.207873 0 0 0.101658  0 0 0 0 0 0  
173.416 4.18368 0.0203647 -7.67398 0 4 0 0 -7.33942  -7.72879 0 3.77092 0 0 -7.4126  -0.0204807 0 0.03291 0 0 -0.0148888  0.0752942 0 0.196171 0 0 0.0880706  0 0 0 0 0 0  
173.887 4.19329 0.0203194 -7.58015 0 4 0 0 -7.22587  -7.65223 0 3.7696 0 0 -7.31118  -0.0188201 0 0.032068 0 0 -0.0178297  0.0909061 0 0.198334 0 0 0.103143  0 0 0 0 0 0  
174.358 4.20282 0.0205897 -7.56018 0 4 0 0 -7.10991  -7.63627 0 3.7585 0 0 -7.19608  -0.0243659 0 0.0344576 0 0 -0.0238765  0.100449 0 0.207043 0 0 0.110039  0 0 0 0 0 0  
174.83 4.21228 0.0199039 -7.47612 0 4 0 0 -7.12127  -7.5535 0 3.76707 0 0 -7.21863  -0.0194705 0 0.0309089 0 0 -0.0222938  0.096843 0 0.202026 0 0 0.119656  0 0 0 0 0 0  
175.301 4.22153 0.0194982 -7.35525 0 4 0 0 -7.14466  -7.43339 0 3.77489 0 0 -7.24  -0.0222728 0 0.02886 0 0 -0.0235682  0.100412 0 0.196251 0 0 0.118908  0 0 0 0 0 0  
175.772 4.23087 0.0197091 -7.17276 0 4 0 0 -7.17633  -7.24887 0 3.77231 0 0 -7.27541  -0.0243065 0 0.0283229 0 0 -0.0216455  0.100408 0 0.199363 0 0 0.120731  0 0 0 0 0 0  
176.243 4.24018 0.0196567 -7.0749 0 4 0 0 -7.16341  -7.15879 0 3.76998 0 0 -7.26579  -0.02887 0 0.0265048 0 0 -0.0258205  0.112768 0 0.203515 0 0 0.128205  0 0 0 0 0 0  
176.715 4.24941 0.0197223 -7.09438 0 4 0 0 -7.22714  -7.17793 0 3.7727 0 0 -7.31759  -0.022286 0 0.0263384 0 0 -0.0296984  0.105842 0 0.200965 0 0 0.120152  0 0 0 0 0 0  
177.186 4.25851 0.0194212 -7.27093 0 4 0 0 -7.38244  -7.34895 0 3.77375 0 0 -7.45801  -0.0256041 0 0.0272635 0 0 -0.0325425  0.103615 0 0.198985 0 0 0.108115  0 0 0 0 0 0  
177.657 4.26763 0.0191235 -7.43574 0 4 0 0 -7.60578  -7.51602 0 3.77461 0 0 -7.6851  -0.0247539 0 0.0263054 0 0 -0.0259656  0.105041 0 0.199084 0 0 0.105291  0 0 0 0 0 0  
178.128 4.27686 0.0197127 -7.53553 0 4 0 0 -7.8222  -7.60842 0 3.77283 0 0 -7.90416  -0.0230697 0 0.0280399 0 0 -0.0239937  0.0959618 0 0.199127 0 0 0.105955  0 0 0 0 0 0  
178.6 4.2861 0.0196398 -7.57204 0 4 0 0 -7.84106  -7.62792 0 3.77611 0 0 -7.91178  -0.0193757 0 0.0310954 0 0 -0.0272772  0.0752548 0 0.192799 0 0 0.0979971  0 0 0 0 0 0  
179.071 4.29556 0.020063 -7.47836 0 4 0 0 -7.65764  -7.51823 0 3.76967 0 0 -7.72838  -0.022325 0 0.0360705 0 0 -0.0238021  0.0621892 0 0.194262 0 0 0.09454  0 0 0 0 0 0  
179.542 4.30522 0.0207875 -7.46028 0 4 0 0 -7.56865  -7.51395 0 3.75938 0 0 -7.65502  -0.0216056 0 0.0349228 0 0 -0.021732  0.0752796 0 0.205699 0 0 0.108099  0 0 0 0 0 0  
180.013 4.31457 0.0189145 -7.39147 0 4 0 0 -7.55435  -7.45269 0 3.77316 0 0 -7.64524  -0.0116716 0 0.0331732 0 0 -0.0190022  0.0728953 0 0.193671 0 0 0.10989  0 0 0 0 0 0  
180.484 4.32333 0.0181297 -7.3126 0 4 0 0 -7.527  -7.37356 0 3.77707 0 0 -7.62327  -0.0136026 0 0.030515 0 0 -0.0145865  0.0745641 0 0.192415 0 0 0.110858  0 0 0 0 0 0  
180.956 4.33168 0.0177183 -7.32904 0 4 0 0 -7.58587  -7.3827 0 3.78643 0 0 -7.67534  -0.0157802 0 0.0301021 0 0 -0.0128539  0.0694425 0 0.183471 0 0 0.102325  0 0 0 0 0 0  
181.427 4.34004 0.0175058 -7.38901 0 4 0 0 -7.56265  -7.43801 0 3.78907 0 0 -7.64429  -0.0165698 0 0.0303821 0 0 -0.0145265  0.0655728 0 0.180549 0 0 0.096168  0 0 0 0 0 0  
181.898 4.34835 0.0178905 -7.43344 0 4 0 0 -7.64693  -7.4788 0 3.78518 0 0 -7.72422  -0.0162156 0 0.0315064 0 0 -0.0156407  0.0615749 0 0.183311 0 0 0.0929271  0 0 0 0 0 0  
182.369 4.35672 0.0170821 -7.4888 0 4 0 0 -7.73038  -7.529 0 3.79342 0 0 -7.80541  -0.017664 0 0.0289716 0 0 -0.0108575  0.0578629 0 0.177608 0 0 0.0858928  0 0 0 0 0 0  
182.841 4.36468 0.0165956 -7.5434 0 4 0 0 -7.62535  -7.58324 0 3.80347 0 0 -7.69703  -0.015547 0 0.0292046 0 0 -0.0103735  0.0553858 0 0.167327 0 0 0.0820512  0 0 0 0 0 0  
183.312 4.37255 0.0168402 -7.37223 0 4 0 0 -7.50508  -7.42053 0 3.80034 0 0 -7.58201  -0.0115207 0 0.0303986 0 0 -0.00888723  0.0598171 0 0.169261 0 0 0.0858136  0 0 0 0 0 0  
183.783 4.38076 0.0176414 -7.34074 0 4 0 0 -7.44906  -7.38563 0 3.78749 0 0 -7.53364  -0.0161057 0 0.0327444 0 0 -0.0122517  0.0609917 0 0.179766 0 0 0.0968344  0 0 0 0 0 0  
184.254 4.38909 0.017781 -7.34717 0 4 0 0 -7.34163  -7.39669 0 3.78258 0 0 -7.43503  -0.0198297 0 0.0313106 0 0 -0.0118173  0.0693488 0 0.186107 0 0 0.105214  0 0 0 0 0 0  
184.726 4.39764 0.0183672 -7.19924 0 4 0 0 -7.2636  -7.2461 0 3.77741 0 0 -7.36498  -0.0261026 0 0.0315003 0 0 -0.0112143  0.0729627 0 0.191092 0 0 0.112589  0 0 0 0 0 0  
185.197 4.40647 0.0188849 -7.2008 0 4 0 0 -7.16273  -7.24296 0 3.77454 0 0 -7.26086  -0.0265782 0 0.030515 0 0 -0.0100139  0.06874 0 0.194948 0 0 0.108144  0 0 0 0 0 0  
185.668 4.41547 0.0192251 -7.27587 0 4 0 0 -7.17793  -7.32267 0 3.77133 0 0 -7.27461  -0.0286051 0 0.0316505 0 0 -0.0139881  0.0754085 0 0.197021 0 0 0.110667  0 0 0 0 0 0  
186.139 4.42444 0.0185748 -7.48712 0 4 0 0 -7.27132  -7.54018 0 3.78182 0 0 -7.3665  -0.0271199 0 0.0306449 0 0 -0.0156742  0.0801811 0 0.187535 0 0 0.110851  0 0 0 0 0 0  
186.611 4.4331 0.0178817 -7.69593 0 4 0 0 -7.34218  -7.75793 0 3.78644 0 0 -7.43808  -0.026706 0 0.03072 0 0 -0.0159608  0.0887064 0 0.182836 0 0 0.111864  0 0 0 0 0 0  
187.082 4.44157 0.0176088 -7.72332 0 4 0 0 -7.34835  -7.77982 0 3.7915 0 0 -7.43437  -0.0235409 0 0.030097 0 0 -0.0166143  0.0800391 0 0.178402 0 0 0.102634  0 0 0 0 0 0  
187.553 4.4498 0.0171586 -7.70558 0 4 0 0 -7.35276  -7.76093 0 3.79764 0 0 -7.44472  -0.0209865 0 0.0281052 0 0 -0.0099581  0.0763396 0 0.174252 0 0 0.101911  0 0 0 0 0 0  
188.024 4.45792 0.0175337 -7.7108 0 4 0 0 -7.2554  -7.76714 0 3.78849 0 0 -7.34977  -0.025095 0 0.0278604 0 0 -0.0111214  0.0814416 0 0.183654 0 0 0.105497  0 0 0 0 0 0  
188.496 4.46624 0.0178079 -7.72838 0 4 0 0 -7.17768  -7.77825 0 3.78143 0 0 -7.26601  -0.0264726 0 0.0284059 0 0 -0.0109434  0.0763417 0 0.190162 0 0 0.0992663  0 0 0 0 0 0  
188.967 4.47469 0.0182364 -7.62664 0 4 0 0 -7.14086  -7.67645 0 3.78313 0 0 -7.22593  -0.0237822 0 0.0289688 0 0 -0.00687108  0.0735954 0 0.187903 0 0 0.0919464  0 0 0 0 0 0  
189.438 4.48338 0.018433 -7.8102 0 4 0 0 -7.09149  -7.85951 0 3.78399 0 0 -7.1694  -0.0230244 0 0.0283617 0 0 -0.00631219  0.0723347 0 0.187648 0 0 0.0842226  0 0 0 0 0 0  
189.909 4.4921 0.0185819 -7.81467 0 4 0 0 -7.04076  -7.8592 0 3.78897 0 0 -7.10946  -0.0215003 0 0.0275964 0 0 -0.00928488  0.0660328 0 0.183431 0 0 0.0779832  0 0 0 0 0 0  
190.381 4.50112 0.0190024 -7.72351 0 4 0 0 -6.86491  -7.77787 0 3.77333 0 0 -6.95693  -0.0217654 0 0.0291385 0 0 -0.00467774  0.0761249 0 0.197533 0 0 0.0966959  0 0 0 0 0 0  
190.852 4.51042 0.0200711 -7.58949 0 4 0 0 -6.73358  -7.65461 0 3.75535 0 0 -6.83434  -0.0242146 0 0.031612 0 0 -0.00684248  0.0893374 0 0.21304 0 0 0.107606  0 0 0 0 0 0  
191.323 4.52004 0.0209686 -7.64183 0 4 0 0 -6.74033  -7.71683 0 3.74446 0 0 -6.8422  -0.0202926 0 0.032412 0 0 -0.00739972  0.0952898 0 0.223133 0 0 0.109267  0 0 0 0 0 0  
191.794 4.52991 0.020939 -7.74633 0 4 0 0 -6.74431  -7.83738 0 3.74089 0 0 -6.85451  -0.0175023 0 0.0321055 0 0 -0.0134785  0.108549 0 0.227002 0 0 0.123681  0 0 0 0 0 0  
192.265 4.53992 0.0216894 -7.8854 0 4 0 0 -6.76965  -7.98052 0 3.73395 0 0 -6.87114  -0.0178845 0 0.0319868 0 0 -0.0189327  0.113001 0 0.234064 0 0 0.120421  0 0 0 0 0 0  
192.737 4.55007 0.0213471 -7.98498 0 4 0 0 -6.82178  -8.0681 0 3.73182 0 0 -6.91928  -0.0195843 0 0.0326056 0 0 -0.0176895  0.102702 0 0.235572 0 0 0.115184  0 0 0 0 0 0  
193.208 4.56021 0.0212012 -8.08473 0 4 0 0 -6.66382  -8.16385 0 3.74801 0 0 -6.77181  -0.0180393 0 0.0323751 0 0 -0.0188145  0.0971627 0 0.21961 0 0 0.126805  0 0 0 0 0 0  
193.679 4.57007 0.0214077 -7.98569 0 4 0 0 -6.49885  -8.07084 0 3.74066 0 0 -6.60862  -0.0242476 0 0.0321407 0 0 -0.0192393  0.109404 0 0.227199 0 0 0.129016  0 0 0 0 0 0  
194.15 4.58021 0.0210869 -7.94134 0 4 0 0 -6.39282  -8.03453 0 3.73354 0 0 -6.50887  -0.0277449 0 0.0280767 0 0 -0.0223257  0.120935 0 0.238384 0 0 0.138383  0 0 0 0 0 0  
194.622 4.59022 0.0216712 -7.97913 0 4 0 0 -6.37967  -8.06716 0 3.72076 0 0 -6.5059  -0.0347534 0 0.0274557 0 0 -0.0260256  0.122776 0 0.25178 0 0 0.152255  0 0 0 0 0 0  
195.093 4.60081 0.0232046 -8.09312 0 4 0 0 -6.47672  -8.17808 0 3.70329 0 0 -6.60004  -0.0324931 0 0.0288512 0 0 -0.0260605  0.117452 0 0.267855 0 0 0.149385  0 0 0 0 0 0  
195.564 4.61178 0.0236391 -8.08952 0 4 0 0 -6.60268  -8.17235 0 3.69936 0 0 -6.73055  -0.0342471 0 0.0294533 0 0 -0.0358744  0.117074 0 0.271185 0 0 0.163744  0 0 0 0 0 0  
196.035 4.62309 0.0236681 -8.12821 0 4 0 0 -6.74284  -8.21464 0 3.70388 0 0 -6.86667  -0.0328108 0 0.0308465 0 0 -0.0362089  0.119236 0 0.26527 0 0 0.160035  0 0 0 0 0 0  
196.507 4.63406 0.0231079 -8.01399 0 4 0 0 -6.92335  -8.08962 0 3.70317 0 0 -7.03859  -0.0303527 0 0.0316711 0 0 -0.0401733  0.105981 0 0.265161 0 0 0.15542  0 0 0 0 0 0  
196.978 4.64482 0.0222224 -7.97317 0 4 0 0 -7.10589  -8.04594 0 3.72949 0 0 -7.20864  -0.0211502 0 0.0312286 0 0 -0.0267648  0.0939191 0 0.239283 0 0 0.129517  0 0 0 0 0 0  
197.449 4.65518 0.0216592 -7.89628 0 4 0 0 -7.30244  -7.96075 0 3.73875 0 0 -7.39652  -0.0162367 0 0.0317878 0 0 -0.0224002  0.0807131 0 0.22946 0 0 0.116489  0 0 0 0 0 0  
197.92 4.66557 0.0217835 -7.82309 0 4 0 0 -7.2697  -7.89096 0 3.73273 0 0 -7.37531  -0.0144228 0 0.0311528 0 0 -0.0230928  0.0822924 0 0.236113 0 0 0.128699  0 0 0 0 0 0  
198.392 4.67592 0.0229216 -7.86824 0 4 0 0 -7.40139  -7.93279 0 3.72654 0 0 -7.49235  -0.0142031 0 0.032473 0 0 -0.0212145  0.0787533 0 0.240982 0 0 0.112168  0 0 0 0 0 0  
198.863 4.68663 0.0223138 -7.885 0 4 0 0 -7.46119  -7.95191 0 3.73905 0 0 -7.55216  -0.0196236 0 0.0324057 0 0 -0.0235406  0.0865398 0 0.228543 0 0 0.114514  0 0 0 0 0 0  
199.334 4.69732 0.0235246 -7.85433 0 4 0 0 -7.63452  -7.91679 0 3.72371 0 0 -7.72123  -0.0235578 0 0.0329697 0 0 -0.0269704  0.0860123 0 0.243325 0 0 0.113681  0 0 0 0 0 0  
199.805 4.70806 0.0222328 -7.85225 0 4 0 0 -7.68106  -7.91819 0 3.73794 0 0 -7.76149  -0.0239279 0 0.0312217 0 0 -0.0207662  0.0898682 0 0.23084 0 0 0.101202  0 0 0 0 0 0  
200.277 4.71826 0.0216419 -7.80229 0 4 0 0 -7.63844  -7.87255 0 3.7508 0 0 -7.72708  -0.0191202 0 0.0295743 0 0 -0.0173016  0.0893876 0 0.219626 0 0 0.105945  0 0 0 0 0 0  
200.748 4.72839 0.0210341 -7.63398 0 4 0 0 -7.46037  -7.7012 0 3.74889 0 0 -7.54958  -0.0174193 0 0.0310067 0 0 -0.0203344  0.084635 0 0.220104 0 0 0.109539  0 0 0 0 0 0  
201.219 4.73848 0.0215615 -7.49612 0 4 0 0 -7.21494  -7.5598 0 3.73281 0 0 -7.31812  -0.0228279 0 0.0309646 0 0 -0.0269643  0.0865125 0 0.236221 0 0 0.130142  0 0 0 0 0 0  
201.69 4.74895 0.0231886 -7.39441 0 4 0 0 -7.0407  -7.46591 0 3.70128 0 0 -7.1604  -0.0320682 0 0.0335945 0 0 -0.0275976  0.103567 0 0.265121 0 0 0.147296  0 0 0 0 0 0  
202.161 4.75998 0.0236888 -7.35239 0 4 0 0 -6.88643  -7.40619 0 3.69807 0 0 -6.99837  -0.0354462 0 0.0377896 0 0 -0.0204671  0.0892512 0 0.264143 0 0 0.132409  0 0 0 0 0 0  
202.633 4.77162 0.025116 -7.3063 0 4 0 0 -6.68883  -7.36275 0 3.68027 0 0 -6.81056  -0.0335151 0 0.0399284 0 0 -0.025164  0.0899645 0 0.279805 0 0 0.146891  0 0 0 0 0 0  
203.104 4.78346 0.0257143 -7.39016 0 4 0 0 -6.72458  -7.45157 0 3.65976 0 0 -6.84237  -0.0248633 0 0.0447804 0 0 -0.0227684  0.0862703 0 0.295461 0 0 0.140553  0 0 0 0 0 0  
203.575 4.7954 0.0243409 -7.49799 0 4 0 0 -6.72091  -7.56296 0 3.67243 0 0 -6.84046  -0.0259286 0 0.0441572 0 0 -0.00770384  0.0908941 0 0.283415 0 0 0.12725  0 0 0 0 0 0  
204.046 4.80686 0.0245724 -7.61535 0 4 0 0 -6.60073  -7.67505 0 3.671 0 0 -6.71885  -0.0269675 0 0.0452127 0 0 -0.0101305  0.0866719 0 0.283783 0 0 0.128258  0 0 0 0 0 0  
204.518 4.81858 0.0245244 -7.61285 0 4 0 0 -6.75825  -7.6769 0 3.67928 0 0 -6.87397  -0.0287953 0 0.045054 0 0 -0.0127063  0.0928497 0 0.275663 0 0 0.128429  0 0 0 0 0 0  
204.989 4.82994 0.0241733 -7.61475 0 4 0 0 -6.86435  -7.67316 0 3.68839 0 0 -6.97407  -0.0304518 0 0.0432773 0 0 -0.0174728  0.0888648 0 0.268336 0 0 0.127193  0 0 0 0 0 0  
205.46 4.84129 0.0236639 -7.54988 0 4 0 0 -7.06648  -7.60417 0 3.70484 0 0 -7.17945  -0.0371669 0 0.0399643 0 0 -0.0172354  0.0914561 0 0.255191 0 0 0.130213  0 0 0 0 0 0  
205.931 4.8523 0.0233792 -7.52303 0 4 0 0 -7.13206  -7.57677 0 3.70675 0 0 -7.23467  -0.0382435 0 0.0388745 0 0 -0.0228151  0.0919877 0 0.254378 0 0 0.125433  0 0 0 0 0 0  
206.403 4.86347 0.0238579 -7.44982 0 4 0 0 -7.14261  -7.50355 0 3.70797 0 0 -7.23742  -0.0410456 0 0.0384524 0 0 -0.0263896  0.0947805 0 0.253577 0 0 0.121203  0 0 0 0 0 0  
206.874 4.87456 0.0227784 -7.37237 0 4 0 0 -7.11838  -7.42308 0 3.72204 0 0 -7.21461  -0.0360505 0 0.0357951 0 0 -0.0237344  0.0867538 0 0.242169 0 0 0.119959  0 0 0 0 0 0  
207.345 4.88556 0.0238701 -7.38991 0 4 0 0 -7.03802  -7.43778 0 3.709 0 0 -7.13245  -0.037117 0 0.0427253 0 0 -0.023  0.0849921 0 0.248276 0 0 0.117429  0 0 0 0 0 0  
207.816 4.89677 0.0240225 -7.2751 0 4 0 0 -6.83844  -7.34488 0 3.70122 0 0 -6.95508  -0.0436265 0 0.040168 0 0 -0.0254996  0.113408 0 0.25861 0 0 0.14214  0 0 0 0 0 0  
208.288 4.90793 0.0234739 -7.20497 0 4 0 0 -6.79397  -7.28063 0 3.69378 0 0 -6.91941  -0.0481217 0 0.0407258 0 0 -0.0280638  0.123782 0 0.265498 0 0 0.153503  0 0 0 0 0 0  
208.759 4.91906 0.0232463 -7.15088 0 4 0 0 -6.9786  -7.22773 0 3.71248 0 0 -7.10913  -0.0419175 0 0.0391315 0 0 -0.0247479  0.118766 0 0.248393 0 0 0.155277  0 0 0 0 0 0  
209.23 4.92997 0.0235802 -7.10986 0 4 0 0 -7.20095  -7.1933 0 3.70886 0 0 -7.31897  -0.0329555 0 0.0395503 0 0 -0.028931  0.116391 0 0.251589 0 0 0.146948  0 0 0 0 0 0  
209.701 4.94068 0.0224267 -7.18633 0 4 0 0 -7.34554  -7.26654 0 3.72928 0 0 -7.44575  -0.0297508 0 0.0369375 0 0 -0.0268121  0.109958 0 0.23378 0 0 0.127016  0 0 0 0 0 0  
210.173 4.9513 0.022115 -7.25871 0 4 0 0 -7.39806  -7.32171 0 3.74376 0 0 -7.48251  -0.0329066 0 0.0373864 0 0 -0.0262381  0.0959065 0 0.218851 0 0 0.110694  0 0 0 0 0 0  
210.644 4.96155 0.02137 -7.28193 0 4 0 0 -7.52808  -7.34278 0 3.74895 0 0 -7.61037  -0.0359872 0 0.0366135 0 0 -0.0275544  0.0968375 0 0.214435 0 0 0.10985  0 0 0 0 0 0  
211.115 4.97148 0.020908 -7.3317 0 4 0 0 -7.60699  -7.38739 0 3.75643 0 0 -7.67413  -0.0333855 0 0.0353248 0 0 -0.0295355  0.0890735 0 0.208247 0 0 0.0966689  0 0 0 0 0 0  
211.586 4.98112 0.0199572 -7.35834 0 4 0 0 -7.70566  -7.41258 0 3.77069 0 0 -7.76473  -0.0293823 0 0.0365013 0 0 -0.0266891  0.0836225 0 0.192808 0 0 0.0857651  0 0 0 0 0 0  
212.058 4.99042 0.0191844 -7.3747 0 4 0 0 -7.78019  -7.4314 0 3.78076 0 0 -7.84076  -0.0233589 0 0.0332119 0 0 -0.021294  0.0800576 0 0.186032 0 0 0.0818706  0 0 0 0 0 0  
212.529 4.99929 0.0184668 -7.36756 0 4 0 0 -7.93309  -7.43036 0 3.78892 0 0 -8.00337  -0.0212175 0 0.0312226 0 0 -0.0179345  0.0840141 0 0.179858 0 0 0.0882205  0 0 0 0 0 0  
213 5.00797 0.0181393 -7.42571 0 4 0 0 -8.15105  -7.49499 0 3.79519 0 0 -8.21952  -0.0171185 0 0.0279669 0 0 -0.0200294  0.0863999 0 0.17684 0 0 0.0885024  0 0 0 0 0 0  
