# LF_DEM version v3.0-126-gb72fb1a
# np 1000
# VF 0.76
# Lx 73.993
# Ly 0
# Lz 73.993
# flow_type shear
# data in cl units.
#1: time
#2: cumulated strain
#3: shear rate
#4-9: total stress tensor (xx, xy, xz, yz, yy, zz)
#10-15: contact stress tensor (xx, xy, xz, yz, yy, zz)
#16-21: dashpot stress tensor (xx, xy, xz, yz, yy, zz)
#22-27: hydro stress tensor (xx, xy, xz, yz, yy, zz)
#28-33: repulsion stress tensor (xx, xy, xz, yz, yy, zz)

0.0188496 0.00041265 0.0218918 -1.09227 0 1 0 0 -1.01873  -1.24199 0 0.674726 0 0 -1.21386  -0.0789345 0 0.0197333 0 0 -0.0760833  0.228657 0 0.305541 0 0 0.27121  0 0 0 0 0 0  
1.88496 0.0400307 0.0206741 -1.16624 0 1 0 0 -1.09081  -1.3063 0 0.693047 0 0 -1.26881  -0.0667258 0 0.0183316 0 0 -0.0672694  0.206786 0 0.288621 0 0 0.245272  0 0 0 0 0 0  
3.76991 0.0780609 0.0199484 -1.2478 0 1 0 0 -1.1945  -1.35365 0 0.724296 0 0 -1.33004  -0.0504296 0 0.0238321 0 0 -0.0542512  0.156284 0 0.251872 0 0 0.189796  0 0 0 0 0 0  
5.65487 0.114631 0.0190401 -1.26531 0 1 0 0 -1.25532  -1.3695 0 0.743341 0 0 -1.37176  -0.0458042 0 0.0250857 0 0 -0.0462223  0.149996 0 0.231573 0 0 0.162666  0 0 0 0 0 0  
7.53982 0.15025 0.0190771 -1.27016 0 1 0 0 -1.30956  -1.3769 0 0.735386 0 0 -1.43267  -0.0462248 0 0.0233643 0 0 -0.044929  0.152974 0 0.24125 0 0 0.16804  0 0 0 0 0 0  
9.42478 0.186629 0.0192756 -1.22612 0 1 0 0 -1.29633  -1.34144 0 0.732432 0 0 -1.42825  -0.042544 0 0.0218873 0 0 -0.0465993  0.15787 0 0.245681 0 0 0.178521  0 0 0 0 0 0  
11.3097 0.222251 0.0182994 -1.23537 0 1 0 0 -1.32753  -1.33608 0 0.740281 0 0 -1.4545  -0.0422684 0 0.0245985 0 0 -0.0412043  0.142979 0 0.23512 0 0 0.168177  0 0 0 0 0 0  
13.1947 0.256244 0.0177427 -1.25204 0 1 0 0 -1.3431  -1.35212 0 0.751093 0 0 -1.46917  -0.0407158 0 0.0195633 0 0 -0.0425966  0.140797 0 0.229344 0 0 0.168671  0 0 0 0 0 0  
15.0796 0.28984 0.0171441 -1.26365 0 1 0 0 -1.3195  -1.358 0 0.760477 0 0 -1.4464  -0.0400908 0 0.0182243 0 0 -0.0378804  0.134444 0 0.221299 0 0 0.164781  0 0 0 0 0 0  
16.9646 0.321702 0.0165014 -1.25973 0 1 0 0 -1.30147  -1.35565 0 0.770189 0 0 -1.42584  -0.0444023 0 0.0172733 0 0 -0.035244  0.14032 0 0.212537 0 0 0.159613  0 0 0 0 0 0  
18.8496 0.353018 0.0167753 -1.33223 0 1 0 0 -1.36267  -1.42045 0 0.768251 0 0 -1.47921  -0.0455539 0 0.0194245 0 0 -0.0384644  0.133776 0 0.212325 0 0 0.155006  0 0 0 0 0 0  
20.7345 0.384754 0.0170624 -1.37372 0 1 0 0 -1.40226  -1.45472 0 0.775366 0 0 -1.50371  -0.0422165 0 0.0227053 0 0 -0.0325976  0.123214 0 0.201929 0 0 0.134046  0 0 0 0 0 0  
22.6195 0.416992 0.017212 -1.36283 0 1 0 0 -1.39479  -1.43775 0 0.766917 0 0 -1.50089  -0.0414518 0 0.0219756 0 0 -0.0297327  0.116366 0 0.211107 0 0 0.135837  0 0 0 0 0 0  
24.5044 0.449784 0.0176367 -1.35903 0 1 0 0 -1.38512  -1.44807 0 0.754446 0 0 -1.49473  -0.0470795 0 0.0218206 0 0 -0.0343329  0.13612 0 0.223733 0 0 0.143939  0 0 0 0 0 0  
26.3894 0.483634 0.0183808 -1.39605 0 1 0 0 -1.38779  -1.48241 0 0.75483 0 0 -1.49606  -0.047322 0 0.0259511 0 0 -0.0357993  0.133677 0 0.219218 0 0 0.144068  0 0 0 0 0 0  
28.2743 0.519172 0.0192966 -1.36953 0 1 0 0 -1.30004  -1.46456 0 0.737969 0 0 -1.43307  -0.0516738 0 0.025279 0 0 -0.0415596  0.146704 0 0.236752 0 0 0.17459  0 0 0 0 0 0  
30.1593 0.555738 0.0190904 -1.36484 0 1 0 0 -1.23635  -1.46473 0 0.731855 0 0 -1.40041  -0.0486177 0 0.0236209 0 0 -0.0475544  0.148504 0 0.244524 0 0 0.211621  0 0 0 0 0 0  
32.0442 0.591403 0.0187076 -1.40483 0 1 0 0 -1.27579  -1.50155 0 0.730434 0 0 -1.43763  -0.0491307 0 0.0224897 0 0 -0.0481468  0.145851 0 0.247077 0 0 0.209985  0 0 0 0 0 0  
33.9292 0.626993 0.018945 -1.41262 0 1 0 0 -1.29918  -1.50191 0 0.73583 0 0 -1.43742  -0.0390193 0 0.0235023 0 0 -0.0455177  0.128308 0 0.240667 0 0 0.18376  0 0 0 0 0 0  
35.8142 0.664091 0.0201485 -1.3973 0 1 0 0 -1.24694  -1.49139 0 0.728912 0 0 -1.39586  -0.0403758 0 0.0245103 0 0 -0.0458441  0.13447 0 0.246577 0 0 0.194761  0 0 0 0 0 0  
37.6991 0.701344 0.0193784 -1.35695 0 1 0 0 -1.18573  -1.44785 0 0.728313 0 0 -1.34336  -0.0407316 0 0.0241714 0 0 -0.0496107  0.131637 0 0.247516 0 0 0.207239  0 0 0 0 0 0  
39.5841 0.737363 0.0191135 -1.35876 0 1 0 0 -1.16518  -1.44417 0 0.728789 0 0 -1.33482  -0.0424272 0 0.0219718 0 0 -0.051238  0.12783 0 0.24924 0 0 0.220884  0 0 0 0 0 0  
41.469 0.774187 0.0200009 -1.283 0 1 0 0 -1.14239  -1.38229 0 0.720413 0 0 -1.31673  -0.0464233 0 0.0233474 0 0 -0.0533419  0.145722 0 0.256239 0 0 0.227682  0 0 0 0 0 0  
43.354 0.812586 0.0206101 -1.16145 0 1 0 0 -1.10902  -1.28704 0 0.693296 0 0 -1.29487  -0.0547921 0 0.0233639 0 0 -0.0619565  0.180382 0 0.283341 0 0 0.247811  0 0 0 0 0 0  
45.2389 0.852062 0.0208243 -1.1447 0 1 0 0 -1.1233  -1.25731 0 0.690478 0 0 -1.29132  -0.0580305 0 0.0253544 0 0 -0.0656306  0.170637 0 0.284167 0 0 0.233649  0 0 0 0 0 0  
47.1239 0.89077 0.0203435 -1.16737 0 1 0 0 -1.14632  -1.28541 0 0.702442 0 0 -1.33497  -0.055406 0 0.0162174 0 0 -0.0633577  0.173445 0 0.281341 0 0 0.25201  0 0 0 0 0 0  
49.0088 0.928575 0.0199571 -1.22151 0 1 0 0 -1.22603  -1.33054 0 0.716404 0 0 -1.40419  -0.0593584 0 0.0141189 0 0 -0.0607513  0.168385 0 0.269477 0 0 0.238911  0 0 0 0 0 0  
50.8938 0.966579 0.0203148 -1.31025 0 1 0 0 -1.34112  -1.39971 0 0.733606 0 0 -1.48267  -0.0468307 0 0.0189796 0 0 -0.0481785  0.13629 0 0.247415 0 0 0.189726  0 0 0 0 0 0  
52.7788 1.00553 0.021061 -1.33807 0 1 0 0 -1.33275  -1.42814 0 0.731436 0 0 -1.48472  -0.0457404 0 0.0199308 0 0 -0.0482041  0.135818 0 0.248633 0 0 0.200176  0 0 0 0 0 0  
54.6637 1.04606 0.0216711 -1.29294 0 1 0 0 -1.26405  -1.39572 0 0.713782 0 0 -1.43435  -0.0507803 0 0.0230487 0 0 -0.0509833  0.153569 0 0.263169 0 0 0.221279  0 0 0 0 0 0  
56.5487 1.08769 0.0221803 -1.21452 0 1 0 0 -1.20485  -1.32998 0 0.690777 0 0 -1.38177  -0.060471 0 0.0232912 0 0 -0.0596137  0.175937 0 0.285932 0 0 0.236537  0 0 0 0 0 0  
58.4336 1.12946 0.0222403 -1.13966 0 1 0 0 -1.14702  -1.27714 0 0.665949 0 0 -1.34058  -0.0579116 0 0.0221824 0 0 -0.0577411  0.195394 0 0.311868 0 0 0.251308  0 0 0 0 0 0  
60.3186 1.1704 0.021563 -1.08782 0 1 0 0 -1.11105  -1.24147 0 0.668212 0 0 -1.29568  -0.0611672 0 0.0225997 0 0 -0.060214  0.214818 0 0.309188 0 0 0.24484  0 0 0 0 0 0  
62.2035 1.21124 0.0216149 -1.14868 0 1 0 0 -1.13853  -1.28174 0 0.69013 0 0 -1.30934  -0.0556511 0 0.0227129 0 0 -0.050493  0.188706 0 0.287157 0 0 0.221302  0 0 0 0 0 0  
64.0885 1.25135 0.0208647 -1.22287 0 1 0 0 -1.19259  -1.32491 0 0.697875 0 0 -1.34709  -0.0536288 0 0.0274346 0 0 -0.0573776  0.155668 0 0.27469 0 0 0.21187  0 0 0 0 0 0  
65.9734 1.29076 0.0211816 -1.24675 0 1 0 0 -1.2509  -1.35554 0 0.707814 0 0 -1.39052  -0.0506367 0 0.0259317 0 0 -0.0557496  0.159422 0 0.266254 0 0 0.195363  0 0 0 0 0 0  
67.8584 1.33036 0.0209165 -1.2424 0 1 0 0 -1.26264  -1.35858 0 0.708099 0 0 -1.40835  -0.0524714 0 0.0212507 0 0 -0.054746  0.16866 0 0.27065 0 0 0.20046  0 0 0 0 0 0  
69.7434 1.368 0.019055 -1.3094 0 1 0 0 -1.32463  -1.41789 0 0.744063 0 0 -1.46473  -0.0446152 0 0.0171488 0 0 -0.0477959  0.153108 0 0.238788 0 0 0.187898  0 0 0 0 0 0  
71.6283 1.40182 0.0173387 -1.41906 0 1 0 0 -1.45286  -1.49958 0 0.771536 0 0 -1.57  -0.0355166 0 0.0197585 0 0 -0.0387154  0.116031 0 0.208705 0 0 0.15586  0 0 0 0 0 0  
73.5133 1.4337 0.0168126 -1.51104 0 1 0 0 -1.55235  -1.57751 0 0.786034 0 0 -1.66299  -0.0283707 0 0.0247545 0 0 -0.0314204  0.0948429 0 0.189212 0 0 0.142055  0 0 0 0 0 0  
75.3982 1.46639 0.0176402 -1.52325 0 1 0 0 -1.56429  -1.59373 0 0.773341 0 0 -1.6784  -0.0285532 0 0.0226321 0 0 -0.0225171  0.0990298 0 0.204027 0 0 0.136629  0 0 0 0 0 0  
77.2832 1.50058 0.0183259 -1.47273 0 1 0 0 -1.48365  -1.57122 0 0.747849 0 0 -1.62046  -0.0364858 0 0.0234733 0 0 -0.0238192  0.134975 0 0.228677 0 0 0.160629  0 0 0 0 0 0  
79.1681 1.53568 0.0188036 -1.40321 0 1 0 0 -1.37169  -1.51607 0 0.732705 0 0 -1.534  -0.0400696 0 0.0246332 0 0 -0.0322484  0.152923 0 0.242662 0 0 0.19456  0 0 0 0 0 0  
81.0531 1.57185 0.0197059 -1.33682 0 1 0 0 -1.25777  -1.4538 0 0.726136 0 0 -1.45032  -0.0349842 0 0.0201874 0 0 -0.0399144  0.151974 0 0.253677 0 0 0.232472  0 0 0 0 0 0  
82.938 1.61065 0.0211681 -1.25366 0 1 0 0 -1.17641  -1.37175 0 0.698303 0 0 -1.3808  -0.0423893 0 0.0198944 0 0 -0.0529849  0.160483 0 0.281802 0 0 0.257378  0 0 0 0 0 0  
84.823 1.65084 0.0213725 -1.17194 0 1 0 0 -1.06451  -1.30479 0 0.679694 0 0 -1.2654  -0.054318 0 0.0171751 0 0 -0.0527172  0.187167 0 0.303131 0 0 0.253611  0 0 0 0 0 0  
86.708 1.69052 0.020966 -1.19763 0 1 0 0 -1.07967  -1.31745 0 0.676419 0 0 -1.25847  -0.0633282 0 0.0170359 0 0 -0.0653702  0.183144 0 0.306545 0 0 0.244164  0 0 0 0 0 0  
88.5929 1.72948 0.0206521 -1.2319 0 1 0 0 -1.12203  -1.33994 0 0.699305 0 0 -1.28701  -0.0583849 0 0.0186454 0 0 -0.0527995  0.166423 0 0.28205 0 0 0.21778  0 0 0 0 0 0  
90.4779 1.76778 0.0201645 -1.25803 0 1 0 0 -1.16321  -1.36456 0 0.697078 0 0 -1.32354  -0.0577914 0 0.0198666 0 0 -0.048734  0.164324 0 0.283055 0 0 0.209068  0 0 0 0 0 0  
92.3628 1.80613 0.0203579 -1.29423 0 1 0 0 -1.17083  -1.39614 0 0.701777 0 0 -1.33268  -0.0520964 0 0.0243103 0 0 -0.053808  0.15401 0 0.273912 0 0 0.215662  0 0 0 0 0 0  
94.2478 1.84449 0.020182 -1.33392 0 1 0 0 -1.21746  -1.42134 0 0.711008 0 0 -1.35082  -0.0484028 0 0.030201 0 0 -0.0499829  0.135825 0 0.258791 0 0 0.183342  0 0 0 0 0 0  
96.1327 1.883 0.0203915 -1.35326 0 1 0 0 -1.22067  -1.42977 0 0.721948 0 0 -1.3657  -0.0440594 0 0.0290141 0 0 -0.0449215  0.120572 0 0.249038 0 0 0.189945  0 0 0 0 0 0  
98.0177 1.9204 0.0193057 -1.37948 0 1 0 0 -1.21342  -1.45029 0 0.730942 0 0 -1.35896  -0.0443168 0 0.0278261 0 0 -0.0439837  0.115133 0 0.241232 0 0 0.189521  0 0 0 0 0 0  
99.9026 1.95479 0.0173091 -1.4667 0 1 0 0 -1.19698  -1.5355 0 0.752357 0 0 -1.34133  -0.0472584 0 0.0226725 0 0 -0.038064  0.116058 0 0.22497 0 0 0.182408  0 0 0 0 0 0  
101.788 1.98716 0.017049 -1.48214 0 1 0 0 -1.18143  -1.56231 0 0.766644 0 0 -1.33666  -0.0429621 0 0.0187481 0 0 -0.0335216  0.123133 0 0.214608 0 0 0.188745  0 0 0 0 0 0  
103.673 2.02035 0.0183434 -1.45611 0 1 0 0 -1.19823  -1.55088 0 0.754876 0 0 -1.35554  -0.0442052 0 0.0169869 0 0 -0.0365387  0.138969 0 0.228137 0 0 0.193843  0 0 0 0 0 0  
105.558 2.05662 0.0199257 -1.4341 0 1 0 0 -1.19932  -1.52009 0 0.744111 0 0 -1.3424  -0.0452426 0 0.0217554 0 0 -0.0370374  0.131238 0 0.234134 0 0 0.180113  0 0 0 0 0 0  
107.442 2.09435 0.0201389 -1.41677 0 1 0 0 -1.17412  -1.5011 0 0.730184 0 0 -1.31696  -0.0449585 0 0.0258142 0 0 -0.0396645  0.129291 0 0.244002 0 0 0.182498  0 0 0 0 0 0  
109.327 2.13225 0.0196653 -1.36523 0 1 0 0 -1.16004  -1.46229 0 0.720413 0 0 -1.2951  -0.0419809 0 0.025229 0 0 -0.0521485  0.13904 0 0.254358 0 0 0.187203  0 0 0 0 0 0  
111.212 2.16849 0.0187812 -1.32725 0 1 0 0 -1.20576  -1.41353 0 0.736935 0 0 -1.33785  -0.037639 0 0.0274355 0 0 -0.0412327  0.123918 0 0.235629 0 0 0.173324  0 0 0 0 0 0  
113.097 2.20284 0.0177534 -1.38358 0 1 0 0 -1.27151  -1.44986 0 0.745818 0 0 -1.38833  -0.0452287 0 0.0232899 0 0 -0.0500364  0.111513 0 0.230892 0 0 0.166856  0 0 0 0 0 0  
114.982 2.23665 0.0182361 -1.45748 0 1 0 0 -1.33377  -1.51806 0 0.758355 0 0 -1.43248  -0.0399733 0 0.0246314 0 0 -0.0423916  0.100552 0 0.217014 0 0 0.141109  0 0 0 0 0 0  
116.867 2.27152 0.0190413 -1.51235 0 1 0 0 -1.33556  -1.57529 0 0.754315 0 0 -1.44358  -0.0347293 0 0.0281921 0 0 -0.0403309  0.0976719 0 0.217493 0 0 0.148351  0 0 0 0 0 0  
118.752 2.30753 0.0192175 -1.51831 0 1 0 0 -1.30574  -1.57854 0 0.748263 0 0 -1.42648  -0.0407241 0 0.027543 0 0 -0.0412105  0.100952 0 0.224194 0 0 0.161945  0 0 0 0 0 0  
120.637 2.34375 0.0191024 -1.56451 0 1 0 0 -1.34362  -1.6173 0 0.747502 0 0 -1.46311  -0.0391709 0 0.026175 0 0 -0.0469782  0.0919569 0 0.226323 0 0 0.166473  0 0 0 0 0 0  
122.522 2.38014 0.0192793 -1.63599 0 1 0 0 -1.35607  -1.68693 0 0.746085 0 0 -1.46844  -0.0452477 0 0.0254452 0 0 -0.0533569  0.0961862 0 0.22847 0 0 0.165724  0 0 0 0 0 0  
124.407 2.41624 0.0189538 -1.68414 0 1 0 0 -1.34459  -1.74613 0 0.754507 0 0 -1.46598  -0.0454634 0 0.0242014 0 0 -0.046927  0.107454 0 0.221291 0 0 0.168317  0 0 0 0 0 0  
126.292 2.45209 0.01954 -1.64297 0 1 0 0 -1.33287  -1.72817 0 0.750621 0 0 -1.46502  -0.0404936 0 0.0234738 0 0 -0.0439498  0.125693 0 0.225905 0 0 0.1761  0 0 0 0 0 0  
128.177 2.4885 0.0192785 -1.59985 0 1 0 0 -1.30999  -1.67428 0 0.747142 0 0 -1.42521  -0.0335029 0 0.029607 0 0 -0.0386745  0.107931 0 0.223251 0 0 0.153892  0 0 0 0 0 0  
130.062 2.52509 0.0192669 -1.48434 0 1 0 0 -1.25321  -1.57747 0 0.724897 0 0 -1.37945  -0.0365492 0 0.0283015 0 0 -0.0431941  0.129685 0 0.246801 0 0 0.169436  0 0 0 0 0 0  
131.947 2.56144 0.0191636 -1.40706 0 1 0 0 -1.29741  -1.53786 0 0.736737 0 0 -1.42913  -0.0390889 0 0.0224472 0 0 -0.0469202  0.169895 0 0.240815 0 0 0.178642  0 0 0 0 0 0  
133.832 2.59697 0.0191363 -1.3847 0 1 0 0 -1.36041  -1.50834 0 0.753401 0 0 -1.47842  -0.0307008 0 0.023254 0 0 -0.0417696  0.154346 0 0.223345 0 0 0.159781  0 0 0 0 0 0  
135.717 2.63267 0.0189251 -1.41847 0 1 0 0 -1.41605  -1.51938 0 0.754337 0 0 -1.52852  -0.0306538 0 0.0244762 0 0 -0.0457959  0.131559 0 0.221187 0 0 0.158267  0 0 0 0 0 0  
137.602 2.66855 0.0194785 -1.46895 0 1 0 0 -1.4978  -1.55949 0 0.763095 0 0 -1.61413  -0.0296918 0 0.0261177 0 0 -0.0407021  0.120231 0 0.210787 0 0 0.157037  0 0 0 0 0 0  
139.487 2.70587 0.0202001 -1.44666 0 1 0 0 -1.45247  -1.53312 0 0.753827 0 0 -1.57612  -0.0288756 0 0.0261879 0 0 -0.0336805  0.11534 0 0.219985 0 0 0.157338  0 0 0 0 0 0  
141.372 2.74383 0.0202906 -1.37291 0 1 0 0 -1.3248  -1.47736 0 0.734079 0 0 -1.4779  -0.0364005 0 0.0241626 0 0 -0.0374207  0.14085 0 0.241758 0 0 0.190519  0 0 0 0 0 0  
143.257 2.782 0.0202307 -1.34961 0 1 0 0 -1.27  -1.45803 0 0.733842 0 0 -1.40507  -0.0354268 0 0.0267885 0 0 -0.0408091  0.143849 0 0.23937 0 0 0.175886  0 0 0 0 0 0  
145.142 2.81984 0.0199045 -1.35191 0 1 0 0 -1.25144  -1.46225 0 0.734527 0 0 -1.39192  -0.0306212 0 0.0253987 0 0 -0.0440024  0.140967 0 0.240075 0 0 0.184484  0 0 0 0 0 0  
147.027 2.85763 0.0200133 -1.29182 0 1 0 0 -1.23471  -1.41796 0 0.724814 0 0 -1.38273  -0.0379484 0 0.0229096 0 0 -0.0426998  0.164094 0 0.252277 0 0 0.190717  0 0 0 0 0 0  
148.911 2.89655 0.0211833 -1.22688 0 1 0 0 -1.19482  -1.36646 0 0.706067 0 0 -1.36695  -0.0359603 0 0.0212651 0 0 -0.0427263  0.175536 0 0.272668 0 0 0.214858  0 0 0 0 0 0  
150.796 2.93747 0.0221678 -1.17869 0 1 0 0 -1.19123  -1.30551 0 0.689856 0 0 -1.37014  -0.0444378 0 0.0232469 0 0 -0.0425299  0.171261 0 0.286898 0 0 0.221441  0 0 0 0 0 0  
152.681 2.97833 0.0214352 -1.19606 0 1 0 0 -1.24484  -1.3218 0 0.686166 0 0 -1.44184  -0.0559179 0 0.0207871 0 0 -0.0524005  0.181655 0 0.293047 0 0 0.2494  0 0 0 0 0 0  
154.566 3.01869 0.0213517 -1.24378 0 1 0 0 -1.32947  -1.34795 0 0.696892 0 0 -1.50013  -0.0520312 0 0.0246492 0 0 -0.0506821  0.156202 0 0.278459 0 0 0.221343  0 0 0 0 0 0  
156.451 3.05886 0.0215705 -1.26888 0 1 0 0 -1.28423  -1.37478 0 0.701326 0 0 -1.4607  -0.0522945 0 0.0232637 0 0 -0.0459401  0.158198 0 0.27541 0 0 0.222405  0 0 0 0 0 0  
158.336 3.09968 0.0218517 -1.29546 0 1 0 0 -1.18422  -1.39376 0 0.690041 0 0 -1.35067  -0.0482263 0 0.0278982 0 0 -0.0469134  0.146531 0 0.282061 0 0 0.213358  0 0 0 0 0 0  
160.221 3.14037 0.0213669 -1.26103 0 1 0 0 -1.05106  -1.35616 0 0.701944 0 0 -1.23664  -0.0468258 0 0.0242621 0 0 -0.0513083  0.141951 0 0.273794 0 0 0.23688  0 0 0 0 0 0  
162.106 3.17977 0.0206157 -1.21137 0 1 0 0 -1.02823  -1.30662 0 0.705933 0 0 -1.21724  -0.0443347 0 0.0263897 0 0 -0.0407721  0.139589 0 0.267677 0 0 0.229778  0 0 0 0 0 0  
163.991 3.21865 0.0205368 -1.1867 0 1 0 0 -1.05621  -1.28138 0 0.708212 0 0 -1.24292  -0.0414116 0 0.0242606 0 0 -0.0398914  0.136093 0 0.267527 0 0 0.226597  0 0 0 0 0 0  
165.876 3.25701 0.020343 -1.18719 0 1 0 0 -1.08522  -1.28252 0 0.709976 0 0 -1.26759  -0.0381001 0 0.0244183 0 0 -0.0402217  0.133436 0 0.265606 0 0 0.222589  0 0 0 0 0 0  
167.761 3.29552 0.0204546 -1.20577 0 1 0 0 -1.12923  -1.30162 0 0.705701 0 0 -1.30421  -0.0431921 0 0.0242174 0 0 -0.0484441  0.139041 0 0.270082 0 0 0.22342  0 0 0 0 0 0  
169.646 3.33468 0.0211189 -1.23566 0 1 0 0 -1.18299  -1.32688 0 0.708372 0 0 -1.33534  -0.0416521 0 0.0255937 0 0 -0.0446497  0.132876 0 0.266034 0 0 0.197  0 0 0 0 0 0  
171.531 3.37524 0.0218863 -1.23991 0 1 0 0 -1.18607  -1.32934 0 0.708222 0 0 -1.3267  -0.0419165 0 0.0245046 0 0 -0.044629  0.131339 0 0.267273 0 0 0.185255  0 0 0 0 0 0  
173.416 3.41757 0.0227178 -1.17096 0 1 0 0 -1.13307  -1.26571 0 0.685901 0 0 -1.2735  -0.0502918 0 0.0218299 0 0 -0.0597907  0.145043 0 0.292269 0 0 0.200224  0 0 0 0 0 0  
175.301 3.45994 0.0219369 -1.1527 0 1 0 0 -1.13567  -1.24391 0 0.676729 0 0 -1.2754  -0.0540274 0 0.0262474 0 0 -0.0673456  0.145241 0 0.297023 0 0 0.207081  0 0 0 0 0 0  
177.186 3.50122 0.0218384 -1.14953 0 1 0 0 -1.18781  -1.25211 0 0.678224 0 0 -1.32747  -0.0525493 0 0.0230803 0 0 -0.0643267  0.155133 0 0.298696 0 0 0.203986  0 0 0 0 0 0  
179.071 3.54285 0.0220764 -1.20834 0 1 0 0 -1.20191  -1.29512 0 0.687389 0 0 -1.34511  -0.0584221 0 0.0261758 0 0 -0.0669409  0.1452 0 0.286435 0 0 0.210149  0 0 0 0 0 0  
180.956 3.58383 0.0213973 -1.26827 0 1 0 0 -1.19684  -1.35032 0 0.695735 0 0 -1.33299  -0.0562771 0 0.0297229 0 0 -0.0537862  0.138329 0 0.274542 0 0 0.189939  0 0 0 0 0 0  
182.841 3.62433 0.0214704 -1.33686 0 1 0 0 -1.17716  -1.41775 0 0.701915 0 0 -1.3302  -0.0497949 0 0.0283653 0 0 -0.0492205  0.130679 0 0.26972 0 0 0.202265  0 0 0 0 0 0  
184.726 3.66633 0.0230844 -1.33202 0 1 0 0 -1.1586  -1.41688 0 0.693464 0 0 -1.32187  -0.0539689 0 0.0283208 0 0 -0.0515206  0.138832 0 0.278215 0 0 0.214785  0 0 0 0 0 0  
186.611 3.71112 0.0240078 -1.25355 0 1 0 0 -1.08631  -1.34106 0 0.681464 0 0 -1.2648  -0.0610684 0 0.0264214 0 0 -0.0549987  0.148572 0 0.292114 0 0 0.233489  0 0 0 0 0 0  
188.496 3.75542 0.0230657 -1.22948 0 1 0 0 -1.05776  -1.33131 0 0.66939 0 0 -1.23899  -0.060473 0 0.0252647 0 0 -0.0637749  0.162306 0 0.305346 0 0 0.245005  0 0 0 0 0 0  
190.381 3.7981 0.0224128 -1.26244 0 1 0 0 -1.07802  -1.36704 0 0.672617 0 0 -1.24325  -0.0613599 0 0.0241329 0 0 -0.0624926  0.165969 0 0.30325 0 0 0.227716  0 0 0 0 0 0  
192.265 3.83986 0.0218041 -1.35386 0 1 0 0 -1.14779  -1.45367 0 0.699087 0 0 -1.28503  -0.0517173 0 0.027341 0 0 -0.0482944  0.151532 0 0.273572 0 0 0.185539  0 0 0 0 0 0  
194.15 3.88004 0.0207358 -1.40668 0 1 0 0 -1.21532  -1.48667 0 0.720412 0 0 -1.33656  -0.0401829 0 0.0310047 0 0 -0.0399875  0.120169 0 0.248583 0 0 0.16123  0 0 0 0 0 0  
196.035 3.91857 0.020236 -1.44273 0 1 0 0 -1.22377  -1.53847 0 0.733565 0 0 -1.35188  -0.0321949 0 0.0274628 0 0 -0.0378061  0.127934 0 0.238972 0 0 0.165917  0 0 0 0 0 0  
197.92 3.95667 0.0201715 -1.488 0 1 0 0 -1.21411  -1.57663 0 0.752554 0 0 -1.33951  -0.0246484 0 0.0278277 0 0 -0.0250821  0.11328 0 0.219618 0 0 0.150484  0 0 0 0 0 0  
199.805 3.99521 0.0209298 -1.46901 0 1 0 0 -1.18819  -1.56073 0 0.748095 0 0 -1.31627  -0.0258932 0 0.0282921 0 0 -0.0270342  0.11761 0 0.223613 0 0 0.155111  0 0 0 0 0 0  
201.69 4.03514 0.0210882 -1.37714 0 1 0 0 -1.17056  -1.47819 0 0.73357 0 0 -1.29476  -0.0231933 0 0.0275423 0 0 -0.0351806  0.124248 0 0.238887 0 0 0.159383  0 0 0 0 0 0  
203.575 4.07461 0.0209302 -1.24278 0 1 0 0 -1.18177  -1.3458 0 0.728021 0 0 -1.31958  -0.0276805 0 0.0237724 0 0 -0.0377922  0.130698 0 0.248206 0 0 0.175598  0 0 0 0 0 0  
205.46 4.11257 0.0193352 -1.25057 0 1 0 0 -1.24106  -1.34377 0 0.725159 0 0 -1.38383  -0.0365124 0 0.02315 0 0 -0.0468446  0.129709 0 0.251691 0 0 0.189618  0 0 0 0 0 0  
207.345 4.14931 0.0199974 -1.29971 0 1 0 0 -1.31872  -1.38593 0 0.734019 0 0 -1.4489  -0.0378419 0 0.0249503 0 0 -0.0467672  0.124058 0 0.241031 0 0 0.176948  0 0 0 0 0 0  
209.23 4.18778 0.0207563 -1.3011 0 1 0 0 -1.27663  -1.38059 0 0.727316 0 0 -1.42515  -0.0395608 0 0.0255345 0 0 -0.0416086  0.119051 0 0.24715 0 0 0.190122  0 0 0 0 0 0  
211.115 4.22697 0.0208409 -1.26678 0 1 0 0 -1.22091  -1.37277 0 0.708506 0 0 -1.38121  -0.0507055 0 0.0239977 0 0 -0.055187  0.156698 0 0.267496 0 0 0.215482  0 0 0 0 0 0  
213 4.26621 0.0208328 -1.34082 0 1 0 0 -1.19909  -1.43955 0 0.717357 0 0 -1.34931  -0.0479494 0 0.0264223 0 0 -0.0511008  0.146684 0 0.256221 0 0 0.201324  0 0 0 0 0 0  
214.885 4.30535 0.0207258 -1.39239 0 1 0 0 -1.17913  -1.47854 0 0.719821 0 0 -1.32582  -0.0404505 0 0.0280257 0 0 -0.0438006  0.126595 0 0.252154 0 0 0.190491  0 0 0 0 0 0  
216.77 4.3445 0.0208074 -1.39003 0 1 0 0 -1.11132  -1.49242 0 0.713441 0 0 -1.27874  -0.0409411 0 0.0266357 0 0 -0.0451736  0.143333 0 0.259923 0 0 0.212591  0 0 0 0 0 0  
218.655 4.38462 0.0215757 -1.36493 0 1 0 0 -1.06036  -1.47264 0 0.70533 0 0 -1.23723  -0.0427923 0 0.0282165 0 0 -0.0478712  0.150502 0 0.266453 0 0 0.224742  0 0 0 0 0 0  
220.54 4.42568 0.0219023 -1.34582 0 1 0 0 -1.04826  -1.44031 0 0.693432 0 0 -1.21915  -0.0358566 0 0.024928 0 0 -0.0482797  0.13035 0 0.28164 0 0 0.219168  0 0 0 0 0 0  
222.425 4.46763 0.0221003 -1.27398 0 1 0 0 -1.04341  -1.38674 0 0.690962 0 0 -1.2117  -0.0422756 0 0.0278666 0 0 -0.0554535  0.155035 0 0.281172 0 0 0.223745  0 0 0 0 0 0  
224.31 4.50831 0.0212605 -1.21978 0 1 0 0 -1.04638  -1.34348 0 0.688341 0 0 -1.23558  -0.0448781 0 0.0204417 0 0 -0.062338  0.168582 0 0.291217 0 0 0.251532  0 0 0 0 0 0  
226.195 4.54835 0.0213852 -1.24098 0 1 0 0 -1.10021  -1.35433 0 0.69657 0 0 -1.27363  -0.0511833 0 0.0187357 0 0 -0.067086  0.164532 0 0.284694 0 0 0.240503  0 0 0 0 0 0  
228.08 4.58878 0.0210725 -1.30508 0 1 0 0 -1.18347  -1.39415 0 0.711023 0 0 -1.3288  -0.0478095 0 0.0257686 0 0 -0.054043  0.13688 0 0.263209 0 0 0.199375  0 0 0 0 0 0  
229.965 4.62747 0.0197509 -1.36404 0 1 0 0 -1.24529  -1.45072 0 0.732585 0 0 -1.37088  -0.0446515 0 0.02662 0 0 -0.0484241  0.131339 0 0.240795 0 0 0.174007  0 0 0 0 0 0  
231.85 4.66385 0.0188118 -1.39813 0 1 0 0 -1.29675  -1.48352 0 0.746769 0 0 -1.41849  -0.0368406 0 0.0246571 0 0 -0.0461207  0.122225 0 0.228574 0 0 0.167864  0 0 0 0 0 0  
233.734 4.69983 0.0194675 -1.40465 0 1 0 0 -1.32315  -1.50172 0 0.743429 0 0 -1.46051  -0.0382051 0 0.0201746 0 0 -0.043099  0.135276 0 0.236397 0 0 0.180456  0 0 0 0 0 0  
235.619 4.73728 0.0201877 -1.36764 0 1 0 0 -1.32517  -1.46112 0 0.735806 0 0 -1.45133  -0.0361324 0 0.0237942 0 0 -0.0394588  0.12961 0 0.2404 0 0 0.165621  0 0 0 0 0 0  
237.504 4.77559 0.0202102 -1.30256 0 1 0 0 -1.30716  -1.39067 0 0.729091 0 0 -1.43277  -0.0296879 0 0.0287802 0 0 -0.0356121  0.117797 0 0.242129 0 0 0.161222  0 0 0 0 0 0  
239.389 4.81373 0.0202529 -1.24263 0 1 0 0 -1.28739  -1.33655 0 0.721602 0 0 -1.44589  -0.0404252 0 0.0260476 0 0 -0.042139  0.134347 0 0.25235 0 0 0.200635  0 0 0 0 0 0  
241.274 4.85212 0.0205069 -1.21235 0 1 0 0 -1.31613  -1.31784 0 0.712795 0 0 -1.4788  -0.0369175 0 0.0242587 0 0 -0.0422832  0.142412 0 0.262946 0 0 0.204958  0 0 0 0 0 0  
243.159 4.89059 0.0205408 -1.24359 0 1 0 0 -1.35712  -1.34968 0 0.716275 0 0 -1.52313  -0.0358117 0 0.0239706 0 0 -0.0409752  0.141894 0 0.259755 0 0 0.206977  0 0 0 0 0 0  
245.044 4.92945 0.0208075 -1.27436 0 1 0 0 -1.36305  -1.36819 0 0.713301 0 0 -1.51341  -0.037285 0 0.0237368 0 0 -0.0376137  0.13111 0 0.262962 0 0 0.18798  0 0 0 0 0 0  
246.929 4.96836 0.0205262 -1.25362 0 1 0 0 -1.28515  -1.34947 0 0.715171 0 0 -1.43013  -0.046004 0 0.0234513 0 0 -0.0393185  0.141846 0 0.261378 0 0 0.184298  0 0 0 0 0 0  
248.814 5.00749 0.0208474 -1.23937 0 1 0 0 -1.21763  -1.34405 0 0.69495 0 0 -1.35363  -0.0546517 0 0.0258932 0 0 -0.0537662  0.159327 0 0.279157 0 0 0.189758  0 0 0 0 0 0  
