# LF_DEM version v3.0-126-gb72fb1a
# np 1000
# VF 0.76
# Lx 73.993
# Ly 0
# Lz 73.993
# flow_type shear
# data in cl units.
#1: time
#2: cumulated strain
#3: shear rate
#4-9: total stress tensor (xx, xy, xz, yz, yy, zz)
#10-15: contact stress tensor (xx, xy, xz, yz, yy, zz)
#16-21: dashpot stress tensor (xx, xy, xz, yz, yy, zz)
#22-27: hydro stress tensor (xx, xy, xz, yz, yy, zz)
#28-33: repulsion stress tensor (xx, xy, xz, yz, yy, zz)

0.00628319 0.000432035 0.0687605 -3.85459 0 3 0 0 -3.39112  -4.14874 0 2.0509 0 0 -3.79475  -0.169744 0 0.0742253 0 0 -0.175879  0.463895 0 0.874878 0 0 0.579511  0 0 0 0 0 0  
0.628319 0.0306778 0.0446536 -3.71114 0 3 0 0 -3.39917  -3.89407 0 2.39866 0 0 -3.68258  -0.111863 0 0.0436913 0 0 -0.108076  0.294796 0 0.557646 0 0 0.391485  0 0 0 0 0 0  
1.25664 0.0571159 0.0407589 -3.93263 0 3 0 0 -3.78055  -4.0837 0 2.47412 0 0 -4.0082  -0.0797539 0 0.0467815 0 0 -0.090989  0.23082 0 0.479102 0 0 0.318642  0 0 0 0 0 0  
1.88496 0.081588 0.0379857 -4.06142 0 3 0 0 -4.07887  -4.18549 0 2.52388 0 0 -4.25804  -0.0681569 0 0.0482308 0 0 -0.0655491  0.192221 0 0.427888 0 0 0.244718  0 0 0 0 0 0  
2.51327 0.104576 0.0356835 -4.11546 0 3 0 0 -4.27127  -4.23863 0 2.55227 0 0 -4.44291  -0.0662423 0 0.044642 0 0 -0.0669677  0.189405 0 0.403088 0 0 0.238602  0 0 0 0 0 0  
3.14159 0.126957 0.0359151 -4.15529 0 3 0 0 -4.45481  -4.27192 0 2.55566 0 0 -4.62677  -0.0727269 0 0.0477273 0 0 -0.0688353  0.189365 0 0.396612 0 0 0.240794  0 0 0 0 0 0  
3.76991 0.149774 0.0367607 -4.17665 0 3 0 0 -4.60656  -4.28524 0 2.55352 0 0 -4.7873  -0.0606735 0 0.0503912 0 0 -0.0589587  0.169267 0 0.396084 0 0 0.239698  0 0 0 0 0 0  
4.39823 0.171863 0.0332308 -4.22475 0 3 0 0 -4.77444  -4.31341 0 2.60158 0 0 -4.93621  -0.0487435 0 0.0498355 0 0 -0.0470112  0.137409 0 0.34858 0 0 0.208784  0 0 0 0 0 0  
5.02655 0.19203 0.0312345 -4.23352 0 3 0 0 -4.88016  -4.30254 0 2.62189 0 0 -5.02558  -0.0532794 0 0.0474245 0 0 -0.0401398  0.122303 0 0.330689 0 0 0.185556  0 0 0 0 0 0  
5.65487 0.210948 0.0288245 -4.41142 0 3 0 0 -4.86403  -4.48422 0 2.65241 0 0 -4.993  -0.0478716 0 0.0416761 0 0 -0.0310147  0.120673 0 0.305918 0 0 0.15998  0 0 0 0 0 0  
6.28319 0.228599 0.0283028 -4.55325 0 3 0 0 -4.8099  -4.64819 0 2.65397 0 0 -4.95053  -0.0440743 0 0.0379667 0 0 -0.0267355  0.139005 0 0.308058 0 0 0.167371  0 0 0 0 0 0  
6.9115 0.246291 0.0279966 -4.72254 0 3 0 0 -4.6747  -4.82473 0 2.65532 0 0 -4.81707  -0.0461639 0 0.039071 0 0 -0.03609  0.148356 0 0.305607 0 0 0.178462  0 0 0 0 0 0  
7.53982 0.263869 0.0283125 -4.75492 0 3 0 0 -4.56677  -4.86023 0 2.633 0 0 -4.72095  -0.055697 0 0.0414156 0 0 -0.0414482  0.16101 0 0.325582 0 0 0.195629  0 0 0 0 0 0  
8.16814 0.282358 0.0291829 -4.76275 0 3 0 0 -4.55557  -4.87196 0 2.62972 0 0 -4.73357  -0.0537402 0 0.0422788 0 0 -0.0383848  0.162949 0 0.328006 0 0 0.216385  0 0 0 0 0 0  
8.79646 0.300306 0.0281012 -4.81313 0 3 0 0 -4.76277  -4.89947 0 2.64135 0 0 -4.92053  -0.0527213 0 0.0470186 0 0 -0.0381191  0.13906 0 0.311634 0 0 0.195883  0 0 0 0 0 0  
9.42478 0.317655 0.0269471 -4.8877 0 3 0 0 -4.92616  -4.97749 0 2.67422 0 0 -5.06845  -0.0428305 0 0.0439534 0 0 -0.0272988  0.132618 0 0.281827 0 0 0.169582  0 0 0 0 0 0  
10.0531 0.334642 0.0273465 -4.78293 0 3 0 0 -4.99271  -4.87644 0 2.66047 0 0 -5.13797  -0.0388386 0 0.0444173 0 0 -0.0252413  0.132352 0 0.295117 0 0 0.170496  0 0 0 0 0 0  
10.6814 0.351894 0.0275332 -4.70937 0 3 0 0 -4.96009  -4.81027 0 2.65803 0 0 -5.10961  -0.0476787 0 0.0404581 0 0 -0.0366433  0.148577 0 0.301516 0 0 0.186168  0 0 0 0 0 0  
11.3097 0.369827 0.0285042 -4.67445 0 3 0 0 -5.0966  -4.76274 0 2.64424 0 0 -5.23966  -0.0435933 0 0.0431287 0 0 -0.044102  0.13188 0 0.312634 0 0 0.187159  0 0 0 0 0 0  
11.9381 0.387726 0.0286761 -4.69172 0 3 0 0 -5.24139  -4.78951 0 2.6403 0 0 -5.39248  -0.0408665 0 0.0442179 0 0 -0.0483511  0.138661 0 0.315479 0 0 0.199437  0 0 0 0 0 0  
12.5664 0.405143 0.027666 -4.74521 0 3 0 0 -5.28131  -4.85919 0 2.65307 0 0 -5.44616  -0.0340789 0 0.0407639 0 0 -0.0372382  0.14806 0 0.306161 0 0 0.202083  0 0 0 0 0 0  
13.1947 0.42221 0.0270249 -4.8515 0 3 0 0 -5.31893  -4.97914 0 2.65216 0 0 -5.49763  -0.029932 0 0.0386749 0 0 -0.0321179  0.157568 0 0.309166 0 0 0.210815  0 0 0 0 0 0  
13.823 0.439797 0.0289557 -4.87025 0 3 0 0 -5.35852  -4.98399 0 2.63935 0 0 -5.54061  -0.0368255 0 0.0433285 0 0 -0.0309384  0.150558 0 0.317324 0 0 0.213033  0 0 0 0 0 0  
14.4513 0.457961 0.0290397 -4.82199 0 3 0 0 -5.29195  -4.90762 0 2.63008 0 0 -5.43733  -0.0433973 0 0.046102 0 0 -0.0301597  0.12903 0 0.323818 0 0 0.175545  0 0 0 0 0 0  
15.0796 0.476363 0.0293611 -4.83817 0 3 0 0 -5.3665  -4.93164 0 2.63291 0 0 -5.51444  -0.0510158 0 0.0485895 0 0 -0.0360576  0.144486 0 0.318501 0 0 0.184005  0 0 0 0 0 0  
15.708 0.494938 0.0294592 -5.00373 0 3 0 0 -5.37854  -5.07169 0 2.64135 0 0 -5.51326  -0.0462751 0 0.0508616 0 0 -0.0367032  0.114236 0 0.307788 0 0 0.171424  0 0 0 0 0 0  
16.3363 0.513426 0.0293761 -5.0427 0 3 0 0 -5.3567  -5.14228 0 2.64834 0 0 -5.51019  -0.0469479 0 0.0462652 0 0 -0.0436958  0.146524 0 0.305392 0 0 0.197187  0 0 0 0 0 0  
16.9646 0.531944 0.0293697 -5.02492 0 3 0 0 -5.29908  -5.14145 0 2.64539 0 0 -5.46656  -0.0454004 0 0.0463323 0 0 -0.051311  0.161927 0 0.308274 0 0 0.218793  0 0 0 0 0 0  
17.5929 0.550627 0.0300813 -4.92988 0 3 0 0 -5.15672  -5.07158 0 2.62912 0 0 -5.33563  -0.0499922 0 0.0436401 0 0 -0.0508579  0.19169 0 0.327236 0 0 0.229765  0 0 0 0 0 0  
18.2212 0.569414 0.0298835 -5.0407 0 3 0 0 -5.13404  -5.18866 0 2.61658 0 0 -5.33614  -0.0466727 0 0.0419413 0 0 -0.0505861  0.194629 0 0.341483 0 0 0.252691  0 0 0 0 0 0  
18.8496 0.587818 0.0295496 -5.04246 0 3 0 0 -5.12021  -5.18406 0 2.62923 0 0 -5.30604  -0.0305339 0 0.0426822 0 0 -0.0442764  0.172136 0 0.328087 0 0 0.230101  0 0 0 0 0 0  
19.4779 0.606294 0.0289941 -4.94989 0 3 0 0 -5.12188  -5.07286 0 2.62935 0 0 -5.29033  -0.0325586 0 0.0447019 0 0 -0.0413141  0.155524 0 0.32595 0 0 0.209765  0 0 0 0 0 0  
20.1062 0.624091 0.0276794 -4.86712 0 3 0 0 -5.05209  -4.98524 0 2.6413 0 0 -5.22603  -0.0401207 0 0.0324024 0 0 -0.0636479  0.15824 0 0.326297 0 0 0.237583  0 0 0 0 0 0  
20.7345 0.641957 0.0285951 -4.863 0 3 0 0 -5.29434  -4.9796 0 2.6431 0 0 -5.44695  -0.0456823 0 0.0380399 0 0 -0.044727  0.16228 0 0.318859 0 0 0.197335  0 0 0 0 0 0  
21.3628 0.660125 0.0286257 -4.79669 0 3 0 0 -5.30592  -4.90218 0 2.64765 0 0 -5.45303  -0.0438663 0 0.0430275 0 0 -0.039546  0.149363 0 0.309325 0 0 0.186661  0 0 0 0 0 0  
21.9911 0.678172 0.0284267 -4.69487 0 3 0 0 -5.26198  -4.79206 0 2.64337 0 0 -5.4072  -0.0359316 0 0.0477343 0 0 -0.037656  0.133121 0 0.308898 0 0 0.182879  0 0 0 0 0 0  
22.6195 0.695592 0.0269027 -4.54241 0 3 0 0 -5.23091  -4.62813 0 2.65298 0 0 -5.37073  -0.0336144 0 0.0472043 0 0 -0.028357  0.119327 0 0.299814 0 0 0.168179  0 0 0 0 0 0  
23.2478 0.712374 0.0262381 -4.55085 0 3 0 0 -5.17007  -4.6421 0 2.65037 0 0 -5.32397  -0.0380523 0 0.0415356 0 0 -0.029219  0.129299 0 0.308092 0 0 0.183119  0 0 0 0 0 0  
23.8761 0.72905 0.0265308 -4.62456 0 3 0 0 -5.24907  -4.73081 0 2.63819 0 0 -5.41135  -0.0457664 0 0.0411165 0 0 -0.0320229  0.152018 0 0.320689 0 0 0.194303  0 0 0 0 0 0  
24.5044 0.745588 0.0260525 -4.80896 0 3 0 0 -5.34552  -4.91694 0 2.66372 0 0 -5.4968  -0.0353476 0 0.0428819 0 0 -0.0245039  0.143328 0 0.293396 0 0 0.175781  0 0 0 0 0 0  
25.1327 0.761821 0.0259641 -5.05301 0 3 0 0 -5.25155  -5.14623 0 2.67577 0 0 -5.39557  -0.0314466 0 0.0435506 0 0 -0.0199582  0.124672 0 0.280676 0 0 0.163981  0 0 0 0 0 0  
25.7611 0.778283 0.0267453 -5.06097 0 3 0 0 -4.97851  -5.16517 0 2.66396 0 0 -5.1412  -0.0288498 0 0.0437292 0 0 -0.0217639  0.133048 0 0.29231 0 0 0.184453  0 0 0 0 0 0  
26.3894 0.794906 0.0263227 -5.01845 0 3 0 0 -4.72464  -5.14901 0 2.65692 0 0 -4.90751  -0.0381482 0 0.0379673 0 0 -0.0257379  0.168712 0 0.30511 0 0 0.208608  0 0 0 0 0 0  
27.0177 0.811533 0.0265247 -4.9978 0 3 0 0 -4.55722  -5.12325 0 2.64699 0 0 -4.74108  -0.0415478 0 0.0396479 0 0 -0.0232945  0.166999 0 0.313362 0 0 0.207155  0 0 0 0 0 0  
27.646 0.827761 0.0250254 -5.12207 0 3 0 0 -4.58616  -5.2365 0 2.66404 0 0 -4.7439  -0.0373889 0 0.0391327 0 0 -0.0293704  0.151811 0 0.296828 0 0 0.187115  0 0 0 0 0 0  
28.2743 0.843126 0.0251236 -5.29419 0 3 0 0 -4.68611  -5.39502 0 2.67823 0 0 -4.82288  -0.0366776 0 0.0376654 0 0 -0.0292184  0.137509 0 0.284102 0 0 0.16599  0 0 0 0 0 0  
28.9027 0.859113 0.0256612 -5.34838 0 3 0 0 -4.7647  -5.43541 0 2.68576 0 0 -4.88  -0.0333217 0 0.0425748 0 0 -0.0269785  0.120352 0 0.271662 0 0 0.142282  0 0 0 0 0 0  
29.531 0.875331 0.0258552 -5.24237 0 3 0 0 -4.79861  -5.34804 0 2.68102 0 0 -4.92792  -0.0369418 0 0.0406567 0 0 -0.0335218  0.142617 0 0.278325 0 0 0.162828  0 0 0 0 0 0  
30.1593 0.891692 0.0258548 -5.07346 0 3 0 0 -4.83702  -5.19534 0 2.65543 0 0 -4.98178  -0.0436705 0 0.0386882 0 0 -0.0366593  0.165544 0 0.305886 0 0 0.181421  0 0 0 0 0 0  
30.7876 0.90759 0.0245634 -5.03856 0 3 0 0 -4.95262  -5.14068 0 2.6621 0 0 -5.08185  -0.0379199 0 0.0393072 0 0 -0.0386577  0.140049 0 0.298591 0 0 0.167883  0 0 0 0 0 0  
31.4159 0.923008 0.023965 -5.04452 0 3 0 0 -5.08959  -5.14487 0 2.67473 0 0 -5.20889  -0.042956 0 0.0367828 0 0 -0.044812  0.143311 0 0.288486 0 0 0.164118  0 0 0 0 0 0  
32.0442 0.93778 0.0229477 -5.00975 0 3 0 0 -5.21939  -5.09973 0 2.69321 0 0 -5.31451  -0.0348548 0 0.0384319 0 0 -0.0418332  0.124831 0 0.268362 0 0 0.136953  0 0 0 0 0 0  
32.6726 0.952138 0.0226999 -5.04112 0 3 0 0 -5.33656  -5.11538 0 2.70359 0 0 -5.41488  -0.0358488 0 0.0420885 0 0 -0.039436  0.110109 0 0.254325 0 0 0.117754  0 0 0 0 0 0  
33.3009 0.96637 0.0226277 -5.07403 0 3 0 0 -5.33959  -5.16103 0 2.70571 0 0 -5.43671  -0.0383339 0 0.0388368 0 0 -0.0424048  0.125327 0 0.255458 0 0 0.139522  0 0 0 0 0 0  
33.9292 0.98039 0.0222884 -5.10566 0 3 0 0 -5.22549  -5.22248 0 2.70672 0 0 -5.35237  -0.0327583 0 0.0312826 0 0 -0.0366717  0.149571 0 0.262002 0 0 0.163548  0 0 0 0 0 0  
34.5575 0.994195 0.0217946 -5.13441 0 3 0 0 -5.23971  -5.23984 0 2.73592 0 0 -5.36296  -0.0285961 0 0.0287651 0 0 -0.0272484  0.134021 0 0.235314 0 0 0.150494  0 0 0 0 0 0  
35.1858 1.00825 0.0232375 -5.22056 0 3 0 0 -5.22705  -5.32543 0 2.71208 0 0 -5.35643  -0.0401381 0 0.0313985 0 0 -0.0221679  0.145002 0 0.256518 0 0 0.151547  0 0 0 0 0 0  
35.8142 1.02256 0.0222189 -5.26506 0 3 0 0 -5.27814  -5.35847 0 2.72348 0 0 -5.40132  -0.03821 0 0.0326369 0 0 -0.0233511  0.131619 0 0.243886 0 0 0.146532  0 0 0 0 0 0  
36.4425 1.03677 0.0228098 -5.31994 0 3 0 0 -5.36429  -5.40696 0 2.72789 0 0 -5.48943  -0.0344321 0 0.0318338 0 0 -0.0154965  0.121453 0 0.240274 0 0 0.140638  0 0 0 0 0 0  
37.0708 1.05063 0.0215795 -5.3982 0 3 0 0 -5.48105  -5.46904 0 2.74427 0 0 -5.58015  -0.026597 0 0.0305162 0 0 -0.016384  0.0974421 0 0.225212 0 0 0.115488  0 0 0 0 0 0  
37.6991 1.06362 0.0201978 -5.49872 0 3 0 0 -5.50664  -5.5598 0 2.76584 0 0 -5.60163  -0.0304052 0 0.0280743 0 0 -0.0206037  0.0914891 0 0.206083 0 0 0.115594  0 0 0 0 0 0  
38.3274 1.07608 0.0203578 -5.56194 0 3 0 0 -5.50442  -5.62198 0 2.77024 0 0 -5.59856  -0.0254917 0 0.0282766 0 0 -0.022261  0.0855363 0 0.201485 0 0 0.116402  0 0 0 0 0 0  
38.9557 1.08876 0.0200101 -5.55459 0 3 0 0 -5.47416  -5.61655 0 2.76878 0 0 -5.55781  -0.0264729 0 0.0295042 0 0 -0.0212292  0.0884345 0 0.201712 0 0 0.104876  0 0 0 0 0 0  
39.5841 1.10128 0.0196944 -5.62791 0 3 0 0 -5.45622  -5.69256 0 2.77403 0 0 -5.55051  -0.0283412 0 0.0281799 0 0 -0.0219691  0.0929833 0 0.197791 0 0 0.116257  0 0 0 0 0 0  
40.2124 1.11354 0.0192019 -5.68194 0 3 0 0 -5.45454  -5.74956 0 2.77681 0 0 -5.54619  -0.0291297 0 0.0294604 0 0 -0.0202402  0.0967531 0 0.193733 0 0 0.111884  0 0 0 0 0 0  
40.8407 1.12598 0.0198242 -5.70324 0 3 0 0 -5.4454  -5.77221 0 2.77365 0 0 -5.53255  -0.0282274 0 0.0325225 0 0 -0.0236498  0.0971926 0 0.193827 0 0 0.110796  0 0 0 0 0 0  
41.469 1.1382 0.0193064 -5.76927 0 3 0 0 -5.48529  -5.83792 0 2.77834 0 0 -5.58044  -0.0219127 0 0.0312603 0 0 -0.0199812  0.0905674 0 0.190395 0 0 0.115126  0 0 0 0 0 0  
42.0973 1.15022 0.0191604 -5.86812 0 3 0 0 -5.4783  -5.93188 0 2.78376 0 0 -5.57025  -0.0192841 0 0.0299975 0 0 -0.0185475  0.0830401 0 0.186246 0 0 0.110498  0 0 0 0 0 0  
42.7257 1.16238 0.0197852 -5.84542 0 3 0 0 -5.41018  -5.90961 0 2.76542 0 0 -5.51506  -0.0212609 0 0.0309253 0 0 -0.0207073  0.0854498 0 0.203652 0 0 0.125584  0 0 0 0 0 0  
43.354 1.17488 0.0201412 -5.87897 0 3 0 0 -5.40023  -5.93192 0 2.76415 0 0 -5.51102  -0.0234482 0 0.0309467 0 0 -0.0186928  0.0763928 0 0.204902 0 0 0.129478  0 0 0 0 0 0  
43.9823 1.18781 0.0212309 -5.77599 0 3 0 0 -5.42277  -5.83867 0 2.75143 0 0 -5.53722  -0.0261566 0 0.0278685 0 0 -0.0258517  0.0888386 0 0.220697 0 0 0.140302  0 0 0 0 0 0  
44.6106 1.20099 0.0203792 -5.72259 0 3 0 0 -5.46222  -5.78245 0 2.76534 0 0 -5.56481  -0.026592 0 0.0264886 0 0 -0.0242809  0.0864516 0 0.208174 0 0 0.126865  0 0 0 0 0 0  
45.2389 1.2138 0.0199043 -5.61199 0 3 0 0 -5.40942  -5.66857 0 2.76425 0 0 -5.51406  -0.0333518 0 0.025911 0 0 -0.0273106  0.0899256 0 0.209842 0 0 0.131947  0 0 0 0 0 0  
45.8673 1.22596 0.0192748 -5.42421 0 3 0 0 -5.32613  -5.48258 0 2.76129 0 0 -5.42675  -0.0300304 0 0.0269158 0 0 -0.0308693  0.0884037 0 0.211791 0 0 0.131495  0 0 0 0 0 0  
46.4956 1.23845 0.0200617 -5.20658 0 3 0 0 -5.22748  -5.28094 0 2.75604 0 0 -5.33861  -0.029534 0 0.0254846 0 0 -0.0307693  0.103896 0 0.218478 0 0 0.141899  0 0 0 0 0 0  
47.1239 1.25158 0.0214025 -5.09366 0 3 0 0 -5.14838  -5.16533 0 2.7304 0 0 -5.25573  -0.0368595 0 0.0290887 0 0 -0.0357717  0.108525 0 0.240508 0 0 0.143121  0 0 0 0 0 0  
47.7522 1.26552 0.0224222 -5.05524 0 3 0 0 -5.08101  -5.12808 0 2.72214 0 0 -5.19322  -0.0384198 0 0.0306797 0 0 -0.0400578  0.111265 0 0.24718 0 0 0.152263  0 0 0 0 0 0  
48.3805 1.27992 0.0230096 -5.06258 0 3 0 0 -5.03335  -5.13802 0 2.72346 0 0 -5.147  -0.0440983 0 0.0313372 0 0 -0.0392508  0.119535 0 0.245199 0 0 0.152901  0 0 0 0 0 0  
49.0088 1.2938 0.0212565 -5.00682 0 3 0 0 -5.0022  -5.06707 0 2.74328 0 0 -5.10559  -0.0455639 0 0.0300998 0 0 -0.0373922  0.105817 0 0.226624 0 0 0.140776  0 0 0 0 0 0  
49.6372 1.30695 0.0213954 -5.02991 0 3 0 0 -4.95987  -5.08889 0 2.74258 0 0 -5.06456  -0.0433402 0 0.0296814 0 0 -0.0387865  0.102326 0 0.227739 0 0 0.143484  0 0 0 0 0 0  
50.2655 1.32033 0.0213717 -5.05862 0 3 0 0 -4.90285  -5.12169 0 2.74551 0 0 -5.01396  -0.0376192 0 0.0316228 0 0 -0.0365221  0.100691 0 0.222865 0 0 0.147631  0 0 0 0 0 0  
50.8938 1.33359 0.0217904 -5.01298 0 3 0 0 -4.91983  -5.08145 0 2.73515 0 0 -5.03763  -0.0449685 0 0.0322968 0 0 -0.0385794  0.11344 0 0.232549 0 0 0.156376  0 0 0 0 0 0  
51.5221 1.34765 0.0227806 -4.97652 0 3 0 0 -4.85418  -5.0596 0 2.70227 0 0 -4.98238  -0.0406131 0 0.0372861 0 0 -0.0422435  0.1237 0 0.260446 0 0 0.170436  0 0 0 0 0 0  
52.1504 1.36207 0.0232049 -4.88798 0 3 0 0 -4.86256  -4.98762 0 2.69553 0 0 -5.00469  -0.0320507 0 0.0356503 0 0 -0.0381238  0.131687 0 0.268825 0 0 0.180253  0 0 0 0 0 0  
52.7788 1.37692 0.0240388 -4.90328 0 3 0 0 -4.92306  -5.00461 0 2.68832 0 0 -5.06371  -0.0370057 0 0.0375346 0 0 -0.0348473  0.138337 0 0.274146 0 0 0.175497  0 0 0 0 0 0  
53.4071 1.39196 0.0242164 -4.95558 0 3 0 0 -4.89964  -5.05041 0 2.69219 0 0 -5.02955  -0.0368057 0 0.0395859 0 0 -0.0349523  0.131637 0 0.26822 0 0 0.164864  0 0 0 0 0 0  
54.0354 1.40753 0.0252021 -4.94271 0 3 0 0 -4.84816  -5.0416 0 2.67358 0 0 -4.96715  -0.044704 0 0.0437208 0 0 -0.0399599  0.143595 0 0.2827 0 0 0.158952  0 0 0 0 0 0  
54.6637 1.42357 0.0260536 -4.91273 0 3 0 0 -4.7384  -5.01419 0 2.66357 0 0 -4.85885  -0.0365382 0 0.0430468 0 0 -0.0296368  0.137997 0 0.293379 0 0 0.150086  0 0 0 0 0 0  
55.292 1.4403 0.0271698 -4.87619 0 3 0 0 -4.66331  -4.97973 0 2.634 0 0 -4.80638  -0.0359552 0 0.0463776 0 0 -0.027917  0.139493 0 0.319622 0 0 0.170987  0 0 0 0 0 0  
55.9203 1.45736 0.0271619 -4.88231 0 3 0 0 -4.69739  -4.98403 0 2.65386 0 0 -4.83556  -0.0365722 0 0.041458 0 0 -0.0277413  0.138285 0 0.304681 0 0 0.165906  0 0 0 0 0 0  
56.5487 1.4741 0.0263768 -4.94936 0 3 0 0 -4.73602  -5.04006 0 2.66429 0 0 -4.87329  -0.0314455 0 0.0411493 0 0 -0.0290265  0.12215 0 0.294565 0 0 0.166295  0 0 0 0 0 0  
57.177 1.49024 0.0249327 -4.91456 0 3 0 0 -4.70616  -4.98715 0 2.69014 0 0 -4.83646  -0.0353625 0 0.0399021 0 0 -0.0210319  0.107954 0 0.269958 0 0 0.15133  0 0 0 0 0 0  
57.8053 1.50593 0.0244141 -4.81101 0 3 0 0 -4.68082  -4.88284 0 2.69108 0 0 -4.80294  -0.0330992 0 0.0367271 0 0 -0.0217787  0.104933 0 0.272189 0 0 0.143891  0 0 0 0 0 0  
58.4336 1.52189 0.025762 -4.74309 0 3 0 0 -4.71742  -4.82563 0 2.69048 0 0 -4.84447  -0.0299323 0 0.0361642 0 0 -0.0203896  0.112471 0 0.273358 0 0 0.147441  0 0 0 0 0 0  
59.0619 1.53844 0.0266719 -4.55646 0 3 0 0 -4.6387  -4.65227 0 2.66838 0 0 -4.78387  -0.0371419 0 0.0388934 0 0 -0.0221942  0.132955 0 0.292723 0 0 0.167363  0 0 0 0 0 0  
59.6903 1.55558 0.027654 -4.46636 0 3 0 0 -4.57135  -4.57564 0 2.63761 0 0 -4.7469  -0.0465388 0 0.0403897 0 0 -0.032554  0.155812 0 0.322001 0 0 0.208107  0 0 0 0 0 0  
60.3186 1.57302 0.0273034 -4.3707 0 3 0 0 -4.59477  -4.47816 0 2.65386 0 0 -4.78136  -0.042077 0 0.0391404 0 0 -0.0363599  0.149536 0 0.306999 0 0 0.222951  0 0 0 0 0 0  
60.9469 1.59027 0.0280894 -4.35116 0 3 0 0 -4.5116  -4.46307 0 2.64394 0 0 -4.70905  -0.0441864 0 0.0365659 0 0 -0.0409261  0.156097 0 0.319498 0 0 0.238381  0 0 0 0 0 0  
61.5752 1.60806 0.0279675 -4.36618 0 3 0 0 -4.47689  -4.48568 0 2.64008 0 0 -4.66431  -0.0419503 0 0.0367017 0 0 -0.0439712  0.161451 0 0.323219 0 0 0.231391  0 0 0 0 0 0  
62.2035 1.62523 0.0263505 -4.49729 0 3 0 0 -4.69916  -4.60817 0 2.65815 0 0 -4.8644  -0.0348672 0 0.0345963 0 0 -0.0419808  0.145746 0 0.307256 0 0 0.207224  0 0 0 0 0 0  
62.8319 1.64127 0.024386 -4.57061 0 3 0 0 -4.94274  -4.67373 0 2.68963 0 0 -5.09345  -0.0356654 0 0.0310805 0 0 -0.0346169  0.138786 0 0.279289 0 0 0.185332  0 0 0 0 0 0  
63.4602 1.65678 0.0250509 -4.63427 0 3 0 0 -5.14632  -4.73116 0 2.69153 0 0 -5.31086  -0.0305723 0 0.0292019 0 0 -0.0301908  0.127463 0 0.279271 0 0 0.194733  0 0 0 0 0 0  
64.0885 1.67269 0.0262645 -4.67379 0 3 0 0 -5.21012  -4.77271 0 2.68327 0 0 -5.37149  -0.0326853 0 0.0337427 0 0 -0.0284878  0.131608 0 0.282992 0 0 0.189858  0 0 0 0 0 0  
64.7168 1.6895 0.0275185 -4.72626 0 3 0 0 -5.22495  -4.81982 0 2.66667 0 0 -5.38008  -0.0369354 0 0.038477 0 0 -0.0303068  0.130496 0 0.294852 0 0 0.18544  0 0 0 0 0 0  
65.3451 1.70695 0.0273045 -4.67866 0 3 0 0 -5.0833  -4.76869 0 2.6547 0 0 -5.22803  -0.0296746 0 0.0384767 0 0 -0.0274425  0.119706 0 0.30682 0 0 0.172173  0 0 0 0 0 0  
65.9734 1.72401 0.0265087 -4.72927 0 3 0 0 -4.97451  -4.82589 0 2.67314 0 0 -5.11107  -0.0298822 0 0.0410804 0 0 -0.0231726  0.126503 0 0.285784 0 0 0.15974  0 0 0 0 0 0  
66.6018 1.74055 0.0258202 -4.81855 0 3 0 0 -4.93656  -4.91182 0 2.68391 0 0 -5.05981  -0.0294831 0 0.0419884 0 0 -0.0230501  0.122761 0 0.274102 0 0 0.146305  0 0 0 0 0 0  
67.2301 1.7568 0.0260621 -4.75765 0 3 0 0 -4.81885  -4.87623 0 2.67671 0 0 -4.96267  -0.0271041 0 0.0375787 0 0 -0.0255352  0.145687 0 0.285707 0 0 0.169355  0 0 0 0 0 0  
67.8584 1.77345 0.0270472 -4.69388 0 3 0 0 -4.76071  -4.81538 0 2.65705 0 0 -4.89932  -0.0333641 0 0.0401494 0 0 -0.0255399  0.154871 0 0.302803 0 0 0.164155  0 0 0 0 0 0  
68.4867 1.79016 0.0265901 -4.77166 0 3 0 0 -4.7513  -4.9147 0 2.646 0 0 -4.9103  -0.0406724 0 0.0362417 0 0 -0.0264357  0.183713 0 0.317757 0 0 0.185432  0 0 0 0 0 0  
69.115 1.80677 0.0260908 -4.86372 0 3 0 0 -4.7838  -4.99614 0 2.64956 0 0 -4.9437  -0.0454028 0 0.0362431 0 0 -0.0244349  0.177819 0 0.314194 0 0 0.184342  0 0 0 0 0 0  
69.7434 1.8229 0.0250772 -4.9848 0 3 0 0 -4.93053  -5.11167 0 2.66422 0 0 -5.09438  -0.0464513 0 0.0353861 0 0 -0.0258045  0.173327 0 0.300396 0 0 0.189662  0 0 0 0 0 0  
70.3717 1.8386 0.0253072 -5.08933 0 3 0 0 -4.99942  -5.1992 0 2.68065 0 0 -5.15596  -0.0449891 0 0.0340161 0 0 -0.0240713  0.154859 0 0.285337 0 0 0.180615  0 0 0 0 0 0  
71 1.8543 0.0246329 -5.14278 0 3 0 0 -5.07201  -5.22875 0 2.70433 0 0 -5.22499  -0.0446046 0 0.0332862 0 0 -0.0214067  0.13058 0 0.26238 0 0 0.174379  0 0 0 0 0 0  
71.6283 1.87005 0.0249985 -5.15027 0 3 0 0 -5.06927  -5.22575 0 2.69854 0 0 -5.21058  -0.0484684 0 0.0346253 0 0 -0.0287706  0.123949 0 0.266833 0 0 0.17008  0 0 0 0 0 0  
72.2566 1.88539 0.0239037 -5.23351 0 3 0 0 -5.04976  -5.29256 0 2.71827 0 0 -5.17424  -0.0419616 0 0.0324851 0 0 -0.0264124  0.101011 0 0.249246 0 0 0.150896  0 0 0 0 0 0  
72.8849 1.90111 0.0249528 -5.38168 0 3 0 0 -5.05087  -5.44709 0 2.71087 0 0 -5.20498  -0.0480438 0 0.0306021 0 0 -0.0273966  0.113448 0 0.258529 0 0 0.181502  0 0 0 0 0 0  
73.5133 1.91706 0.0258665 -5.47921 0 3 0 0 -4.99918  -5.53611 0 2.70459 0 0 -5.14407  -0.0450604 0 0.0347595 0 0 -0.0253657  0.101959 0 0.260649 0 0 0.170257  0 0 0 0 0 0  
74.1416 1.93327 0.0257838 -5.52401 0 3 0 0 -5.0402  -5.56305 0 2.70242 0 0 -5.17422  -0.0485501 0 0.0374239 0 0 -0.0224837  0.0875899 0 0.260155 0 0 0.156507  0 0 0 0 0 0  
74.7699 1.94974 0.0260033 -5.57105 0 3 0 0 -5.11396  -5.6068 0 2.69887 0 0 -5.24235  -0.0536725 0 0.0392102 0 0 -0.0316108  0.0894234 0 0.26192 0 0 0.159994  0 0 0 0 0 0  
75.3982 1.96605 0.0259042 -5.60479 0 3 0 0 -5.217  -5.64994 0 2.69894 0 0 -5.35853  -0.0505998 0 0.0379837 0 0 -0.0274026  0.0957551 0 0.263078 0 0 0.168932  0 0 0 0 0 0  
76.0265 1.98237 0.0260308 -5.51224 0 3 0 0 -5.29535  -5.55872 0 2.68721 0 0 -5.45754  -0.0508992 0 0.0366774 0 0 -0.0283519  0.0973819 0 0.276109 0 0 0.190538  0 0 0 0 0 0  
76.6549 1.99857 0.0256498 -5.42026 0 3 0 0 -5.33944  -5.46671 0 2.68671 0 0 -5.4964  -0.0522729 0 0.0404778 0 0 -0.0315896  0.0987209 0 0.272814 0 0 0.188551  0 0 0 0 0 0  
77.2832 2.01414 0.0246781 -5.39018 0 3 0 0 -5.46598  -5.4242 0 2.71512 0 0 -5.60131  -0.0443104 0 0.0385193 0 0 -0.0236437  0.0783354 0 0.24636 0 0 0.15897  0 0 0 0 0 0  
77.9115 2.02937 0.0243701 -5.31199 0 3 0 0 -5.6278  -5.33932 0 2.72098 0 0 -5.73956  -0.0446621 0 0.0380974 0 0 -0.0209891  0.0719978 0 0.240923 0 0 0.13275  0 0 0 0 0 0  
78.5398 2.04479 0.0244418 -5.23796 0 3 0 0 -5.61992  -5.26556 0 2.71414 0 0 -5.72916  -0.0451428 0 0.0400975 0 0 -0.0190604  0.0727375 0 0.245763 0 0 0.1283  0 0 0 0 0 0  
79.1681 2.06008 0.0250288 -5.21508 0 3 0 0 -5.55153  -5.25202 0 2.69892 0 0 -5.66848  -0.0373112 0 0.0412658 0 0 -0.0203757  0.0742596 0 0.259814 0 0 0.137322  0 0 0 0 0 0  
79.7965 2.07567 0.0248286 -5.11022 0 3 0 0 -5.47353  -5.15116 0 2.68868 0 0 -5.59793  -0.0412918 0 0.0443816 0 0 -0.0253751  0.0822306 0 0.266935 0 0 0.149779  0 0 0 0 0 0  
80.4248 2.09142 0.0256408 -5.10205 0 3 0 0 -5.39567  -5.16904 0 2.6832 0 0 -5.52914  -0.0337263 0 0.0419673 0 0 -0.02322  0.100725 0 0.274833 0 0 0.15669  0 0 0 0 0 0  
81.0531 2.10724 0.0257282 -5.1367 0 3 0 0 -5.37011  -5.21142 0 2.68534 0 0 -5.5029  -0.0333992 0 0.0396752 0 0 -0.0335264  0.108121 0 0.274985 0 0 0.166317  0 0 0 0 0 0  
81.6814 2.12316 0.0250515 -5.20566 0 3 0 0 -5.38903  -5.27086 0 2.70229 0 0 -5.51982  -0.0332201 0 0.0355381 0 0 -0.0316076  0.0984194 0 0.262176 0 0 0.162404  0 0 0 0 0 0  
82.3097 2.13885 0.0250232 -5.17199 0 3 0 0 -5.32585  -5.22701 0 2.70115 0 0 -5.43178  -0.0290295 0 0.0404725 0 0 -0.0281716  0.0840518 0 0.258376 0 0 0.13411  0 0 0 0 0 0  
82.938 2.15488 0.0255508 -5.05704 0 3 0 0 -5.20039  -5.11692 0 2.69671 0 0 -5.30651  -0.026529 0 0.0394965 0 0 -0.0239193  0.0864145 0 0.263798 0 0 0.13004  0 0 0 0 0 0  
83.5664 2.17104 0.025438 -4.90629 0 3 0 0 -5.02675  -4.97529 0 2.68091 0 0 -5.1364  -0.0308128 0 0.0430015 0 0 -0.0282449  0.0998077 0 0.276089 0 0 0.137905  0 0 0 0 0 0  
84.1947 2.18697 0.0255355 -4.72883 0 3 0 0 -4.79802  -4.82159 0 2.66616 0 0 -4.93429  -0.0276703 0 0.0430276 0 0 -0.0162371  0.12043 0 0.290812 0 0 0.152502  0 0 0 0 0 0  
84.823 2.20327 0.0268573 -4.59337 0 3 0 0 -4.72763  -4.69011 0 2.62235 0 0 -4.88525  -0.0439855 0 0.0431982 0 0 -0.0313818  0.140724 0 0.334449 0 0 0.189005  0 0 0 0 0 0  
85.4513 2.21998 0.0260635 -4.48964 0 3 0 0 -4.7742  -4.57035 0 2.63078 0 0 -4.89833  -0.048198 0 0.0462477 0 0 -0.0375703  0.12891 0 0.322976 0 0 0.1617  0 0 0 0 0 0  
86.0796 2.23563 0.0237608 -4.48149 0 3 0 0 -4.88125  -4.567 0 2.67806 0 0 -4.99039  -0.0368468 0 0.0401933 0 0 -0.0359121  0.122366 0 0.281751 0 0 0.145049  0 0 0 0 0 0  
86.708 2.25004 0.0223784 -4.47114 0 3 0 0 -4.9711  -4.55741 0 2.70271 0 0 -5.08129  -0.0297996 0 0.0383137 0 0 -0.027064  0.116068 0 0.258974 0 0 0.137255  0 0 0 0 0 0  
87.3363 2.26415 0.0218652 -4.50826 0 3 0 0 -4.97589  -4.61279 0 2.71086 0 0 -5.08943  -0.027906 0 0.0355653 0 0 -0.0221479  0.132436 0 0.253572 0 0 0.135692  0 0 0 0 0 0  
87.9646 2.2779 0.0220049 -4.61161 0 3 0 0 -5.12424  -4.70797 0 2.71711 0 0 -5.23479  -0.0268894 0 0.0347273 0 0 -0.0266545  0.123242 0 0.248161 0 0 0.137208  0 0 0 0 0 0  
88.5929 2.29192 0.0224774 -4.805 0 3 0 0 -5.32017  -4.8806 0 2.71874 0 0 -5.41037  -0.027294 0 0.0379505 0 0 -0.0240919  0.10289 0 0.243312 0 0 0.114292  0 0 0 0 0 0  
89.2212 2.30611 0.0232381 -4.80846 0 3 0 0 -5.44976  -4.87617 0 2.7192 0 0 -5.54822  -0.0332842 0 0.0378141 0 0 -0.0211387  0.101 0 0.242982 0 0 0.1196  0 0 0 0 0 0  
89.8495 2.32047 0.0221866 -4.99415 0 3 0 0 -5.52317  -5.06867 0 2.7225 0 0 -5.6332  -0.0372419 0 0.0358955 0 0 -0.0243757  0.111763 0 0.241606 0 0 0.134405  0 0 0 0 0 0  
90.4779 2.33422 0.0217324 -5.13636 0 3 0 0 -5.62406  -5.21291 0 2.74084 0 0 -5.72993  -0.0246247 0 0.038149 0 0 -0.022386  0.101174 0 0.221015 0 0 0.128257  0 0 0 0 0 0  
91.1062 2.34767 0.0214526 -5.18567 0 3 0 0 -5.61802  -5.26734 0 2.73348 0 0 -5.7349  -0.0252744 0 0.0385904 0 0 -0.0214621  0.106948 0 0.227925 0 0 0.138338  0 0 0 0 0 0  
91.7345 2.36119 0.0214794 -5.28253 0 3 0 0 -5.5171  -5.35315 0 2.73073 0 0 -5.63677  -0.0277371 0 0.0373745 0 0 -0.0156581  0.0983549 0 0.231892 0 0 0.135335  0 0 0 0 0 0  
92.3628 2.37467 0.0216179 -5.29511 0 3 0 0 -5.40789  -5.36435 0 2.73327 0 0 -5.54378  -0.0261508 0 0.035327 0 0 -0.0209918  0.0953872 0 0.231405 0 0 0.156889  0 0 0 0 0 0  
92.9911 2.38856 0.0224629 -5.2501 0 3 0 0 -5.24572  -5.33781 0 2.72859 0 0 -5.39288  -0.0181063 0 0.0340423 0 0 -0.0164867  0.105822 0 0.237363 0 0 0.163645  0 0 0 0 0 0  
93.6195 2.40307 0.023584 -5.1841 0 3 0 0 -5.16005  -5.28748 0 2.70061 0 0 -5.33762  -0.0185541 0 0.033044 0 0 -0.0162972  0.121929 0 0.266349 0 0 0.193868  0 0 0 0 0 0  
94.2478 2.41815 0.0245109 -5.18797 0 3 0 0 -5.05131  -5.2983 0 2.68146 0 0 -5.22745  -0.0231037 0 0.0345721 0 0 -0.0185492  0.13343 0 0.283966 0 0 0.194695  0 0 0 0 0 0  
94.8761 2.43421 0.0261912 -5.03884 0 3 0 0 -4.94278  -5.16672 0 2.64689 0 0 -5.11814  -0.036563 0 0.0387159 0 0 -0.0246523  0.164445 0 0.314394 0 0 0.200016  0 0 0 0 0 0  
95.5044 2.45081 0.026908 -4.86126 0 3 0 0 -4.78909  -4.96128 0 2.63149 0 0 -4.97747  -0.0454838 0 0.0435145 0 0 -0.0287418  0.145499 0 0.324999 0 0 0.217124  0 0 0 0 0 0  
96.1327 2.468 0.0277388 -4.84607 0 3 0 0 -4.80448  -4.94094 0 2.63996 0 0 -4.99341  -0.0461676 0 0.043668 0 0 -0.0177522  0.141039 0 0.31637 0 0 0.20668  0 0 0 0 0 0  
96.7611 2.4849 0.0267093 -4.87008 0 3 0 0 -4.92192  -4.95579 0 2.66283 0 0 -5.10874  -0.0524868 0 0.0377622 0 0 -0.0222997  0.138198 0 0.299413 0 0 0.209122  0 0 0 0 0 0  
97.3894 2.50124 0.0255715 -4.82883 0 3 0 0 -4.8951  -4.92147 0 2.67184 0 0 -5.07288  -0.0534953 0 0.0361618 0 0 -0.0209189  0.146133 0 0.292001 0 0 0.198698  0 0 0 0 0 0  
98.0177 2.51684 0.0242286 -4.89569 0 3 0 0 -4.90061  -4.97816 0 2.68043 0 0 -5.06815  -0.0487649 0 0.0373316 0 0 -0.0187154  0.131242 0 0.282239 0 0 0.186249  0 0 0 0 0 0  
98.646 2.53233 0.0247978 -4.97801 0 3 0 0 -4.87164  -5.06226 0 2.66605 0 0 -5.0489  -0.0490096 0 0.0396412 0 0 -0.0250731  0.133261 0 0.294311 0 0 0.202333  0 0 0 0 0 0  
99.2743 2.54761 0.0239108 -5.22452 0 3 0 0 -4.85446  -5.29216 0 2.68086 0 0 -5.01223  -0.047542 0 0.0420417 0 0 -0.0270252  0.115186 0 0.277103 0 0 0.184791  0 0 0 0 0 0  
99.9026 2.56239 0.0229711 -5.46861 0 3 0 0 -4.85847  -5.52892 0 2.69988 0 0 -4.99611  -0.0413104 0 0.0399379 0 0 -0.0294444  0.10162 0 0.260183 0 0 0.167084  0 0 0 0 0 0  
100.531 2.57639 0.0217684 -5.63619 0 3 0 0 -4.84531  -5.69505 0 2.7299 0 0 -4.97179  -0.033608 0 0.0363382 0 0 -0.0240351  0.0924678 0 0.233766 0 0 0.150517  0 0 0 0 0 0  
101.159 2.58936 0.0201004 -5.64962 0 3 0 0 -4.7837  -5.70282 0 2.75813 0 0 -4.89448  -0.0313426 0 0.0306055 0 0 -0.0222469  0.0845422 0 0.211263 0 0 0.133026  0 0 0 0 0 0  
101.788 2.60161 0.0187385 -5.60001 0 3 0 0 -4.81544  -5.64513 0 2.76948 0 0 -4.91821  -0.0331161 0 0.0298689 0 0 -0.0238398  0.0782357 0 0.200653 0 0 0.126605  0 0 0 0 0 0  
102.416 2.61324 0.0182906 -5.64052 0 3 0 0 -4.90877  -5.68134 0 2.77681 0 0 -5.00994  -0.0358171 0 0.0283062 0 0 -0.0250979  0.0766387 0 0.194888 0 0 0.126264  0 0 0 0 0 0  
103.044 2.62414 0.0169037 -5.62247 0 3 0 0 -4.93171  -5.66272 0 2.7957 0 0 -5.01627  -0.0298686 0 0.0259678 0 0 -0.0265049  0.0701213 0 0.178336 0 0 0.111064  0 0 0 0 0 0  
103.673 2.6347 0.0166634 -5.66706 0 3 0 0 -4.99557  -5.69842 0 2.80416 0 0 -5.07004  -0.0253786 0 0.0272938 0 0 -0.0225638  0.0567371 0 0.168551 0 0 0.0970315  0 0 0 0 0 0  
104.301 2.6452 0.0169014 -5.70379 0 3 0 0 -5.07399  -5.73639 0 2.80873 0 0 -5.1437  -0.0214657 0 0.0279085 0 0 -0.0175456  0.0540726 0 0.163366 0 0 0.0872522  0 0 0 0 0 0  
104.929 2.65582 0.0168757 -5.79395 0 3 0 0 -5.17264  -5.83248 0 2.81155 0 0 -5.24101  -0.0201204 0 0.0272375 0 0 -0.0174264  0.0586517 0 0.161216 0 0 0.0857927  0 0 0 0 0 0  
105.558 2.66674 0.0177509 -5.79965 0 3 0 0 -5.26101  -5.84092 0 2.79994 0 0 -5.33446  -0.0164907 0 0.0273134 0 0 -0.0155559  0.0577645 0 0.172742 0 0 0.0890097  0 0 0 0 0 0  
106.186 2.67816 0.0188761 -5.80078 0 3 0 0 -5.3192  -5.84535 0 2.78865 0 0 -5.41177  -0.017765 0 0.0291577 0 0 -0.0147052  0.0623317 0 0.182194 0 0 0.107267  0 0 0 0 0 0  
106.814 2.69017 0.019569 -5.82483 0 3 0 0 -5.42516  -5.86962 0 2.77817 0 0 -5.53379  -0.0213367 0 0.0296992 0 0 -0.0174702  0.0661218 0 0.192133 0 0 0.126096  0 0 0 0 0 0  
107.442 2.70257 0.0199418 -5.81584 0 3 0 0 -5.42144  -5.86062 0 2.77589 0 0 -5.53091  -0.0236184 0 0.0304084 0 0 -0.00911857  0.0683996 0 0.193704 0 0 0.118583  0 0 0 0 0 0  
108.071 2.71542 0.0206899 -5.77438 0 3 0 0 -5.43167  -5.82093 0 2.76188 0 0 -5.54278  -0.0315 0 0.0322506 0 0 -0.0183969  0.0780556 0 0.205871 0 0 0.129513  0 0 0 0 0 0  
108.699 2.7288 0.0215766 -5.60818 0 3 0 0 -5.35867  -5.64826 0 2.74727 0 0 -5.46131  -0.032366 0 0.0355875 0 0 -0.0156743  0.0724555 0 0.217143 0 0 0.118319  0 0 0 0 0 0  
109.327 2.74251 0.0218101 -5.46622 0 3 0 0 -5.12215  -5.5295 0 2.74259 0 0 -5.24469  -0.0301533 0 0.0336607 0 0 -0.0117291  0.0934358 0 0.223747 0 0 0.134272  0 0 0 0 0 0  
109.956 2.75649 0.0224026 -5.40284 0 3 0 0 -4.98753  -5.48156 0 2.71786 0 0 -5.15448  -0.0332089 0 0.0330101 0 0 -0.0140447  0.11193 0 0.249127 0 0 0.180994  0 0 0 0 0 0  
110.584 2.77086 0.0235358 -5.33087 0 3 0 0 -4.78157  -5.42238 0 2.69685 0 0 -4.95161  -0.0282649 0 0.0403188 0 0 -0.00926574  0.119771 0 0.262828 0 0 0.179303  0 0 0 0 0 0  
111.212 2.78591 0.0245289 -5.21345 0 3 0 0 -4.47122  -5.32366 0 2.67579 0 0 -4.67012  -0.0356712 0 0.0398367 0 0 -0.0262416  0.145877 0 0.284373 0 0 0.225145  0 0 0 0 0 0  
111.841 2.8016 0.0257342 -5.06189 0 3 0 0 -4.38886  -5.1695 0 2.65885 0 0 -4.58014  -0.035339 0 0.0425776 0 0 -0.0254237  0.142947 0 0.298573 0 0 0.216704  0 0 0 0 0 0  
112.469 2.81818 0.0263838 -5.02647 0 3 0 0 -4.28039  -5.13681 0 2.64163 0 0 -4.4659  -0.04284 0 0.0447902 0 0 -0.0342669  0.153181 0 0.313578 0 0 0.219774  0 0 0 0 0 0  
113.097 2.83491 0.0268305 -4.93484 0 3 0 0 -4.05893  -5.0758 0 2.62185 0 0 -4.27043  -0.0468769 0 0.0403027 0 0 -0.0448406  0.187838 0 0.337848 0 0 0.256338  0 0 0 0 0 0  
113.726 2.85202 0.0274103 -4.88194 0 3 0 0 -3.96961  -5.05807 0 2.61341 0 0 -4.19036  -0.0449414 0 0.0402286 0 0 -0.03926  0.22107 0 0.346357 0 0 0.260009  0 0 0 0 0 0  
114.354 2.86908 0.0280108 -4.72623 0 3 0 0 -3.99267  -4.92096 0 2.60618 0 0 -4.23178  -0.0401226 0 0.0364795 0 0 -0.0409857  0.234853 0 0.357337 0 0 0.280098  0 0 0 0 0 0  
114.982 2.88625 0.0269518 -4.72841 0 3 0 0 -4.22671  -4.91734 0 2.60922 0 0 -4.45254  -0.0430713 0 0.0340034 0 0 -0.0469816  0.232 0 0.356773 0 0 0.272808  0 0 0 0 0 0  
115.611 2.90312 0.0269591 -4.90747 0 3 0 0 -4.43676  -5.0807 0 2.61637 0 0 -4.64946  -0.0421674 0 0.0390455 0 0 -0.0404745  0.215391 0 0.344586 0 0 0.25317  0 0 0 0 0 0  
116.239 2.91966 0.0262255 -5.07879 0 3 0 0 -4.7102  -5.21953 0 2.64825 0 0 -4.88131  -0.0379763 0 0.0392052 0 0 -0.0329555  0.178717 0 0.312543 0 0 0.204067  0 0 0 0 0 0  
116.867 2.93576 0.0252303 -5.21344 0 3 0 0 -4.9793  -5.34079 0 2.67621 0 0 -5.12913  -0.0379159 0 0.0327707 0 0 -0.0321276  0.16526 0 0.291019 0 0 0.181967  0 0 0 0 0 0  
117.496 2.95111 0.0236745 -5.35702 0 3 0 0 -5.11596  -5.4634 0 2.70375 0 0 -5.23431  -0.034448 0 0.0319351 0 0 -0.0270193  0.14083 0 0.264316 0 0 0.145375  0 0 0 0 0 0  
118.124 2.9661 0.0236251 -5.3598 0 3 0 0 -5.09464  -5.47751 0 2.70216 0 0 -5.20874  -0.0322126 0 0.0308593 0 0 -0.0317628  0.149923 0 0.26698 0 0 0.145866  0 0 0 0 0 0  
118.752 2.98072 0.0229627 -5.29476 0 3 0 0 -5.06165  -5.4078 0 2.71032 0 0 -5.16595  -0.0296516 0 0.0313574 0 0 -0.033592  0.142694 0 0.25832 0 0 0.137895  0 0 0 0 0 0  
119.381 2.99472 0.0220543 -5.23162 0 3 0 0 -5.13385  -5.33415 0 2.73158 0 0 -5.23425  -0.0256412 0 0.0308978 0 0 -0.0296343  0.128171 0 0.23752 0 0 0.130036  0 0 0 0 0 0  
120.009 3.00855 0.0220259 -5.11654 0 3 0 0 -5.11819  -5.21101 0 2.74021 0 0 -5.21153  -0.0219772 0 0.0309001 0 0 -0.026648  0.116456 0 0.228885 0 0 0.119979  0 0 0 0 0 0  
120.637 3.02295 0.0231512 -5.08511 0 3 0 0 -5.16867  -5.19031 0 2.72881 0 0 -5.26454  -0.0250141 0 0.0305769 0 0 -0.03496  0.130212 0 0.24061 0 0 0.130829  0 0 0 0 0 0  
121.265 3.0377 0.0240038 -5.04411 0 3 0 0 -5.22074  -5.15203 0 2.72016 0 0 -5.32316  -0.0290694 0 0.0312881 0 0 -0.0356643  0.136994 0 0.248557 0 0 0.138086  0 0 0 0 0 0  
121.894 3.0527 0.0242187 -4.89659 0 3 0 0 -5.4061  -5.00343 0 2.70443 0 0 -5.49404  -0.0298446 0 0.0354828 0 0 -0.0382155  0.136677 0 0.260088 0 0 0.126155  0 0 0 0 0 0  
122.522 3.06823 0.0252093 -4.75732 0 3 0 0 -5.42232  -4.89233 0 2.67775 0 0 -5.52648  -0.036446 0 0.0364471 0 0 -0.0438102  0.171452 0 0.285804 0 0 0.147971  0 0 0 0 0 0  
123.15 3.08448 0.0259778 -4.75604 0 3 0 0 -5.36517  -4.87258 0 2.66243 0 0 -5.46497  -0.0392392 0 0.0426443 0 0 -0.0490266  0.155784 0 0.294929 0 0 0.148826  0 0 0 0 0 0  
123.779 3.10074 0.0254734 -4.72192 0 3 0 0 -5.22093  -4.85109 0 2.66788 0 0 -5.33689  -0.0364281 0 0.0382243 0 0 -0.0490113  0.165601 0 0.293891 0 0 0.16497  0 0 0 0 0 0  
124.407 3.1169 0.0259566 -4.7405 0 3 0 0 -5.29118  -4.86444 0 2.65983 0 0 -5.41955  -0.0468576 0 0.0398515 0 0 -0.0530901  0.170803 0 0.300316 0 0 0.181467  0 0 0 0 0 0  
125.035 3.13324 0.0263336 -4.70177 0 3 0 0 -5.29548  -4.83075 0 2.64872 0 0 -5.44577  -0.0422905 0 0.039865 0 0 -0.0399444  0.171271 0 0.311415 0 0 0.190235  0 0 0 0 0 0  
125.664 3.14986 0.0261568 -4.70948 0 3 0 0 -5.33462  -4.82707 0 2.65683 0 0 -5.46578  -0.042675 0 0.0424763 0 0 -0.0424279  0.160265 0 0.30069 0 0 0.173591  0 0 0 0 0 0  
126.292 3.16646 0.0257964 -4.79556 0 3 0 0 -5.28593  -4.90074 0 2.66889 0 0 -5.40091  -0.0338385 0 0.0423583 0 0 -0.0391574  0.139016 0 0.288756 0 0 0.154138  0 0 0 0 0 0  
126.92 3.1827 0.0253599 -4.86605 0 3 0 0 -5.19058  -4.9616 0 2.67675 0 0 -5.29834  -0.0304799 0 0.0429114 0 0 -0.0302018  0.126026 0 0.280342 0 0 0.137959  0 0 0 0 0 0  
127.549 3.19865 0.0252008 -4.86258 0 3 0 0 -4.98753  -4.96168 0 2.6802 0 0 -5.10536  -0.0265212 0 0.0397789 0 0 -0.0305717  0.125617 0 0.280017 0 0 0.148409  0 0 0 0 0 0  
128.177 3.21442 0.0248933 -4.95366 0 3 0 0 -4.88561  -5.04097 0 2.68283 0 0 -4.99644  -0.0405533 0 0.0369097 0 0 -0.0365786  0.127864 0 0.28026 0 0 0.147406  0 0 0 0 0 0  
128.805 3.2302 0.0251094 -5.08283 0 3 0 0 -4.75224  -5.15602 0 2.68954 0 0 -4.84747  -0.0359188 0 0.0417454 0 0 -0.0368601  0.109111 0 0.268719 0 0 0.132088  0 0 0 0 0 0  
129.434 3.24563 0.0240432 -5.16637 0 3 0 0 -4.67962  -5.25027 0 2.69511 0 0 -4.78548  -0.045887 0 0.0375177 0 0 -0.0405297  0.129791 0 0.267375 0 0 0.146385  0 0 0 0 0 0  
130.062 3.26077 0.0239422 -5.23635 0 3 0 0 -4.67257  -5.33213 0 2.69473 0 0 -4.79994  -0.0404578 0 0.0323287 0 0 -0.0365022  0.13623 0 0.272944 0 0 0.163873  0 0 0 0 0 0  
130.69 3.27586 0.0246316 -5.25943 0 3 0 0 -4.63553  -5.36168 0 2.6882 0 0 -4.77596  -0.0419966 0 0.0324226 0 0 -0.0305492  0.144251 0 0.279377 0 0 0.170986  0 0 0 0 0 0  
131.319 3.29169 0.0252585 -5.21744 0 3 0 0 -4.58569  -5.3157 0 2.68512 0 0 -4.73343  -0.0437739 0 0.0347852 0 0 -0.0252964  0.142037 0 0.280092 0 0 0.173046  0 0 0 0 0 0  
131.947 3.30804 0.026494 -5.08038 0 3 0 0 -4.51607  -5.18214 0 2.64912 0 0 -4.69081  -0.0464439 0 0.0318821 0 0 -0.031938  0.148202 0 0.319 0 0 0.206682  0 0 0 0 0 0  
132.575 3.32496 0.0274742 -5.02476 0 3 0 0 -4.48838  -5.11654 0 2.63679 0 0 -4.66317  -0.0495006 0 0.0357741 0 0 -0.0330482  0.141288 0 0.327433 0 0 0.207844  0 0 0 0 0 0  
133.204 3.34281 0.0289308 -4.88495 0 3 0 0 -4.44347  -4.99897 0 2.61023 0 0 -4.63641  -0.0617286 0 0.0363676 0 0 -0.0428556  0.17575 0 0.353404 0 0 0.2358  0 0 0 0 0 0  
133.832 3.36117 0.0299576 -4.83558 0 3 0 0 -4.48571  -4.94799 0 2.599 0 0 -4.68168  -0.0622213 0 0.0428625 0 0 -0.0484005  0.174623 0 0.35814 0 0 0.244375  0 0 0 0 0 0  
134.46 3.37957 0.0286227 -4.82594 0 3 0 0 -4.5673  -4.95573 0 2.60744 0 0 -4.7544  -0.064126 0 0.0426623 0 0 -0.0477777  0.193914 0 0.349898 0 0 0.234877  0 0 0 0 0 0  
135.088 3.39717 0.02747 -4.72153 0 3 0 0 -4.6491  -4.8427 0 2.60205 0 0 -4.84325  -0.0491122 0 0.0434035 0 0 -0.045635  0.170287 0 0.354542 0 0 0.23978  0 0 0 0 0 0  
135.717 3.41375 0.0256483 -4.6988 0 3 0 0 -4.57203  -4.82188 0 2.63083 0 0 -4.7599  -0.0353704 0 0.0383652 0 0 -0.0427923  0.158446 0 0.330805 0 0 0.230664  0 0 0 0 0 0  
136.345 3.42973 0.0254144 -4.68329 0 3 0 0 -4.50336  -4.81069 0 2.64619 0 0 -4.68936  -0.0412825 0 0.034388 0 0 -0.0399582  0.168684 0 0.319424 0 0 0.225955  0 0 0 0 0 0  
136.973 3.44544 0.0244632 -4.82006 0 3 0 0 -4.54396  -4.91296 0 2.68008 0 0 -4.69546  -0.0338457 0 0.0347289 0 0 -0.0309022  0.12674 0 0.285192 0 0 0.182395  0 0 0 0 0 0  
137.602 3.46045 0.0232569 -4.93974 0 3 0 0 -4.62024  -5.03416 0 2.69388 0 0 -4.77182  -0.0379449 0 0.0288229 0 0 -0.0300207  0.132363 0 0.277294 0 0 0.181599  0 0 0 0 0 0  
138.23 3.47509 0.0228588 -4.98895 0 3 0 0 -4.63389  -5.07436 0 2.71416 0 0 -4.77433  -0.0342481 0 0.0328188 0 0 -0.0233448  0.119656 0 0.25302 0 0 0.163783  0 0 0 0 0 0  
138.858 3.48933 0.0221901 -5.13142 0 3 0 0 -4.56836  -5.21102 0 2.71996 0 0 -4.71188  -0.0316555 0 0.0343353 0 0 -0.0229195  0.111257 0 0.245705 0 0 0.166447  0 0 0 0 0 0  
139.487 3.50321 0.0220944 -5.1796 0 3 0 0 -4.49086  -5.26539 0 2.73605 0 0 -4.62303  -0.0248146 0 0.0354396 0 0 -0.0168207  0.110601 0 0.228512 0 0 0.148999  0 0 0 0 0 0  
140.115 3.51658 0.021181 -5.13776 0 3 0 0 -4.37254  -5.20803 0 2.75351 0 0 -4.49216  -0.0242137 0 0.031063 0 0 -0.0157223  0.0944839 0 0.215427 0 0 0.135349  0 0 0 0 0 0  
140.743 3.53052 0.0233249 -4.92109 0 3 0 0 -4.20653  -4.99061 0 2.72036 0 0 -4.32824  -0.0248863 0 0.036162 0 0 -0.0142863  0.0944049 0 0.243474 0 0 0.135992  0 0 0 0 0 0  
141.372 3.5455 0.0247874 -4.65821 0 3 0 0 -4.02458  -4.74343 0 2.68607 0 0 -4.18197  -0.0301709 0 0.0361597 0 0 -0.0204509  0.115396 0 0.277775 0 0 0.177836  0 0 0 0 0 0  
142 3.56168 0.0267866 -4.47012 0 3 0 0 -3.98303  -4.56246 0 2.66443 0 0 -4.15288  -0.0355729 0 0.03848 0 0 -0.0331087  0.127907 0 0.29709 0 0 0.202962  0 0 0 0 0 0  
142.628 3.57868 0.027498 -4.37651 0 3 0 0 -4.09221  -4.46865 0 2.64302 0 0 -4.25508  -0.0420404 0 0.0392148 0 0 -0.0323194  0.134181 0 0.317763 0 0 0.195198  0 0 0 0 0 0  
143.257 3.59626 0.02828 -4.20998 0 3 0 0 -4.10677  -4.30634 0 2.6321 0 0 -4.2848  -0.0429832 0 0.0362289 0 0 -0.0325922  0.139339 0 0.331673 0 0 0.210623  0 0 0 0 0 0  
143.885 3.61469 0.0307523 -4.07651 0 3 0 0 -4.12625  -4.18361 0 2.59881 0 0 -4.32534  -0.0465975 0 0.039701 0 0 -0.0393115  0.153698 0 0.361488 0 0 0.238399  0 0 0 0 0 0  
144.513 3.63444 0.0320457 -3.99598 0 3 0 0 -4.22294  -4.12147 0 2.59793 0 0 -4.43342  -0.0545964 0 0.0378177 0 0 -0.0420052  0.180078 0 0.364247 0 0 0.252485  0 0 0 0 0 0  
145.142 3.65467 0.0326756 -4.01635 0 3 0 0 -4.12349  -4.14534 0 2.56135 0 0 -4.33411  -0.0651242 0 0.0420766 0 0 -0.0473834  0.194115 0 0.396577 0 0 0.257999  0 0 0 0 0 0  
145.77 3.67488 0.0318359 -4.04604 0 3 0 0 -4.01924  -4.18304 0 2.56951 0 0 -4.22416  -0.0673001 0 0.0405563 0 0 -0.0485076  0.204303 0 0.389933 0 0 0.253425  0 0 0 0 0 0  
146.398 3.69425 0.030237 -4.0808 0 3 0 0 -4.15147  -4.25554 0 2.57251 0 0 -4.36257  -0.0664562 0 0.0405398 0 0 -0.0507681  0.241195 0 0.386954 0 0 0.261868  0 0 0 0 0 0  
147.027 3.71303 0.029055 -4.16633 0 3 0 0 -4.30004  -4.32356 0 2.57501 0 0 -4.49457  -0.0641996 0 0.0432822 0 0 -0.0547319  0.221431 0 0.381704 0 0 0.249256  0 0 0 0 0 0  
147.655 3.73114 0.028515 -4.24877 0 3 0 0 -4.39357  -4.42293 0 2.58844 0 0 -4.60648  -0.0733192 0 0.0405747 0 0 -0.0553829  0.247477 0 0.370988 0 0 0.268289  0 0 0 0 0 0  
148.283 3.74872 0.0272981 -4.54651 0 3 0 0 -4.56783  -4.69265 0 2.61539 0 0 -4.73878  -0.0616535 0 0.0426862 0 0 -0.0515089  0.207788 0 0.34192 0 0 0.222461  0 0 0 0 0 0  
148.911 3.76531 0.0255333 -4.70433 0 3 0 0 -4.64175  -4.82477 0 2.66587 0 0 -4.78992  -0.0495674 0 0.0380677 0 0 -0.0494779  0.17001 0 0.296067 0 0 0.197648  0 0 0 0 0 0  
149.54 3.78102 0.024696 -4.75919 0 3 0 0 -4.73036  -4.87456 0 2.67236 0 0 -4.8616  -0.0524633 0 0.0348616 0 0 -0.0557828  0.16783 0 0.292781 0 0 0.187019  0 0 0 0 0 0  
150.168 3.79689 0.0254964 -4.74278 0 3 0 0 -4.71512  -4.84906 0 2.66704 0 0 -4.83357  -0.047822 0 0.0389793 0 0 -0.0528199  0.154101 0 0.293978 0 0 0.171275  0 0 0 0 0 0  
150.796 3.81292 0.0254765 -4.72756 0 3 0 0 -4.79472  -4.81946 0 2.67044 0 0 -4.90074  -0.0511083 0 0.0431271 0 0 -0.0472348  0.143009 0 0.286429 0 0 0.153254  0 0 0 0 0 0  
151.425 3.82902 0.0253401 -4.67668 0 3 0 0 -4.82086  -4.76734 0 2.68116 0 0 -4.93295  -0.0479946 0 0.0386949 0 0 -0.041307  0.138649 0 0.280145 0 0 0.1534  0 0 0 0 0 0  
152.053 3.8451 0.0259128 -4.57747 0 3 0 0 -4.77267  -4.68861 0 2.65912 0 0 -4.91341  -0.0543156 0 0.0358713 0 0 -0.039848  0.165453 0 0.305009 0 0 0.180585  0 0 0 0 0 0  
152.681 3.86119 0.0253955 -4.51751 0 3 0 0 -4.77962  -4.62625 0 2.6627 0 0 -4.92968  -0.0520478 0 0.0394729 0 0 -0.0368969  0.160783 0 0.297826 0 0 0.186958  0 0 0 0 0 0  
153.31 3.87702 0.0249637 -4.59079 0 3 0 0 -4.80587  -4.69306 0 2.67421 0 0 -4.94973  -0.0522825 0 0.0408727 0 0 -0.0394108  0.15456 0 0.284914 0 0 0.18327  0 0 0 0 0 0  
153.938 3.89236 0.0243463 -4.66743 0 3 0 0 -4.82847  -4.74633 0 2.68805 0 0 -4.95952  -0.0495684 0 0.0400727 0 0 -0.034445  0.128469 0 0.271877 0 0 0.165492  0 0 0 0 0 0  
154.566 3.90772 0.0241521 -4.5653 0 3 0 0 -4.89219  -4.649 0 2.69444 0 0 -5.02556  -0.0476697 0 0.0368156 0 0 -0.0332877  0.131369 0 0.268744 0 0 0.166658  0 0 0 0 0 0  
155.195 3.92273 0.0237222 -4.4249 0 3 0 0 -4.99647  -4.49692 0 2.70524 0 0 -5.11188  -0.0451429 0 0.0362067 0 0 -0.0330047  0.117161 0 0.258549 0 0 0.148418  0 0 0 0 0 0  
155.823 3.93792 0.0246777 -4.32131 0 3 0 0 -4.98838  -4.39323 0 2.69319 0 0 -5.11044  -0.0498036 0 0.0354002 0 0 -0.0352013  0.12173 0 0.271413 0 0 0.157264  0 0 0 0 0 0  
156.451 3.95385 0.0258301 -4.32397 0 3 0 0 -4.89961  -4.38844 0 2.67145 0 0 -5.01886  -0.0590935 0 0.036621 0 0 -0.0386076  0.123571 0 0.291933 0 0 0.157863  0 0 0 0 0 0  
157.08 3.96969 0.0240865 -4.39653 0 3 0 0 -4.92168  -4.45501 0 2.68441 0 0 -5.04485  -0.0548883 0 0.0342724 0 0 -0.0422566  0.113362 0 0.281313 0 0 0.16543  0 0 0 0 0 0  
157.708 3.98429 0.0221797 -4.53856 0 3 0 0 -4.96403  -4.59019 0 2.70976 0 0 -5.08021  -0.0424454 0 0.0327626 0 0 -0.0356927  0.0940802 0 0.257482 0 0 0.151872  0 0 0 0 0 0  
158.336 3.99765 0.0200277 -4.65791 0 3 0 0 -5.051  -4.70779 0 2.75157 0 0 -5.171  -0.0340913 0 0.0276327 0 0 -0.0255109  0.0839738 0 0.220795 0 0 0.145509  0 0 0 0 0 0  
158.965 4.00996 0.0192215 -4.80872 0 3 0 0 -5.12463  -4.84217 0 2.76027 0 0 -5.23  -0.0291719 0 0.0294341 0 0 -0.0155275  0.0626246 0 0.210293 0 0 0.120903  0 0 0 0 0 0  
159.593 4.02173 0.0182625 -4.91417 0 3 0 0 -5.16422  -4.95396 0 2.7783 0 0 -5.26389  -0.0307282 0 0.0282556 0 0 -0.0160959  0.0705222 0 0.193446 0 0 0.115771  0 0 0 0 0 0  
160.221 4.03343 0.0182743 -5.02154 0 3 0 0 -5.19757  -5.07092 0 2.78536 0 0 -5.29728  -0.0269548 0 0.0270247 0 0 -0.0156532  0.0763343 0 0.187619 0 0 0.115364  0 0 0 0 0 0  
160.85 4.04525 0.0191284 -5.08199 0 3 0 0 -5.15241  -5.12525 0 2.78253 0 0 -5.25528  -0.028651 0 0.0269615 0 0 -0.0133745  0.0719055 0 0.19051 0 0 0.116246  0 0 0 0 0 0  
161.478 4.05769 0.0205366 -5.10272 0 3 0 0 -5.1553  -5.14411 0 2.7651 0 0 -5.25481  -0.0357731 0 0.0292756 0 0 -0.0165244  0.0771691 0 0.205625 0 0 0.116033  0 0 0 0 0 0  
162.106 4.07093 0.0216144 -5.09849 0 3 0 0 -5.0391  -5.15649 0 2.74754 0 0 -5.15997  -0.0379122 0 0.0300219 0 0 -0.0197201  0.0959115 0 0.222436 0 0 0.140589  0 0 0 0 0 0  
162.734 4.08459 0.0219137 -5.11702 0 3 0 0 -4.91512  -5.17856 0 2.7344 0 0 -5.04826  -0.0415077 0 0.0302655 0 0 -0.0245788  0.103047 0 0.235334 0 0 0.157721  0 0 0 0 0 0  
163.363 4.09881 0.0231436 -5.14475 0 3 0 0 -4.79526  -5.21877 0 2.72282 0 0 -4.93579  -0.0429933 0 0.0304123 0 0 -0.0243331  0.117011 0 0.246768 0 0 0.164855  0 0 0 0 0 0  
163.991 4.11337 0.0235306 -5.15452 0 3 0 0 -4.68739  -5.22692 0 2.70677 0 0 -4.82183  -0.0469542 0 0.034469 0 0 -0.022738  0.119356 0 0.258766 0 0 0.157178  0 0 0 0 0 0  
164.619 4.12857 0.0243095 -5.16877 0 3 0 0 -4.63202  -5.24978 0 2.69895 0 0 -4.77247  -0.0424417 0 0.0360194 0 0 -0.0217127  0.123453 0 0.265034 0 0 0.162157  0 0 0 0 0 0  
165.248 4.14344 0.023784 -5.19031 0 3 0 0 -4.53936  -5.25827 0 2.69712 0 0 -4.67348  -0.0454441 0 0.0400885 0 0 -0.0190468  0.113403 0 0.262796 0 0 0.153161  0 0 0 0 0 0  
165.876 4.1587 0.0246667 -5.18645 0 3 0 0 -4.42354  -5.27739 0 2.68974 0 0 -4.57306  -0.0416641 0 0.0388387 0 0 -0.0252458  0.132602 0 0.271421 0 0 0.174762  0 0 0 0 0 0  
166.504 4.17425 0.0254233 -5.15979 0 3 0 0 -4.33868  -5.26387 0 2.65851 0 0 -4.51885  -0.046553 0 0.0366152 0 0 -0.0390376  0.150636 0 0.304876 0 0 0.219203  0 0 0 0 0 0  
167.133 4.19015 0.0252133 -5.18564 0 3 0 0 -4.3234  -5.27817 0 2.65911 0 0 -4.48737  -0.0463126 0 0.0420398 0 0 -0.0382514  0.138843 0 0.298855 0 0 0.202218  0 0 0 0 0 0  
167.761 4.20601 0.0256137 -5.13317 0 3 0 0 -4.25349  -5.24433 0 2.63914 0 0 -4.45125  -0.0557974 0 0.0381814 0 0 -0.051296  0.166952 0 0.322678 0 0 0.249058  0 0 0 0 0 0  
168.389 4.22223 0.0256671 -5.03072 0 3 0 0 -4.21471  -5.15257 0 2.63885 0 0 -4.41594  -0.0486662 0 0.0395397 0 0 -0.042297  0.170516 0 0.321608 0 0 0.243528  0 0 0 0 0 0  
169.018 4.23834 0.0257902 -4.91918 0 3 0 0 -4.24722  -5.05904 0 2.64293 0 0 -4.43887  -0.042557 0 0.0341686 0 0 -0.0406459  0.182417 0 0.322901 0 0 0.232291  0 0 0 0 0 0  
169.646 4.25536 0.0275339 -4.68618 0 3 0 0 -4.15493  -4.84337 0 2.62313 0 0 -4.37012  -0.0418678 0 0.0357718 0 0 -0.0355906  0.199061 0 0.341102 0 0 0.250777  0 0 0 0 0 0  
170.274 4.27275 0.0274867 -4.40935 0 3 0 0 -4.1229  -4.58106 0 2.62442 0 0 -4.32385  -0.0470255 0 0.0326695 0 0 -0.0373736  0.218727 0 0.342913 0 0 0.23832  0 0 0 0 0 0  
170.903 4.28986 0.0275356 -4.14319 0 3 0 0 -4.10635  -4.29925 0 2.63218 0 0 -4.28422  -0.0430469 0 0.0340503 0 0 -0.0306307  0.1991 0 0.333775 0 0 0.208502  0 0 0 0 0 0  
171.531 4.30748 0.0287864 -4.03921 0 3 0 0 -4.17134  -4.18961 0 2.61315 0 0 -4.33846  -0.0456639 0 0.0381097 0 0 -0.0360102  0.196065 0 0.348744 0 0 0.203128  0 0 0 0 0 0  
172.159 4.32584 0.0295274 -4.12222 0 3 0 0 -4.3061  -4.26904 0 2.60158 0 0 -4.47713  -0.0550316 0 0.0413444 0 0 -0.0478833  0.201855 0 0.35708 0 0 0.218912  0 0 0 0 0 0  
172.788 4.34442 0.0295547 -4.2642 0 3 0 0 -4.40259  -4.39797 0 2.60495 0 0 -4.54357  -0.0519223 0 0.044525 0 0 -0.048047  0.185695 0 0.350529 0 0 0.189026  0 0 0 0 0 0  
173.416 4.36299 0.0295738 -4.42864 0 3 0 0 -4.49309  -4.5583 0 2.60497 0 0 -4.62771  -0.0508775 0 0.0435523 0 0 -0.0515059  0.180537 0 0.351482 0 0 0.186128  0 0 0 0 0 0  
174.044 4.38158 0.0300227 -4.55902 0 3 0 0 -4.55137  -4.697 0 2.61498 0 0 -4.66623  -0.0458369 0 0.0452856 0 0 -0.0544723  0.183822 0 0.339735 0 0 0.169337  0 0 0 0 0 0  
174.673 4.40061 0.0301083 -4.52941 0 3 0 0 -4.47459  -4.67866 0 2.58401 0 0 -4.5965  -0.0620851 0 0.0490394 0 0 -0.0670193  0.211336 0 0.366949 0 0 0.188933  0 0 0 0 0 0  
175.301 4.41887 0.0273504 -4.52657 0 3 0 0 -4.40036  -4.66274 0 2.60775 0 0 -4.50917  -0.0601335 0 0.0453588 0 0 -0.0652995  0.196301 0 0.346889 0 0 0.174114  0 0 0 0 0 0  
175.929 4.4358 0.0260573 -4.54465 0 3 0 0 -4.48161  -4.68073 0 2.62788 0 0 -4.59825  -0.0462361 0 0.044766 0 0 -0.0532997  0.182316 0 0.327355 0 0 0.169932  0 0 0 0 0 0  
176.558 4.45187 0.0248167 -4.48999 0 3 0 0 -4.45684  -4.61243 0 2.65956 0 0 -4.57856  -0.0414364 0 0.0426383 0 0 -0.0552724  0.163876 0 0.297803 0 0 0.176991  0 0 0 0 0 0  
177.186 4.46716 0.0238683 -4.6496 0 3 0 0 -4.54858  -4.75835 0 2.6873 0 0 -4.67483  -0.0426547 0 0.0382896 0 0 -0.0493044  0.15141 0 0.274407 0 0 0.175552  0 0 0 0 0 0  
177.814 4.48179 0.0228295 -4.82555 0 3 0 0 -4.64365  -4.92457 0 2.7061 0 0 -4.75825  -0.0372237 0 0.0374932 0 0 -0.0345917  0.136244 0 0.256403 0 0 0.149197  0 0 0 0 0 0  
178.442 4.49582 0.0219937 -4.8516 0 3 0 0 -4.68862  -4.94745 0 2.71693 0 0 -4.80635  -0.0306173 0 0.0352674 0 0 -0.0256465  0.126468 0 0.247806 0 0 0.143383  0 0 0 0 0 0  
179.071 4.5095 0.0213505 -4.94605 0 3 0 0 -4.78574  -5.03415 0 2.728 0 0 -4.89653  -0.034243 0 0.0312396 0 0 -0.029493  0.122342 0 0.240761 0 0 0.140288  0 0 0 0 0 0  
179.699 4.52275 0.0209578 -5.05238 0 3 0 0 -4.80854  -5.1349 0 2.73764 0 0 -4.91349  -0.0325455 0 0.031553 0 0 -0.026422  0.115061 0 0.230811 0 0 0.131372  0 0 0 0 0 0  
180.327 4.53585 0.0209948 -5.20596 0 3 0 0 -4.89007  -5.27262 0 2.74992 0 0 -4.98825  -0.0322981 0 0.030027 0 0 -0.0209551  0.0989567 0 0.220057 0 0 0.119134  0 0 0 0 0 0  
180.956 4.54914 0.0215963 -5.29199 0 3 0 0 -4.98602  -5.35923 0 2.75321 0 0 -5.08736  -0.0274654 0 0.0292391 0 0 -0.0139742  0.0947045 0 0.217554 0 0 0.115317  0 0 0 0 0 0  
181.584 4.56281 0.0216264 -5.34669 0 3 0 0 -5.06259  -5.40504 0 2.75775 0 0 -5.16332  -0.0252345 0 0.0330047 0 0 -0.0134353  0.0835892 0 0.209242 0 0 0.114172  0 0 0 0 0 0  
182.212 4.57654 0.0222271 -5.37881 0 3 0 0 -4.95098  -5.44071 0 2.74406 0 0 -5.06721  -0.026509 0 0.0342119 0 0 -0.0128882  0.0884075 0 0.221724 0 0 0.129117  0 0 0 0 0 0  
182.841 4.5906 0.0225917 -5.45896 0 3 0 0 -4.86526  -5.53007 0 2.74433 0 0 -4.98773  -0.0285414 0 0.033472 0 0 -0.01558  0.0996465 0 0.2222 0 0 0.138041  0 0 0 0 0 0  
183.469 4.60491 0.0231226 -5.4912 0 3 0 0 -4.74952  -5.55832 0 2.72829 0 0 -4.85828  -0.025986 0 0.0395619 0 0 -0.0181589  0.0931108 0 0.232152 0 0 0.126921  0 0 0 0 0 0  
184.097 4.61941 0.0230624 -5.57138 0 3 0 0 -4.75022  -5.62949 0 2.71689 0 0 -4.85539  -0.0288788 0 0.0430121 0 0 -0.0217159  0.0869874 0 0.240101 0 0 0.126891  0 0 0 0 0 0  
184.726 4.63369 0.0221507 -5.65336 0 3 0 0 -4.64607  -5.70741 0 2.72884 0 0 -4.74765  -0.0271248 0 0.0396157 0 0 -0.0163374  0.0811792 0 0.231542 0 0 0.117918  0 0 0 0 0 0  
185.354 4.64762 0.0219289 -5.6906 0 3 0 0 -4.64004  -5.75101 0 2.7224 0 0 -4.74377  -0.0274424 0 0.0393092 0 0 -0.0127385  0.0878532 0 0.238289 0 0 0.116466  0 0 0 0 0 0  
185.982 4.66116 0.0216796 -5.62504 0 3 0 0 -4.52078  -5.71112 0 2.70853 0 0 -4.65025  -0.0240374 0 0.0367478 0 0 -0.0156637  0.110114 0 0.254722 0 0 0.145131  0 0 0 0 0 0  
186.611 4.67446 0.021032 -5.65194 0 3 0 0 -4.56956  -5.73246 0 2.72133 0 0 -4.68824  -0.0279852 0 0.0350691 0 0 -0.0183267  0.108506 0 0.2436 0 0 0.137009  0 0 0 0 0 0  
187.239 4.68792 0.0214941 -5.71731 0 3 0 0 -4.67507  -5.80915 0 2.72591 0 0 -4.80786  -0.0254359 0 0.0329279 0 0 -0.0213071  0.117278 0 0.241161 0 0 0.154097  0 0 0 0 0 0  
187.867 4.70103 0.0208641 -5.81349 0 3 0 0 -4.80573  -5.89716 0 2.73756 0 0 -4.91164  -0.0226087 0 0.034137 0 0 -0.0223161  0.106272 0 0.228303 0 0 0.12822  0 0 0 0 0 0  
188.496 4.71434 0.0213915 -5.92729 0 3 0 0 -5.01536  -6.00477 0 2.741 0 0 -5.1066  -0.0177051 0 0.0373679 0 0 -0.0214847  0.0951891 0 0.221634 0 0 0.112724  0 0 0 0 0 0  
189.124 4.72772 0.0215774 -6.01408 0 3 0 0 -5.14012  -6.07275 0 2.74391 0 0 -5.22528  -0.0197602 0 0.0380994 0 0 -0.0198553  0.0784244 0 0.217992 0 0 0.105021  0 0 0 0 0 0  
189.752 4.74123 0.0217251 -6.02088 0 3 0 0 -5.15706  -6.08332 0 2.74375 0 0 -5.23605  -0.0204268 0 0.0403969 0 0 -0.0260282  0.0828669 0 0.215856 0 0 0.105019  0 0 0 0 0 0  
190.381 4.75513 0.0221102 -5.95511 0 3 0 0 -5.12624  -6.01399 0 2.74103 0 0 -5.20543  -0.0221176 0 0.0418559 0 0 -0.0250775  0.0809952 0 0.217114 0 0 0.104269  0 0 0 0 0 0  
191.009 4.76954 0.0230203 -5.83321 0 3 0 0 -5.05347  -5.92778 0 2.71399 0 0 -5.15825  -0.0206881 0 0.0402054 0 0 -0.0292158  0.115255 0 0.245801 0 0 0.133988  0 0 0 0 0 0  
191.637 4.78414 0.0228336 -5.66709 0 3 0 0 -4.96823  -5.77716 0 2.70021 0 0 -5.09547  -0.0249126 0 0.037231 0 0 -0.0307999  0.134985 0 0.262558 0 0 0.158033  0 0 0 0 0 0  
192.265 4.79909 0.0241337 -5.49629 0 3 0 0 -4.95192  -5.59641 0 2.68275 0 0 -5.08283  -0.0227573 0 0.0358253 0 0 -0.0282788  0.122878 0 0.281425 0 0 0.15919  0 0 0 0 0 0  
192.894 4.81463 0.0250741 -5.40062 0 3 0 0 -4.92516  -5.49662 0 2.66728 0 0 -5.05721  -0.0296797 0 0.0358257 0 0 -0.0339172  0.125672 0 0.296892 0 0 0.165963  0 0 0 0 0 0  
193.522 4.83052 0.0253502 -5.31365 0 3 0 0 -4.82506  -5.40283 0 2.67066 0 0 -4.94424  -0.0342387 0 0.0395028 0 0 -0.0232344  0.123422 0 0.289832 0 0 0.142419  0 0 0 0 0 0  
194.15 4.84662 0.0258062 -5.23077 0 3 0 0 -4.70137  -5.33104 0 2.65082 0 0 -4.85434  -0.0358892 0 0.0421548 0 0 -0.0280004  0.136162 0 0.307028 0 0 0.180975  0 0 0 0 0 0  
194.779 4.86311 0.026143 -5.07107 0 3 0 0 -4.60939  -5.17629 0 2.63055 0 0 -4.77356  -0.0419315 0 0.0452738 0 0 -0.0265067  0.147152 0 0.324176 0 0 0.190675  0 0 0 0 0 0  
195.407 4.87958 0.0264322 -4.87819 0 3 0 0 -4.44848  -5.00126 0 2.62361 0 0 -4.64012  -0.0376922 0 0.0432018 0 0 -0.0292663  0.160761 0 0.333189 0 0 0.22091  0 0 0 0 0 0  
196.035 4.89662 0.0274493 -4.78857 0 3 0 0 -4.3456  -4.93097 0 2.59602 0 0 -4.56763  -0.048902 0 0.0392036 0 0 -0.0498071  0.191306 0 0.364779 0 0 0.271836  0 0 0 0 0 0  
196.664 4.91386 0.0268907 -4.84111 0 3 0 0 -4.43699  -4.97212 0 2.61319 0 0 -4.64164  -0.0489034 0 0.0399253 0 0 -0.0529657  0.179911 0 0.346881 0 0 0.257619  0 0 0 0 0 0  
197.292 4.93055 0.0263789 -4.81661 0 3 0 0 -4.43458  -4.94301 0 2.63126 0 0 -4.61502  -0.0438397 0 0.0396697 0 0 -0.0483097  0.170247 0 0.329068 0 0 0.228757  0 0 0 0 0 0  
197.92 4.9465 0.024258 -4.76241 0 3 0 0 -4.4432  -4.89016 0 2.66373 0 0 -4.60958  -0.0418158 0 0.0333171 0 0 -0.0418529  0.169563 0 0.302958 0 0 0.20823  0 0 0 0 0 0  
198.549 4.96118 0.0230277 -4.70519 0 3 0 0 -4.4984  -4.82316 0 2.68764 0 0 -4.64465  -0.0349344 0 0.0329993 0 0 -0.0461198  0.152901 0 0.279357 0 0 0.192362  0 0 0 0 0 0  
199.177 4.97549 0.0229368 -4.7374 0 3 0 0 -4.59441  -4.8414 0 2.69239 0 0 -4.74352  -0.0379803 0 0.0292337 0 0 -0.0381419  0.141983 0 0.27838 0 0 0.187258  0 0 0 0 0 0  
199.805 4.98972 0.022845 -4.76523 0 3 0 0 -4.69381  -4.85135 0 2.69304 0 0 -4.82156  -0.0431487 0 0.0324496 0 0 -0.0377078  0.129272 0 0.274513 0 0 0.165453  0 0 0 0 0 0  
200.434 5.00396 0.0227548 -4.85832 0 3 0 0 -4.85528  -4.94733 0 2.69602 0 0 -4.96866  -0.0356622 0 0.0352014 0 0 -0.0364132  0.124672 0 0.268778 0 0 0.149793  0 0 0 0 0 0  
