# LF_DEM version v3.0-126-gb72fb1a
# np 1000
# VF 0.76
# Lx 73.993
# Ly 0
# Lz 73.993
# flow_type shear
# data in cl units.
#1: time
#2: cumulated strain
#3: shear rate
#4-9: total stress tensor (xx, xy, xz, yz, yy, zz)
#10-15: contact stress tensor (xx, xy, xz, yz, yy, zz)
#16-21: dashpot stress tensor (xx, xy, xz, yz, yy, zz)
#22-27: hydro stress tensor (xx, xy, xz, yz, yy, zz)
#28-33: repulsion stress tensor (xx, xy, xz, yz, yy, zz)

0.00942478 0.000432035 0.0458403 -2.56973 0 2 0 0 -2.26075  -2.76583 0 1.36726 0 0 -2.52984  -0.113163 0 0.0494835 0 0 -0.117253  0.309263 0 0.583252 0 0 0.38634  0 0 0 0 0 0  
0.942478 0.0365264 0.0372925 -2.42362 0 2 0 0 -2.2118  -2.59869 0 1.494 0 0 -2.44757  -0.0992021 0 0.0435549 0 0 -0.083095  0.274273 0 0.462449 0 0 0.318867  0 0 0 0 0 0  
1.88496 0.0701876 0.0349447 -2.45888 0 2 0 0 -2.40576  -2.61155 0 1.52775 0 0 -2.61403  -0.0765035 0 0.040357 0 0 -0.0738513  0.229181 0 0.431895 0 0 0.282129  0 0 0 0 0 0  
2.82743 0.101766 0.0322601 -2.50856 0 2 0 0 -2.60609  -2.64091 0 1.57403 0 0 -2.79852  -0.0658127 0 0.0361484 0 0 -0.0612835  0.19817 0 0.389823 0 0 0.253713  0 0 0 0 0 0  
3.76991 0.131277 0.0308113 -2.64756 0 2 0 0 -2.79145  -2.75846 0 1.61364 0 0 -2.9695  -0.0634059 0 0.0361107 0 0 -0.0585937  0.17431 0 0.350252 0 0 0.236635  0 0 0 0 0 0  
4.71239 0.16073 0.0320409 -2.74195 0 2 0 0 -2.89211  -2.84663 0 1.5999 0 0 -3.07982  -0.0685744 0 0.0397532 0 0 -0.0662514  0.173256 0 0.360347 0 0 0.253959  0 0 0 0 0 0  
5.65487 0.190239 0.0299785 -2.78356 0 2 0 0 -2.87777  -2.87677 0 1.60703 0 0 -3.05878  -0.0648593 0 0.0407191 0 0 -0.060765  0.158071 0 0.35225 0 0 0.241771  0 0 0 0 0 0  
6.59734 0.217906 0.0287502 -2.78663 0 2 0 0 -2.84091  -2.90216 0 1.62251 0 0 -3.00876  -0.0720192 0 0.0373074 0 0 -0.0536692  0.187548 0 0.340184 0 0 0.221516  0 0 0 0 0 0  
7.53982 0.244407 0.0275327 -2.817 0 2 0 0 -2.7676  -2.94139 0 1.64529 0 0 -2.92999  -0.0641145 0 0.0360983 0 0 -0.0529489  0.188511 0 0.318611 0 0 0.215345  0 0 0 0 0 0  
8.4823 0.269787 0.0267751 -2.88115 0 2 0 0 -2.71132  -2.99122 0 1.64993 0 0 -2.86327  -0.0575626 0 0.0403709 0 0 -0.0469607  0.167627 0 0.309694 0 0 0.198912  0 0 0 0 0 0  
9.42478 0.294985 0.0260396 -2.92407 0 2 0 0 -2.80715  -3.01272 0 1.65132 0 0 -2.95695  -0.0503663 0 0.0450941 0 0 -0.0357553  0.139012 0 0.303583 0 0 0.185554  0 0 0 0 0 0  
10.3673 0.31817 0.024182 -3.00338 0 2 0 0 -3.00671  -3.0859 0 1.69037 0 0 -3.154  -0.043351 0 0.0409369 0 0 -0.0305902  0.125878 0 0.268692 0 0 0.177883  0 0 0 0 0 0  
11.3097 0.339767 0.0219724 -3.08681 0 2 0 0 -3.21508  -3.16569 0 1.71666 0 0 -3.35297  -0.0437987 0 0.0353594 0 0 -0.0320668  0.12267 0 0.24798 0 0 0.169962  0 0 0 0 0 0  
12.2522 0.360652 0.0221744 -3.08373 0 2 0 0 -3.24772  -3.15246 0 1.71943 0 0 -3.3827  -0.0381943 0 0.036824 0 0 -0.0201484  0.106925 0 0.243751 0 0 0.155128  0 0 0 0 0 0  
13.1947 0.382009 0.0231164 -2.97367 0 2 0 0 -3.17072  -3.04809 0 1.70959 0 0 -3.301  -0.0427631 0 0.0380639 0 0 -0.0296216  0.11718 0 0.252346 0 0 0.1599  0 0 0 0 0 0  
14.1372 0.404206 0.0240246 -2.96961 0 2 0 0 -3.16915  -3.04308 0 1.69917 0 0 -3.29967  -0.0376383 0 0.0404654 0 0 -0.038755  0.111103 0 0.260361 0 0 0.169278  0 0 0 0 0 0  
15.0796 0.427417 0.0253716 -2.90194 0 2 0 0 -3.11616  -2.99961 0 1.67129 0 0 -3.27742  -0.0432091 0 0.0357861 0 0 -0.0408145  0.140879 0 0.292921 0 0 0.202072  0 0 0 0 0 0  
16.0221 0.452302 0.0276184 -2.81527 0 2 0 0 -3.05623  -2.94284 0 1.62583 0 0 -3.24851  -0.0515546 0 0.0356636 0 0 -0.0548873  0.179125 0 0.338511 0 0 0.24717  0 0 0 0 0 0  
16.9646 0.478832 0.02786 -2.71993 0 2 0 0 -3.00011  -2.85612 0 1.60887 0 0 -3.20798  -0.0570786 0 0.0385437 0 0 -0.0490679  0.193269 0 0.352587 0 0 0.25693  0 0 0 0 0 0  
17.9071 0.504512 0.0263965 -2.66666 0 2 0 0 -3.09337  -2.78808 0 1.63505 0 0 -3.28059  -0.0616971 0 0.0388704 0 0 -0.0497209  0.183116 0 0.326083 0 0 0.236944  0 0 0 0 0 0  
18.8496 0.528287 0.0242451 -2.76519 0 2 0 0 -3.2628  -2.87669 0 1.66817 0 0 -3.44753  -0.0544724 0 0.0330279 0 0 -0.0463187  0.165974 0 0.298798 0 0 0.23105  0 0 0 0 0 0  
19.792 0.550544 0.0238013 -2.87516 0 2 0 0 -3.39829  -2.97954 0 1.68518 0 0 -3.58582  -0.0475272 0 0.0294002 0 0 -0.0427477  0.151902 0 0.285421 0 0 0.230275  0 0 0 0 0 0  
20.7345 0.573182 0.0241988 -3.07443 0 2 0 0 -3.45687  -3.17218 0 1.69493 0 0 -3.62921  -0.0412509 0 0.0325996 0 0 -0.0369799  0.138997 0 0.272474 0 0 0.209326  0 0 0 0 0 0  
21.677 0.596317 0.0250473 -3.25052 0 2 0 0 -3.47468  -3.336 0 1.69707 0 0 -3.62241  -0.0407331 0 0.0342936 0 0 -0.0379048  0.126207 0 0.268633 0 0 0.18563  0 0 0 0 0 0  
22.6195 0.619734 0.0247462 -3.26026 0 2 0 0 -3.4667  -3.34882 0 1.70542 0 0 -3.60445  -0.0398584 0 0.037431 0 0 -0.0403844  0.12842 0 0.257151 0 0 0.17813  0 0 0 0 0 0  
23.5619 0.643496 0.0257194 -3.23255 0 2 0 0 -3.39576  -3.31794 0 1.69732 0 0 -3.53966  -0.040368 0 0.0363109 0 0 -0.0383211  0.125759 0 0.26637 0 0 0.182218  0 0 0 0 0 0  
24.5044 0.667759 0.0262981 -3.16447 0 2 0 0 -3.32867  -3.26752 0 1.67361 0 0 -3.49936  -0.0497815 0 0.0345975 0 0 -0.0461899  0.152835 0 0.291795 0 0 0.216878  0 0 0 0 0 0  
25.4469 0.693054 0.0269966 -3.02559 0 2 0 0 -3.23691  -3.13268 0 1.65829 0 0 -3.42935  -0.0470567 0 0.0311645 0 0 -0.047064  0.154142 0 0.310544 0 0 0.239509  0 0 0 0 0 0  
26.3894 0.718894 0.0275526 -2.91894 0 2 0 0 -3.12202  -3.01808 0 1.63222 0 0 -3.31479  -0.0537204 0 0.0393634 0 0 -0.0507815  0.152861 0 0.328417 0 0 0.243552  0 0 0 0 0 0  
27.3319 0.745007 0.0273006 -2.88857 0 2 0 0 -3.09364  -2.98536 0 1.63264 0 0 -3.27549  -0.0429828 0 0.0401681 0 0 -0.0434183  0.139779 0 0.327196 0 0 0.225264  0 0 0 0 0 0  
28.2743 0.770657 0.0276717 -2.90708 0 2 0 0 -2.9646  -3.01737 0 1.63394 0 0 -3.14448  -0.0365631 0 0.0442634 0 0 -0.0428232  0.146856 0 0.321801 0 0 0.222709  0 0 0 0 0 0  
29.2168 0.79675 0.0280237 -2.78781 0 2 0 0 -2.76391  -2.92779 0 1.60656 0 0 -2.99222  -0.041129 0 0.0404874 0 0 -0.0592908  0.181115 0 0.352951 0 0 0.287609  0 0 0 0 0 0  
30.1593 0.823252 0.0275422 -2.69909 0 2 0 0 -2.66507  -2.85192 0 1.59755 0 0 -2.88467  -0.050905 0 0.0418488 0 0 -0.0679413  0.203729 0 0.360598 0 0 0.287542  0 0 0 0 0 0  
31.1018 0.849312 0.0268136 -2.56817 0 2 0 0 -2.5983  -2.71848 0 1.59137 0 0 -2.8257  -0.0543539 0 0.0358551 0 0 -0.0677043  0.204671 0 0.372771 0 0 0.295107  0 0 0 0 0 0  
32.0442 0.873978 0.0255412 -2.53329 0 2 0 0 -2.63057  -2.66096 0 1.6069 0 0 -2.82727  -0.0554136 0 0.0377382 0 0 -0.0615919  0.183087 0 0.355363 0 0 0.258293  0 0 0 0 0 0  
32.9867 0.897472 0.0245011 -2.67983 0 2 0 0 -2.82476  -2.8017 0 1.65305 0 0 -2.99808  -0.0437382 0 0.0353727 0 0 -0.0482362  0.16561 0 0.311579 0 0 0.221556  0 0 0 0 0 0  
33.9292 0.919739 0.0233277 -2.72313 0 2 0 0 -3.009  -2.84635 0 1.68011 0 0 -3.17209  -0.0429223 0 0.0324893 0 0 -0.044535  0.166144 0 0.287398 0 0 0.207625  0 0 0 0 0 0  
34.8717 0.942085 0.024057 -2.78903 0 2 0 0 -3.08525  -2.89875 0 1.68705 0 0 -3.25379  -0.0443896 0 0.0323159 0 0 -0.0356995  0.154118 0 0.280637 0 0 0.204242  0 0 0 0 0 0  
35.8142 0.96469 0.0243174 -2.83788 0 2 0 0 -3.16242  -2.95284 0 1.69825 0 0 -3.31927  -0.0448679 0 0.0304794 0 0 -0.0390867  0.159825 0 0.271273 0 0 0.195928  0 0 0 0 0 0  
36.7566 0.987237 0.0241174 -2.84079 0 2 0 0 -3.24478  -2.95442 0 1.69028 0 0 -3.39443  -0.0454976 0 0.0327733 0 0 -0.0394471  0.15913 0 0.276951 0 0 0.189099  0 0 0 0 0 0  
37.6991 1.01 0.0236206 -2.82057 0 2 0 0 -3.29624  -2.94102 0 1.69827 0 0 -3.42256  -0.0377331 0 0.0339702 0 0 -0.0377894  0.158176 0 0.267763 0 0 0.164109  0 0 0 0 0 0  
38.6416 1.03185 0.0223663 -2.82069 0 2 0 0 -3.35121  -2.93431 0 1.71869 0 0 -3.46637  -0.0347067 0 0.0333498 0 0 -0.0377122  0.148332 0 0.247965 0 0 0.152881  0 0 0 0 0 0  
39.5841 1.05279 0.0217493 -2.82586 0 2 0 0 -3.43196  -2.91913 0 1.72235 0 0 -3.5525  -0.0346855 0 0.0324953 0 0 -0.0277053  0.12796 0 0.245155 0 0 0.148243  0 0 0 0 0 0  
40.5265 1.07274 0.0207979 -2.81188 0 2 0 0 -3.47678  -2.90688 0 1.72331 0 0 -3.59405  -0.0363031 0 0.0316361 0 0 -0.0294793  0.131304 0 0.24505 0 0 0.146751  0 0 0 0 0 0  
41.469 1.09229 0.0205845 -2.84016 0 2 0 0 -3.47301  -2.93001 0 1.72635 0 0 -3.60458  -0.0377767 0 0.0304755 0 0 -0.0312465  0.12763 0 0.243179 0 0 0.16281  0 0 0 0 0 0  
42.4115 1.11204 0.0212184 -2.95229 0 2 0 0 -3.42326  -3.04409 0 1.71818 0 0 -3.54965  -0.0427281 0 0.0301478 0 0 -0.0377266  0.134536 0 0.251671 0 0 0.164115  0 0 0 0 0 0  
43.354 1.13269 0.0220091 -3.06721 0 2 0 0 -3.38667  -3.15671 0 1.71694 0 0 -3.51151  -0.0425229 0 0.0323377 0 0 -0.0356815  0.132026 0 0.250719 0 0 0.16053  0 0 0 0 0 0  
44.2965 1.15335 0.0217768 -3.22296 0 2 0 0 -3.43732  -3.29628 0 1.72875 0 0 -3.54658  -0.0392153 0 0.0341251 0 0 -0.0350171  0.112535 0 0.237127 0 0 0.144276  0 0 0 0 0 0  
45.2389 1.17389 0.0215806 -3.30728 0 2 0 0 -3.46821  -3.38659 0 1.73374 0 0 -3.57314  -0.0420266 0 0.032218 0 0 -0.0307611  0.121331 0 0.234046 0 0 0.13569  0 0 0 0 0 0  
46.1814 1.19432 0.021938 -3.28305 0 2 0 0 -3.40837  -3.35957 0 1.72959 0 0 -3.52429  -0.0371567 0 0.0367296 0 0 -0.0298567  0.113681 0 0.233677 0 0 0.145779  0 0 0 0 0 0  
47.1239 1.21522 0.0223931 -3.30882 0 2 0 0 -3.36283  -3.41215 0 1.70448 0 0 -3.4901  -0.0392953 0 0.0343759 0 0 -0.0370932  0.142624 0 0.261142 0 0 0.164367  0 0 0 0 0 0  
48.0664 1.23629 0.0223742 -3.32498 0 2 0 0 -3.28679  -3.41802 0 1.71083 0 0 -3.40641  -0.0426083 0 0.0351162 0 0 -0.0345102  0.135655 0 0.254049 0 0 0.154135  0 0 0 0 0 0  
49.0088 1.25761 0.0226339 -3.3084 0 2 0 0 -3.12527  -3.41552 0 1.70902 0 0 -3.27606  -0.0417501 0 0.0334166 0 0 -0.0280834  0.148876 0 0.257564 0 0 0.178871  0 0 0 0 0 0  
49.9513 1.27945 0.0238262 -3.30496 0 2 0 0 -3.01424  -3.42008 0 1.69044 0 0 -3.19134  -0.0419764 0 0.0319265 0 0 -0.029743  0.157097 0 0.277633 0 0 0.206841  0 0 0 0 0 0  
50.8938 1.30237 0.024664 -3.29415 0 2 0 0 -3.02474  -3.41663 0 1.68312 0 0 -3.19789  -0.0471009 0 0.0334603 0 0 -0.0306533  0.169581 0 0.283423 0 0 0.203805  0 0 0 0 0 0  
51.8363 1.32511 0.0236516 -3.31036 0 2 0 0 -3.03161  -3.41661 0 1.69464 0 0 -3.17872  -0.0374086 0 0.0358212 0 0 -0.0248198  0.14366 0 0.269543 0 0 0.171924  0 0 0 0 0 0  
52.7788 1.34629 0.0212222 -3.32241 0 2 0 0 -2.98988  -3.44488 0 1.71803 0 0 -3.13809  -0.0347638 0 0.0270037 0 0 -0.0343578  0.157233 0 0.254968 0 0 0.182567  0 0 0 0 0 0  
53.7212 1.36599 0.0207114 -3.33209 0 2 0 0 -2.94617  -3.44669 0 1.7273 0 0 -3.08554  -0.0311642 0 0.0282995 0 0 -0.0270347  0.145759 0 0.244397 0 0 0.166408  0 0 0 0 0 0  
54.6637 1.386 0.0218195 -3.18746 0 2 0 0 -2.88292  -3.32428 0 1.70586 0 0 -3.05835  -0.0386075 0 0.026026 0 0 -0.0338709  0.175431 0 0.268113 0 0 0.209306  0 0 0 0 0 0  
55.6062 1.40733 0.0230131 -3.00421 0 2 0 0 -2.82851  -3.14736 0 1.68344 0 0 -3.01613  -0.0422887 0 0.0274981 0 0 -0.0385848  0.185437 0 0.289061 0 0 0.226201  0 0 0 0 0 0  
56.5487 1.42976 0.0240422 -2.8711 0 2 0 0 -2.81541  -3.02353 0 1.66386 0 0 -3.02057  -0.0524994 0 0.0250849 0 0 -0.046043  0.204925 0 0.311051 0 0 0.251205  0 0 0 0 0 0  
57.4911 1.45321 0.0251788 -2.85282 0 2 0 0 -2.84699  -2.98688 0 1.65893 0 0 -3.0403  -0.0534241 0 0.0306711 0 0 -0.0462299  0.187481 0 0.310404 0 0 0.239538  0 0 0 0 0 0  
58.4336 1.47693 0.0246598 -2.83868 0 2 0 0 -2.87071  -2.95908 0 1.67215 0 0 -3.06854  -0.0526438 0 0.0322338 0 0 -0.0377862  0.173046 0 0.29562 0 0 0.235622  0 0 0 0 0 0  
59.3761 1.50074 0.0257948 -2.81468 0 2 0 0 -2.87376  -2.92904 0 1.65506 0 0 -3.07842  -0.050483 0 0.0336672 0 0 -0.0450702  0.164847 0 0.311272 0 0 0.249738  0 0 0 0 0 0  
60.3186 1.52555 0.0270499 -2.92111 0 2 0 0 -2.85349  -3.0314 0 1.65411 0 0 -3.04326  -0.0565253 0 0.0337503 0 0 -0.0396235  0.166812 0 0.312144 0 0 0.229393  0 0 0 0 0 0  
61.2611 1.55016 0.0249549 -2.97411 0 2 0 0 -2.89173  -3.07771 0 1.67267 0 0 -3.0673  -0.0516859 0 0.032043 0 0 -0.0399045  0.155288 0 0.295291 0 0 0.215475  0 0 0 0 0 0  
62.2035 1.5732 0.0238515 -3.11383 0 2 0 0 -2.933  -3.21515 0 1.68542 0 0 -3.09627  -0.0570045 0 0.0317191 0 0 -0.0417981  0.158326 0 0.282861 0 0 0.205073  0 0 0 0 0 0  
63.146 1.59524 0.0228829 -3.25598 0 2 0 0 -2.96155  -3.35232 0 1.71131 0 0 -3.11566  -0.0498829 0 0.0303731 0 0 -0.0334309  0.146219 0 0.258313 0 0 0.187536  0 0 0 0 0 0  
64.0885 1.61661 0.0223105 -3.36017 0 2 0 0 -2.93075  -3.43882 0 1.71629 0 0 -3.07099  -0.0465295 0 0.0335758 0 0 -0.0350001  0.12518 0 0.250136 0 0 0.175244  0 0 0 0 0 0  
65.031 1.63766 0.0218826 -3.43747 0 2 0 0 -2.85733  -3.52056 0 1.72397 0 0 -3.01045  -0.0442664 0 0.0263666 0 0 -0.036334  0.127351 0 0.249667 0 0 0.189455  0 0 0 0 0 0  
65.9734 1.65839 0.0221508 -3.50025 0 2 0 0 -2.85642  -3.57893 0 1.7184 0 0 -3.0184  -0.043152 0 0.0261721 0 0 -0.0376714  0.121833 0 0.255426 0 0 0.199656  0 0 0 0 0 0  
66.9159 1.67967 0.0229304 -3.44068 0 2 0 0 -2.81285  -3.51827 0 1.71246 0 0 -2.96095  -0.039441 0 0.0285737 0 0 -0.0403087  0.117026 0 0.258962 0 0 0.18841  0 0 0 0 0 0  
67.8584 1.70096 0.022514 -3.41711 0 2 0 0 -2.86883  -3.48003 0 1.72334 0 0 -3.00575  -0.0354953 0 0.0315995 0 0 -0.0320413  0.0984128 0 0.245056 0 0 0.168958  0 0 0 0 0 0  
68.8009 1.72251 0.0227183 -3.408 0 2 0 0 -2.83292  -3.4728 0 1.71778 0 0 -2.9718  -0.0365475 0 0.0333834 0 0 -0.0316333  0.10135 0 0.24884 0 0 0.170507  0 0 0 0 0 0  
69.7434 1.7437 0.0222897 -3.41076 0 2 0 0 -2.90495  -3.4891 0 1.71342 0 0 -3.07586  -0.0345962 0 0.0314558 0 0 -0.0246618  0.112935 0 0.25512 0 0 0.195576  0 0 0 0 0 0  
70.6858 1.76477 0.0222745 -3.38028 0 2 0 0 -3.00608  -3.458 0 1.71748 0 0 -3.165  -0.0378675 0 0.0322003 0 0 -0.0297118  0.115591 0 0.250316 0 0 0.188628  0 0 0 0 0 0  
71.6283 1.78554 0.0213196 -3.29375 0 2 0 0 -3.00697  -3.37283 0 1.73499 0 0 -3.15344  -0.0339166 0 0.030251 0 0 -0.0275804  0.113 0 0.234755 0 0 0.174045  0 0 0 0 0 0  
72.5708 1.80576 0.021543 -3.18949 0 2 0 0 -3.03708  -3.28443 0 1.72958 0 0 -3.17505  -0.0306219 0 0.0306446 0 0 -0.0310343  0.125563 0 0.239779 0 0 0.169003  0 0 0 0 0 0  
73.5133 1.82703 0.023291 -3.10628 0 2 0 0 -2.98879  -3.21217 0 1.7088 0 0 -3.12734  -0.0316779 0 0.0361267 0 0 -0.0317081  0.137567 0 0.255072 0 0 0.170261  0 0 0 0 0 0  
74.4557 1.84934 0.023726 -3.07505 0 2 0 0 -3.01191  -3.18552 0 1.69709 0 0 -3.1458  -0.0337463 0 0.0389776 0 0 -0.0337567  0.144221 0 0.263936 0 0 0.167645  0 0 0 0 0 0  
75.3982 1.8724 0.0246023 -3.03878 0 2 0 0 -3.05116  -3.16441 0 1.68714 0 0 -3.20924  -0.0342501 0 0.0333849 0 0 -0.0314947  0.159878 0 0.279471 0 0 0.189572  0 0 0 0 0 0  
76.3407 1.89554 0.0242261 -2.92561 0 2 0 0 -2.99885  -3.05816 0 1.66162 0 0 -3.1514  -0.0383322 0 0.0397711 0 0 -0.0425645  0.170887 0 0.298612 0 0 0.195117  0 0 0 0 0 0  
77.2832 1.91817 0.0232367 -2.82503 0 2 0 0 -3.01514  -2.95342 0 1.65669 0 0 -3.19089  -0.0470395 0 0.031613 0 0 -0.0444575  0.175435 0 0.311697 0 0 0.220203  0 0 0 0 0 0  
78.2257 1.93925 0.0217122 -2.88713 0 2 0 0 -3.09101  -3.02272 0 1.67759 0 0 -3.2669  -0.0487144 0 0.0240186 0 0 -0.0497463  0.184304 0 0.298387 0 0 0.225634  0 0 0 0 0 0  
79.1681 1.95946 0.0212187 -3.00769 0 2 0 0 -3.26317  -3.12405 0 1.69629 0 0 -3.39995  -0.0420042 0 0.0315542 0 0 -0.0394281  0.158364 0 0.272153 0 0 0.176205  0 0 0 0 0 0  
80.1106 1.97937 0.0213162 -3.08425 0 2 0 0 -3.42954  -3.17433 0 1.71319 0 0 -3.53711  -0.0368305 0 0.0323839 0 0 -0.0362848  0.126906 0 0.254426 0 0 0.143852  0 0 0 0 0 0  
81.0531 2.0002 0.0228116 -3.08693 0 2 0 0 -3.51323  -3.18215 0 1.71202 0 0 -3.6083  -0.0363956 0 0.0369429 0 0 -0.0370837  0.131613 0 0.25104 0 0 0.132156  0 0 0 0 0 0  
81.9956 2.0227 0.0242152 -3.08606 0 2 0 0 -3.50593  -3.17511 0 1.6914 0 0 -3.61498  -0.0488516 0 0.0388707 0 0 -0.0368805  0.137903 0 0.269728 0 0 0.145923  0 0 0 0 0 0  
82.938 2.04531 0.0242379 -3.03691 0 2 0 0 -3.43302  -3.128 0 1.69187 0 0 -3.52678  -0.0486196 0 0.0417115 0 0 -0.0335258  0.139703 0 0.266423 0 0 0.127285  0 0 0 0 0 0  
83.8805 2.06829 0.024597 -2.90213 0 2 0 0 -3.17147  -3.01943 0 1.68059 0 0 -3.29106  -0.0507264 0 0.0376697 0 0 -0.0344347  0.168029 0 0.281737 0 0 0.154018  0 0 0 0 0 0  
84.823 2.09153 0.0246572 -2.78207 0 2 0 0 -2.95476  -2.91441 0 1.67196 0 0 -3.08089  -0.0574955 0 0.0358372 0 0 -0.0330324  0.189834 0 0.2922 0 0 0.159164  0 0 0 0 0 0  
85.7655 2.11407 0.0240472 -2.76737 0 2 0 0 -2.87055  -2.90528 0 1.67491 0 0 -3.00714  -0.0577819 0 0.0311491 0 0 -0.045918  0.195688 0 0.293941 0 0 0.182512  0 0 0 0 0 0  
86.708 2.13662 0.0239733 -2.7343 0 2 0 0 -2.85766  -2.87841 0 1.67611 0 0 -3.0121  -0.0490744 0 0.0288457 0 0 -0.0467322  0.193182 0 0.295045 0 0 0.201174  0 0 0 0 0 0  
87.6504 2.15896 0.0240443 -2.62735 0 2 0 0 -2.77133  -2.79188 0 1.6523 0 0 -2.97051  -0.0509992 0 0.0290374 0 0 -0.0441156  0.215531 0 0.318661 0 0 0.2433  0 0 0 0 0 0  
88.5929 2.18207 0.025152 -2.60063 0 2 0 0 -2.76262  -2.7695 0 1.63203 0 0 -2.98797  -0.054565 0 0.0325568 0 0 -0.0493416  0.223432 0 0.335413 0 0 0.274688  0 0 0 0 0 0  
89.5354 2.20543 0.024693 -2.67035 0 2 0 0 -2.79194  -2.82256 0 1.63815 0 0 -3.00975  -0.0535525 0 0.0351059 0 0 -0.0434571  0.20577 0 0.326744 0 0 0.261268  0 0 0 0 0 0  
90.4779 2.22861 0.024568 -2.7374 0 2 0 0 -2.79509  -2.87789 0 1.65254 0 0 -3.0022  -0.0473674 0 0.0347233 0 0 -0.0389984  0.187861 0 0.31274 0 0 0.24611  0 0 0 0 0 0  
91.4203 2.25189 0.0251236 -2.72996 0 2 0 0 -2.86149  -2.87185 0 1.65643 0 0 -3.06422  -0.0548103 0 0.0310405 0 0 -0.0410469  0.196701 0 0.312531 0 0 0.24378  0 0 0 0 0 0  
92.3628 2.27578 0.0258113 -2.73133 0 2 0 0 -2.87448  -2.873 0 1.64543 0 0 -3.06712  -0.0599281 0 0.0329616 0 0 -0.0458673  0.201592 0 0.321611 0 0 0.238506  0 0 0 0 0 0  
93.3053 2.29993 0.0252596 -2.80379 0 2 0 0 -2.79989  -2.9356 0 1.65337 0 0 -2.98656  -0.0619035 0 0.0379228 0 0 -0.0486937  0.193721 0 0.308711 0 0 0.235371  0 0 0 0 0 0  
94.2478 2.32346 0.0251131 -2.82076 0 2 0 0 -2.64357  -2.93917 0 1.65509 0 0 -2.81938  -0.0566759 0 0.0396739 0 0 -0.0548225  0.175092 0 0.305241 0 0 0.230628  0 0 0 0 0 0  
95.1903 2.34671 0.0236444 -2.78217 0 2 0 0 -2.49829  -2.91154 0 1.66325 0 0 -2.6927  -0.0416937 0 0.0349863 0 0 -0.0487293  0.171064 0 0.301762 0 0 0.243133  0 0 0 0 0 0  
96.1327 2.36861 0.0229811 -2.83813 0 2 0 0 -2.48164  -2.96566 0 1.65707 0 0 -2.65995  -0.0496333 0 0.0306007 0 0 -0.0528652  0.177164 0 0.312328 0 0 0.23118  0 0 0 0 0 0  
97.0752 2.39085 0.0237543 -2.91805 0 2 0 0 -2.56304  -3.02298 0 1.65976 0 0 -2.71407  -0.0473001 0 0.0375732 0 0 -0.0507776  0.152229 0 0.302662 0 0 0.201803  0 0 0 0 0 0  
98.0177 2.41392 0.0244598 -2.95108 0 2 0 0 -2.62273  -3.05473 0 1.65806 0 0 -2.77222  -0.0511182 0 0.036891 0 0 -0.0554375  0.154768 0 0.305047 0 0 0.204923  0 0 0 0 0 0  
98.9602 2.43672 0.0240308 -2.93927 0 2 0 0 -2.70899  -3.04172 0 1.67102 0 0 -2.85081  -0.0501611 0 0.0377689 0 0 -0.0473906  0.15261 0 0.291214 0 0 0.189216  0 0 0 0 0 0  
99.9026 2.45962 0.0244428 -2.95753 0 2 0 0 -2.78655  -3.03985 0 1.67447 0 0 -2.91706  -0.0480648 0 0.0367044 0 0 -0.0455465  0.130386 0 0.288825 0 0 0.176056  0 0 0 0 0 0  
100.845 2.48247 0.023806 -2.87591 0 2 0 0 -2.89384  -2.97479 0 1.67709 0 0 -3.03387  -0.0444501 0 0.0357021 0 0 -0.0431474  0.143324 0 0.287205 0 0 0.183178  0 0 0 0 0 0  
101.788 2.50457 0.0234173 -2.78967 0 2 0 0 -2.90401  -2.90304 0 1.68011 0 0 -3.06702  -0.0419053 0 0.032735 0 0 -0.0403658  0.155274 0 0.287153 0 0 0.203383  0 0 0 0 0 0  
102.73 2.52679 0.023735 -2.71943 0 2 0 0 -2.92377  -2.83531 0 1.6776 0 0 -3.07867  -0.0373389 0 0.0322908 0 0 -0.0381601  0.15321 0 0.29011 0 0 0.19306  0 0 0 0 0 0  
103.673 2.55034 0.026145 -2.68511 0 2 0 0 -2.85259  -2.78621 0 1.65449 0 0 -3.00172  -0.0523162 0 0.0359587 0 0 -0.046599  0.153424 0 0.309555 0 0 0.195734  0 0 0 0 0 0  
104.615 2.57523 0.0265109 -2.65868 0 2 0 0 -2.77116  -2.76194 0 1.65036 0 0 -2.92362  -0.0522496 0 0.0433461 0 0 -0.0509655  0.15551 0 0.306292 0 0 0.20343  0 0 0 0 0 0  
105.558 2.6 0.0263627 -2.64717 0 2 0 0 -2.78085  -2.76446 0 1.65169 0 0 -2.94209  -0.056561 0 0.040203 0 0 -0.0491562  0.173856 0 0.308106 0 0 0.210394  0 0 0 0 0 0  
106.5 2.6248 0.0260348 -2.57484 0 2 0 0 -2.8589  -2.68809 0 1.66308 0 0 -3.02857  -0.0570034 0 0.0347016 0 0 -0.046273  0.170252 0 0.302216 0 0 0.215934  0 0 0 0 0 0  
107.442 2.64899 0.0258838 -2.57329 0 2 0 0 -2.80371  -2.67406 0 1.65296 0 0 -2.97089  -0.0638781 0 0.0334307 0 0 -0.0519415  0.164651 0 0.313606 0 0 0.219124  0 0 0 0 0 0  
108.385 2.6738 0.0265925 -2.55911 0 2 0 0 -2.6602  -2.67551 0 1.62787 0 0 -2.84621  -0.0582594 0 0.0296243 0 0 -0.0597018  0.174662 0 0.342506 0 0 0.245716  0 0 0 0 0 0  
109.327 2.69921 0.027208 -2.52631 0 2 0 0 -2.68998  -2.65842 0 1.63222 0 0 -2.88541  -0.0484453 0 0.0315002 0 0 -0.0521528  0.180554 0 0.336282 0 0 0.247586  0 0 0 0 0 0  
110.27 2.72449 0.0261503 -2.49019 0 2 0 0 -2.77441  -2.62717 0 1.63708 0 0 -2.95537  -0.0570978 0 0.0312415 0 0 -0.0541461  0.194081 0 0.331683 0 0 0.235114  0 0 0 0 0 0  
111.212 2.7485 0.0245582 -2.55355 0 2 0 0 -2.81377  -2.67478 0 1.65339 0 0 -2.98153  -0.0544478 0 0.032408 0 0 -0.0486047  0.17567 0 0.314204 0 0 0.216365  0 0 0 0 0 0  
112.155 2.771 0.0240772 -2.67986 0 2 0 0 -2.86135  -2.79792 0 1.67153 0 0 -3.03746  -0.0475101 0 0.0324253 0 0 -0.0505914  0.165571 0 0.296041 0 0 0.226698  0 0 0 0 0 0  
113.097 2.79355 0.02343 -2.85046 0 2 0 0 -3.01926  -2.95254 0 1.69908 0 0 -3.17505  -0.0481851 0 0.0301756 0 0 -0.0501633  0.15026 0 0.270743 0 0 0.205953  0 0 0 0 0 0  
114.04 2.81551 0.0228452 -3.0289 0 2 0 0 -3.17335  -3.09438 0 1.71906 0 0 -3.3005  -0.044337 0 0.0315399 0 0 -0.0377819  0.10982 0 0.249396 0 0 0.164931  0 0 0 0 0 0  
114.982 2.83702 0.0224701 -3.09776 0 2 0 0 -3.19739  -3.16001 0 1.71798 0 0 -3.33308  -0.0471644 0 0.0292832 0 0 -0.0330143  0.109409 0 0.252738 0 0 0.1687  0 0 0 0 0 0  
115.925 2.85846 0.0232056 -3.17422 0 2 0 0 -3.11945  -3.24677 0 1.71655 0 0 -3.25552  -0.0417345 0 0.0305301 0 0 -0.0287234  0.114291 0 0.252925 0 0 0.164796  0 0 0 0 0 0  
116.867 2.88016 0.0223744 -3.21819 0 2 0 0 -3.06766  -3.30551 0 1.72015 0 0 -3.21641  -0.0416764 0 0.0271539 0 0 -0.030828  0.128994 0 0.252696 0 0 0.179576  0 0 0 0 0 0  
117.81 2.90115 0.0221579 -3.3092 0 2 0 0 -3.0477  -3.38544 0 1.71676 0 0 -3.18862  -0.0348765 0 0.0285282 0 0 -0.030507  0.111111 0 0.254711 0 0 0.17143  0 0 0 0 0 0  
118.752 2.92233 0.0225856 -3.32462 0 2 0 0 -3.08126  -3.39563 0 1.71953 0 0 -3.20923  -0.0310026 0 0.0289942 0 0 -0.0333894  0.102006 0 0.251481 0 0 0.161356  0 0 0 0 0 0  
119.695 2.94406 0.023928 -3.32646 0 2 0 0 -3.00306  -3.37708 0 1.71664 0 0 -3.10608  -0.0330507 0 0.0336785 0 0 -0.0265232  0.0836703 0 0.249682 0 0 0.129536  0 0 0 0 0 0  
120.637 2.96658 0.0245872 -3.23692 0 2 0 0 -2.87213  -3.30626 0 1.68891 0 0 -2.98841  -0.0396098 0 0.0361539 0 0 -0.0352394  0.10895 0 0.274936 0 0 0.151515  0 0 0 0 0 0  
121.58 2.98998 0.0252201 -3.13224 0 2 0 0 -2.82859  -3.21629 0 1.67123 0 0 -2.9501  -0.0452284 0 0.0392094 0 0 -0.0426175  0.129277 0 0.289556 0 0 0.16413  0 0 0 0 0 0  
122.522 3.01432 0.0259962 -3.10997 0 2 0 0 -2.84253  -3.20552 0 1.66407 0 0 -2.9646  -0.0425569 0 0.0424342 0 0 -0.0446311  0.138098 0 0.293493 0 0 0.166708  0 0 0 0 0 0  
123.465 3.03878 0.0256235 -2.95821 0 2 0 0 -2.89367  -3.06297 0 1.66027 0 0 -3.03779  -0.053669 0 0.042765 0 0 -0.0406027  0.158437 0 0.296963 0 0 0.18472  0 0 0 0 0 0  
124.407 3.06203 0.0240401 -2.92861 0 2 0 0 -3.04225  -3.01405 0 1.69219 0 0 -3.1749  -0.0394944 0 0.0404036 0 0 -0.0333132  0.124939 0 0.267402 0 0 0.165957  0 0 0 0 0 0  
125.35 3.08423 0.0239085 -3.01383 0 2 0 0 -3.1784  -3.08007 0 1.7085 0 0 -3.29397  -0.0402565 0 0.03795 0 0 -0.0279185  0.106496 0 0.253551 0 0 0.143489  0 0 0 0 0 0  
126.292 3.10706 0.0247853 -3.04889 0 2 0 0 -3.25273  -3.0945 0 1.69741 0 0 -3.35808  -0.0424057 0 0.0423005 0 0 -0.032435  0.0880182 0 0.260294 0 0 0.13779  0 0 0 0 0 0  
127.235 3.13139 0.0265123 -3.01297 0 2 0 0 -3.18392  -3.07105 0 1.6867 0 0 -3.29662  -0.0393017 0 0.0438099 0 0 -0.0267977  0.0973815 0 0.269495 0 0 0.139502  0 0 0 0 0 0  
128.177 3.15701 0.027737 -2.9876 0 2 0 0 -3.06209  -3.05147 0 1.65988 0 0 -3.20106  -0.0482424 0 0.0493395 0 0 -0.0318995  0.112115 0 0.29078 0 0 0.170869  0 0 0 0 0 0  
129.119 3.18332 0.02728 -2.83617 0 2 0 0 -2.87395  -2.94773 0 1.63547 0 0 -3.05798  -0.0494662 0 0.0392025 0 0 -0.0363498  0.16102 0 0.325324 0 0 0.220382  0 0 0 0 0 0  
130.062 3.20842 0.0260788 -2.80945 0 2 0 0 -2.76379  -2.96027 0 1.63457 0 0 -2.97734  -0.0529003 0 0.0297903 0 0 -0.0501646  0.203721 0 0.335637 0 0 0.26371  0 0 0 0 0 0  
131.004 3.23261 0.0256971 -2.87693 0 2 0 0 -2.89735  -2.99814 0 1.64482 0 0 -3.08577  -0.0428166 0 0.0362784 0 0 -0.0518914  0.164025 0 0.318897 0 0 0.240318  0 0 0 0 0 0  
131.947 3.25668 0.0248343 -2.94474 0 2 0 0 -2.92231  -3.05281 0 1.67023 0 0 -3.08368  -0.0391375 0 0.0349308 0 0 -0.0397552  0.147212 0 0.294841 0 0 0.201124  0 0 0 0 0 0  
132.889 3.28045 0.0256219 -2.90297 0 2 0 0 -2.86485  -3.01105 0 1.65203 0 0 -3.03135  -0.0424192 0 0.0395565 0 0 -0.0408249  0.150497 0 0.308414 0 0 0.207325  0 0 0 0 0 0  
133.832 3.305 0.0262524 -2.79974 0 2 0 0 -2.93013  -2.92802 0 1.64557 0 0 -3.10027  -0.0503958 0 0.0341704 0 0 -0.0460543  0.178677 0 0.320261 0 0 0.216202  0 0 0 0 0 0  
134.774 3.32969 0.0260595 -2.73205 0 2 0 0 -2.98222  -2.86242 0 1.63926 0 0 -3.15628  -0.060187 0 0.0319374 0 0 -0.0552976  0.190555 0 0.328803 0 0 0.229354  0 0 0 0 0 0  
135.717 3.3537 0.0252178 -2.78415 0 2 0 0 -3.01572  -2.89214 0 1.6563 0 0 -3.15697  -0.0651023 0 0.0360069 0 0 -0.0464504  0.173097 0 0.307698 0 0 0.187692  0 0 0 0 0 0  
136.659 3.37697 0.0240752 -2.83617 0 2 0 0 -2.94451  -2.96359 0 1.67047 0 0 -3.08756  -0.0667275 0 0.0344877 0 0 -0.0455457  0.194147 0 0.295038 0 0 0.188599  0 0 0 0 0 0  
137.602 3.39912 0.0226313 -2.90933 0 2 0 0 -2.92583  -3.03282 0 1.68434 0 0 -3.06537  -0.0659232 0 0.0345162 0 0 -0.0450632  0.189415 0 0.281143 0 0 0.184601  0 0 0 0 0 0  
138.544 3.42063 0.0230968 -2.84785 0 2 0 0 -2.8764  -2.98161 0 1.67512 0 0 -3.04494  -0.0681196 0 0.0304376 0 0 -0.0502644  0.201881 0 0.294442 0 0 0.218805  0 0 0 0 0 0  
139.487 3.44258 0.0232358 -2.83252 0 2 0 0 -2.85623  -2.96294 0 1.66746 0 0 -3.04061  -0.0623206 0 0.0339782 0 0 -0.044348  0.19274 0 0.298564 0 0 0.228721  0 0 0 0 0 0  
140.429 3.46468 0.0234876 -2.88533 0 2 0 0 -2.85386  -2.99659 0 1.68143 0 0 -3.02426  -0.05445 0 0.0369004 0 0 -0.0296161  0.165713 0 0.281667 0 0 0.200015  0 0 0 0 0 0  
141.372 3.48724 0.0243795 -2.90407 0 2 0 0 -2.75648  -3.02498 0 1.66963 0 0 -2.92725  -0.0555528 0 0.0379616 0 0 -0.0264794  0.176468 0 0.292412 0 0 0.197247  0 0 0 0 0 0  
142.314 3.51037 0.0243826 -2.87029 0 2 0 0 -2.68345  -2.99022 0 1.67227 0 0 -2.83953  -0.0448266 0 0.0406746 0 0 -0.0244824  0.164754 0 0.287053 0 0 0.18056  0 0 0 0 0 0  
143.257 3.5336 0.0251735 -2.80613 0 2 0 0 -2.63475  -2.9625 0 1.64889 0 0 -2.80799  -0.0466569 0 0.0374674 0 0 -0.0360717  0.203027 0 0.313639 0 0 0.209315  0 0 0 0 0 0  
144.199 3.55733 0.0255329 -2.77704 0 2 0 0 -2.68768  -2.94485 0 1.64402 0 0 -2.85978  -0.0589018 0 0.0350573 0 0 -0.0432869  0.22671 0 0.320922 0 0 0.215394  0 0 0 0 0 0  
145.142 3.58211 0.027005 -2.82274 0 2 0 0 -2.71284  -2.97426 0 1.63723 0 0 -2.88379  -0.0494345 0 0.0376369 0 0 -0.0377995  0.20096 0 0.325129 0 0 0.208752  0 0 0 0 0 0  
146.084 3.60801 0.0277598 -2.86338 0 2 0 0 -2.69354  -3.01186 0 1.62349 0 0 -2.87351  -0.0585768 0 0.0394941 0 0 -0.0479965  0.207056 0 0.337018 0 0 0.227966  0 0 0 0 0 0  
147.027 3.63346 0.0268282 -2.95259 0 2 0 0 -2.63856  -3.08926 0 1.61494 0 0 -2.8081  -0.0672735 0 0.0390443 0 0 -0.0537581  0.203937 0 0.346019 0 0 0.2233  0 0 0 0 0 0  
147.969 3.65827 0.0258516 -3.01553 0 2 0 0 -2.66355  -3.15432 0 1.63039 0 0 -2.82763  -0.0696273 0 0.0367316 0 0 -0.058023  0.208424 0 0.332883 0 0 0.222098  0 0 0 0 0 0  
148.911 3.6823 0.0249163 -3.09131 0 2 0 0 -2.65288  -3.21121 0 1.64553 0 0 -2.80205  -0.0548694 0 0.0388552 0 0 -0.0538248  0.174769 0 0.315617 0 0 0.202991  0 0 0 0 0 0  
149.854 3.70556 0.0244715 -3.14565 0 2 0 0 -2.60548  -3.25859 0 1.66542 0 0 -2.7592  -0.0446999 0 0.0335067 0 0 -0.0484117  0.157641 0 0.301075 0 0 0.20213  0 0 0 0 0 0  
150.796 3.72785 0.0233428 -3.1015 0 2 0 0 -2.54163  -3.21245 0 1.68387 0 0 -2.69579  -0.0390131 0 0.0327273 0 0 -0.0407654  0.14997 0 0.283404 0 0 0.19493  0 0 0 0 0 0  
151.739 3.74983 0.0235131 -3.06138 0 2 0 0 -2.54699  -3.16332 0 1.67778 0 0 -2.70564  -0.0471045 0 0.0329088 0 0 -0.0416677  0.14905 0 0.289309 0 0 0.200313  0 0 0 0 0 0  
152.681 3.77228 0.0238603 -3.00236 0 2 0 0 -2.55617  -3.10625 0 1.67808 0 0 -2.7181  -0.0414396 0 0.0321043 0 0 -0.0394126  0.145327 0 0.289819 0 0 0.201348  0 0 0 0 0 0  
153.624 3.79456 0.0236377 -2.90105 0 2 0 0 -2.61937  -3.00976 0 1.67466 0 0 -2.76532  -0.0452008 0 0.034526 0 0 -0.0428492  0.15391 0 0.290817 0 0 0.188804  0 0 0 0 0 0  
154.566 3.81699 0.0237638 -2.78705 0 2 0 0 -2.67872  -2.90786 0 1.67458 0 0 -2.82152  -0.0506938 0 0.0355182 0 0 -0.0459765  0.171508 0 0.289905 0 0 0.188771  0 0 0 0 0 0  
155.509 3.83996 0.0246221 -2.68176 0 2 0 0 -2.69443  -2.8003 0 1.67133 0 0 -2.8422  -0.0484297 0 0.0371249 0 0 -0.0399742  0.166975 0 0.29155 0 0 0.187745  0 0 0 0 0 0  
156.451 3.8629 0.0238873 -2.65331 0 2 0 0 -2.64389  -2.76769 0 1.67131 0 0 -2.78442  -0.0473435 0 0.0398539 0 0 -0.0355784  0.161718 0 0.288831 0 0 0.17611  0 0 0 0 0 0  
157.394 3.88501 0.0231506 -2.67825 0 2 0 0 -2.68141  -2.80028 0 1.67794 0 0 -2.81132  -0.0503167 0 0.0331974 0 0 -0.0378312  0.172347 0 0.288864 0 0 0.167738  0 0 0 0 0 0  
158.336 3.90673 0.0230567 -2.72707 0 2 0 0 -2.71639  -2.85659 0 1.66551 0 0 -2.86925  -0.0573791 0 0.0275996 0 0 -0.0512059  0.186897 0 0.306887 0 0 0.204064  0 0 0 0 0 0  
159.279 3.92857 0.0233768 -2.76081 0 2 0 0 -2.81496  -2.88661 0 1.66985 0 0 -2.97169  -0.0563617 0 0.0317622 0 0 -0.0513715  0.182162 0 0.298389 0 0 0.208107  0 0 0 0 0 0  
160.221 3.95069 0.0236582 -2.79698 0 2 0 0 -2.91309  -2.91492 0 1.66869 0 0 -3.08117  -0.0534159 0 0.0311453 0 0 -0.0409062  0.171356 0 0.300165 0 0 0.208988  0 0 0 0 0 0  
161.164 3.97311 0.0243192 -2.78206 0 2 0 0 -2.95754  -2.89802 0 1.68312 0 0 -3.12819  -0.0538119 0 0.0354126 0 0 -0.0308527  0.169769 0 0.281465 0 0 0.201503  0 0 0 0 0 0  
162.106 3.99608 0.0243097 -2.81388 0 2 0 0 -3.00155  -2.94325 0 1.67678 0 0 -3.1706  -0.0524954 0 0.0337128 0 0 -0.0378902  0.181864 0 0.289505 0 0 0.206945  0 0 0 0 0 0  
163.049 4.01895 0.0245408 -2.81197 0 2 0 0 -2.98586  -2.94449 0 1.67892 0 0 -3.15384  -0.0438653 0 0.0302646 0 0 -0.0353107  0.176384 0 0.290814 0 0 0.203294  0 0 0 0 0 0  
163.991 4.04239 0.0254104 -2.87401 0 2 0 0 -3.00975  -2.98811 0 1.67847 0 0 -3.17238  -0.0387016 0 0.0335013 0 0 -0.0284237  0.152804 0 0.288029 0 0 0.191048  0 0 0 0 0 0  
164.934 4.06662 0.0256824 -2.90997 0 2 0 0 -3.10099  -3.01804 0 1.68496 0 0 -3.25943  -0.0306808 0 0.0365111 0 0 -0.0273744  0.138751 0 0.278527 0 0 0.185812  0 0 0 0 0 0  
165.876 4.09063 0.0254398 -2.90986 0 2 0 0 -3.13802  -3.03083 0 1.677 0 0 -3.29173  -0.0332213 0 0.0367401 0 0 -0.0303302  0.154196 0 0.286264 0 0 0.184046  0 0 0 0 0 0  
166.819 4.11486 0.026055 -2.89286 0 2 0 0 -3.10111  -3.01682 0 1.66644 0 0 -3.29035  -0.029594 0 0.0371607 0 0 -0.0281613  0.153553 0 0.296395 0 0 0.2174  0 0 0 0 0 0  
167.761 4.13835 0.0241475 -2.94229 0 2 0 0 -3.05789  -3.05645 0 1.68416 0 0 -3.22091  -0.0301113 0 0.0372353 0 0 -0.0306962  0.144271 0 0.278601 0 0 0.193715  0 0 0 0 0 0  
168.704 4.16032 0.0224569 -3.01812 0 2 0 0 -2.97057  -3.12828 0 1.69887 0 0 -3.12812  -0.0289669 0 0.0373914 0 0 -0.0197172  0.139122 0 0.263738 0 0 0.17727  0 0 0 0 0 0  
169.646 4.18138 0.0224136 -3.10072 0 2 0 0 -2.98628  -3.22499 0 1.69833 0 0 -3.14731  -0.0366832 0 0.0337971 0 0 -0.0185852  0.160955 0 0.267873 0 0 0.179616  0 0 0 0 0 0  
170.588 4.20268 0.0228321 -3.18281 0 2 0 0 -3.02241  -3.31141 0 1.698 0 0 -3.18016  -0.0373742 0 0.0341083 0 0 -0.0261779  0.165972 0 0.267892 0 0 0.183927  0 0 0 0 0 0  
171.531 4.22454 0.0235262 -3.21902 0 2 0 0 -3.02705  -3.3295 0 1.6883 0 0 -3.17788  -0.0265952 0 0.0399073 0 0 -0.0310311  0.137073 0 0.27179 0 0 0.181859  0 0 0 0 0 0  
172.473 4.24627 0.0224385 -3.21592 0 2 0 0 -3.03935  -3.30675 0 1.68977 0 0 -3.18393  -0.0293871 0 0.0383715 0 0 -0.0316449  0.12022 0 0.271854 0 0 0.176229  0 0 0 0 0 0  
173.416 4.26762 0.022731 -3.1951 0 2 0 0 -2.95607  -3.3057 0 1.68908 0 0 -3.12818  -0.0299488 0 0.0352474 0 0 -0.0283433  0.140544 0 0.275675 0 0 0.200458  0 0 0 0 0 0  
174.358 4.28957 0.023984 -3.19131 0 2 0 0 -2.90678  -3.30066 0 1.67313 0 0 -3.07273  -0.0358129 0 0.0385981 0 0 -0.0271635  0.145161 0 0.288267 0 0 0.193112  0 0 0 0 0 0  
175.301 4.31254 0.0241651 -3.10659 0 2 0 0 -2.79103  -3.22137 0 1.665 0 0 -2.95037  -0.0373908 0 0.0385962 0 0 -0.0320535  0.152171 0 0.296408 0 0 0.19139  0 0 0 0 0 0  
176.243 4.33537 0.0238368 -3.10289 0 2 0 0 -2.70161  -3.21165 0 1.66 0 0 -2.86403  -0.0423243 0 0.0386629 0 0 -0.0331387  0.15109 0 0.301335 0 0 0.195553  0 0 0 0 0 0  
177.186 4.35773 0.0233128 -3.12771 0 2 0 0 -2.64221  -3.23307 0 1.6795 0 0 -2.78163  -0.0349047 0 0.0370482 0 0 -0.0320456  0.140269 0 0.283451 0 0 0.171471  0 0 0 0 0 0  
178.128 4.37924 0.022588 -3.17587 0 2 0 0 -2.72421  -3.26947 0 1.69616 0 0 -2.84459  -0.0345933 0 0.0366534 0 0 -0.0301602  0.128197 0 0.267186 0 0 0.150539  0 0 0 0 0 0  
179.071 4.40031 0.0224218 -3.1884 0 2 0 0 -2.81153  -3.27917 0 1.69627 0 0 -2.93315  -0.0276519 0 0.0378735 0 0 -0.0346195  0.118423 0 0.265861 0 0 0.15624  0 0 0 0 0 0  
180.013 4.42113 0.0222608 -3.13854 0 2 0 0 -2.9766  -3.22947 0 1.70286 0 0 -3.08152  -0.0270024 0 0.0363528 0 0 -0.0326843  0.11793 0 0.260786 0 0 0.137603  0 0 0 0 0 0  
180.956 4.44222 0.0224429 -3.10693 0 2 0 0 -3.13364  -3.19156 0 1.70413 0 0 -3.24109  -0.0283949 0 0.0373626 0 0 -0.0331062  0.113016 0 0.258506 0 0 0.140554  0 0 0 0 0 0  
181.898 4.46398 0.0236326 -3.06051 0 2 0 0 -3.19649  -3.14036 0 1.69183 0 0 -3.32095  -0.0330769 0 0.0377243 0 0 -0.0371336  0.112926 0 0.270441 0 0 0.161594  0 0 0 0 0 0  
182.841 4.48681 0.0249199 -2.93762 0 2 0 0 -3.15523  -3.02308 0 1.67872 0 0 -3.28456  -0.0311143 0 0.0382739 0 0 -0.0370723  0.116579 0 0.283006 0 0 0.1664  0 0 0 0 0 0  
183.783 4.51012 0.0249713 -2.86183 0 2 0 0 -3.11862  -2.98439 0 1.66691 0 0 -3.26324  -0.0443377 0 0.03265 0 0 -0.0485824  0.166896 0 0.300442 0 0 0.193204  0 0 0 0 0 0  
184.726 4.53423 0.0255908 -2.72725 0 2 0 0 -2.99902  -2.86483 0 1.64052 0 0 -3.18415  -0.050377 0 0.029677 0 0 -0.0550978  0.187963 0 0.329802 0 0 0.240234  0 0 0 0 0 0  
185.668 4.5583 0.0254942 -2.72464 0 2 0 0 -2.86841  -2.84182 0 1.63298 0 0 -3.05874  -0.0521821 0 0.0364494 0 0 -0.0535055  0.169366 0 0.330571 0 0 0.24383  0 0 0 0 0 0  
186.611 4.58251 0.0256889 -2.69917 0 2 0 0 -2.79576  -2.83755 0 1.62175 0 0 -2.99942  -0.0523909 0 0.0374051 0 0 -0.0468974  0.190772 0 0.340849 0 0 0.250556  0 0 0 0 0 0  
187.553 4.60648 0.025005 -2.7088 0 2 0 0 -2.71822  -2.85663 0 1.62865 0 0 -2.92567  -0.051727 0 0.0373863 0 0 -0.044661  0.199557 0 0.333961 0 0 0.252115  0 0 0 0 0 0  
188.496 4.62943 0.0239648 -2.79004 0 2 0 0 -2.82493  -2.92449 0 1.65406 0 0 -3.00885  -0.044427 0 0.0349974 0 0 -0.0343514  0.178873 0 0.310946 0 0 0.218275  0 0 0 0 0 0  
189.438 4.65179 0.0235138 -2.8661 0 2 0 0 -2.93526  -3.00015 0 1.6722 0 0 -3.10542  -0.0344455 0 0.0329251 0 0 -0.0312277  0.168494 0 0.294874 0 0 0.20139  0 0 0 0 0 0  
190.381 4.67471 0.0244921 -2.94429 0 2 0 0 -3.06054  -3.07385 0 1.65909 0 0 -3.22178  -0.0457869 0 0.0328375 0 0 -0.0445027  0.175343 0 0.308076 0 0 0.20575  0 0 0 0 0 0  
191.323 4.69743 0.0239564 -2.92887 0 2 0 0 -3.15028  -3.06245 0 1.66909 0 0 -3.2943  -0.0384896 0 0.0316074 0 0 -0.0404822  0.172078 0 0.299303 0 0 0.184497  0 0 0 0 0 0  
192.265 4.72026 0.0245552 -2.87985 0 2 0 0 -3.14255  -3.02329 0 1.67128 0 0 -3.28657  -0.0308194 0 0.0323855 0 0 -0.033691  0.174266 0 0.296335 0 0 0.177713  0 0 0 0 0 0  
193.208 4.74423 0.0256609 -2.83422 0 2 0 0 -3.0742  -2.98312 0 1.65892 0 0 -3.24238  -0.0392961 0 0.0288641 0 0 -0.0336839  0.188195 0 0.31222 0 0 0.20186  0 0 0 0 0 0  
194.15 4.76856 0.0261574 -2.77354 0 2 0 0 -3.00796  -2.9203 0 1.62996 0 0 -3.21542  -0.0473304 0 0.0318714 0 0 -0.0378452  0.194085 0 0.338168 0 0 0.245307  0 0 0 0 0 0  
195.093 4.79265 0.0250204 -2.7602 0 2 0 0 -3.091  -2.88273 0 1.66323 0 0 -3.26974  -0.0416644 0 0.0306399 0 0 -0.0293398  0.164198 0 0.306133 0 0 0.208076  0 0 0 0 0 0  
196.035 4.81582 0.0247089 -2.81144 0 2 0 0 -3.0125  -2.931 0 1.67756 0 0 -3.18199  -0.039087 0 0.0295429 0 0 -0.0282234  0.158646 0 0.292893 0 0 0.197719  0 0 0 0 0 0  
196.978 4.83922 0.0253066 -2.78512 0 2 0 0 -2.98701  -2.9151 0 1.66275 0 0 -3.15764  -0.0507222 0 0.0279918 0 0 -0.0351931  0.180698 0 0.309259 0 0 0.205823  0 0 0 0 0 0  
197.92 4.86441 0.0275646 -2.70101 0 2 0 0 -2.92499  -2.83054 0 1.62128 0 0 -3.09466  -0.0624362 0 0.035722 0 0 -0.0450789  0.19196 0 0.342996 0 0 0.214744  0 0 0 0 0 0  
198.863 4.89064 0.0281126 -2.67494 0 2 0 0 -2.89838  -2.80562 0 1.59324 0 0 -3.08138  -0.0643648 0 0.0428537 0 0 -0.046219  0.195046 0 0.363907 0 0 0.22922  0 0 0 0 0 0  
199.805 4.91699 0.0276286 -2.725 0 2 0 0 -2.93204  -2.84414 0 1.59314 0 0 -3.09209  -0.0556418 0 0.0441329 0 0 -0.0492328  0.174783 0 0.362724 0 0 0.209283  0 0 0 0 0 0  
200.748 4.94318 0.0278636 -2.80302 0 2 0 0 -2.95658  -2.90939 0 1.59706 0 0 -3.10169  -0.0506651 0 0.0503335 0 0 -0.0413941  0.157033 0 0.352611 0 0 0.186501  0 0 0 0 0 0  
201.69 4.96974 0.0285964 -2.71192 0 2 0 0 -2.86364  -2.82246 0 1.59946 0 0 -3.04224  -0.0521718 0 0.041157 0 0 -0.055079  0.162716 0 0.359387 0 0 0.233686  0 0 0 0 0 0  
202.633 4.99715 0.0286642 -2.69497 0 2 0 0 -2.95244  -2.78359 0 1.5992 0 0 -3.09503  -0.0462304 0 0.0439732 0 0 -0.0522666  0.13485 0 0.35683 0 0 0.194859  0 0 0 0 0 0  
203.575 5.02317 0.0270174 -2.68406 0 2 0 0 -3.0334  -2.77918 0 1.62201 0 0 -3.18929  -0.0503434 0 0.0431652 0 0 -0.0463344  0.145463 0 0.334825 0 0 0.20223  0 0 0 0 0 0  
