# LF_DEM version v3.0-126-gb72fb1a
# np 1000
# VF 0.76
# Lx 73.993
# Ly 0
# Lz 73.993
# flow_type shear
# data in cl units.
#1: time
#2: cumulated strain
#3: shear rate
#4-9: total stress tensor (xx, xy, xz, yz, yy, zz)
#10-15: contact stress tensor (xx, xy, xz, yz, yy, zz)
#16-21: dashpot stress tensor (xx, xy, xz, yz, yy, zz)
#22-27: hydro stress tensor (xx, xy, xz, yz, yy, zz)
#28-33: repulsion stress tensor (xx, xy, xz, yz, yy, zz)

0.00471239 0.000432035 0.0916806 -5.13946 0 4 0 0 -4.5215  -5.53166 0 2.73453 0 0 -5.05967  -0.226325 0 0.098967 0 0 -0.234505  0.618526 0 1.1665 0 0 0.772681  0 0 0 0 0 0  
0.471239 0.0261442 0.0482171 -5.18149 0 4 0 0 -4.67175  -5.36902 0 3.3581 0 0 -4.96031  -0.110295 0 0.0479875 0 0 -0.109281  0.297819 0 0.593911 0 0 0.397845  0 0 0 0 0 0  
0.942478 0.0468364 0.0413623 -5.72836 0 4 0 0 -5.15306  -5.87192 0 3.47826 0 0 -5.35412  -0.0743721 0 0.0505391 0 0 -0.0876088  0.217927 0 0.471198 0 0 0.288667  0 0 0 0 0 0  
1.41372 0.065471 0.0374467 -6.17909 0 4 0 0 -5.48923  -6.30268 0 3.54678 0 0 -5.64372  -0.068797 0 0.0464865 0 0 -0.0763448  0.192388 0 0.406731 0 0 0.23084  0 0 0 0 0 0  
1.88496 0.0827883 0.0356708 -6.45061 0 4 0 0 -5.84327  -6.55069 0 3.57471 0 0 -5.969  -0.0652174 0 0.0467103 0 0 -0.0735495  0.165296 0 0.378576 0 0 0.199283  0 0 0 0 0 0  
2.35619 0.0992899 0.0352832 -6.56126 0 4 0 0 -6.06239  -6.64193 0 3.58779 0 0 -6.18275  -0.0635978 0 0.0490533 0 0 -0.0662119  0.144271 0 0.36316 0 0 0.186573  0 0 0 0 0 0  
2.82743 0.11565 0.0341337 -6.59824 0 4 0 0 -6.25528  -6.67969 0 3.6028 0 0 -6.38948  -0.0626172 0 0.0502311 0 0 -0.0596274  0.144063 0 0.346964 0 0 0.193819  0 0 0 0 0 0  
3.29867 0.132058 0.0344943 -6.52835 0 4 0 0 -6.38248  -6.62282 0 3.59364 0 0 -6.54157  -0.0536036 0 0.0536558 0 0 -0.0500963  0.148074 0 0.352709 0 0 0.209187  0 0 0 0 0 0  
3.76991 0.148196 0.0339888 -6.35965 0 4 0 0 -6.46027  -6.47105 0 3.5935 0 0 -6.64159  -0.0522497 0 0.0509382 0 0 -0.0489745  0.163655 0 0.355564 0 0 0.230296  0 0 0 0 0 0  
4.24115 0.163883 0.0325953 -6.332 0 4 0 0 -6.66454  -6.44234 0 3.6053 0 0 -6.84214  -0.0479518 0 0.0484092 0 0 -0.0504347  0.158283 0 0.346294 0 0 0.228041  0 0 0 0 0 0  
4.71239 0.178501 0.0299236 -6.44145 0 4 0 0 -6.83954  -6.5312 0 3.64163 0 0 -6.99917  -0.0433581 0 0.0486008 0 0 -0.0345672  0.133108 0 0.309769 0 0 0.194202  0 0 0 0 0 0  
5.18363 0.191944 0.0272234 -6.51061 0 4 0 0 -6.81492  -6.6055 0 3.67071 0 0 -6.94368  -0.0378399 0 0.0404226 0 0 -0.0351535  0.132729 0 0.288872 0 0 0.163915  0 0 0 0 0 0  
5.65487 0.204664 0.027355 -6.6399 0 4 0 0 -6.75724  -6.7349 0 3.67739 0 0 -6.88615  -0.0294909 0 0.0384223 0 0 -0.0279807  0.124497 0 0.284185 0 0 0.156895  0 0 0 0 0 0  
6.12611 0.217299 0.0270328 -6.74451 0 4 0 0 -6.70827  -6.83362 0 3.68112 0 0 -6.82303  -0.0317324 0 0.0396683 0 0 -0.0305949  0.120836 0 0.279214 0 0 0.145358  0 0 0 0 0 0  
6.59734 0.230378 0.029212 -6.71654 0 4 0 0 -6.63346  -6.81438 0 3.64608 0 0 -6.7559  -0.0291762 0 0.0446082 0 0 -0.0414317  0.127015 0 0.309311 0 0 0.163866  0 0 0 0 0 0  
7.06858 0.244047 0.0294379 -6.61106 0 4 0 0 -6.58783  -6.74322 0 3.63733 0 0 -6.7414  -0.0375482 0 0.04506 0 0 -0.0465764  0.169712 0 0.317613 0 0 0.200148  0 0 0 0 0 0  
7.53982 0.258382 0.0306765 -6.62956 0 4 0 0 -6.84461  -6.75876 0 3.63125 0 0 -7.0151  -0.0473499 0 0.0441182 0 0 -0.0449054  0.176547 0 0.324636 0 0 0.215403  0 0 0 0 0 0  
8.01106 0.272625 0.0303293 -6.67864 0 4 0 0 -6.99053  -6.78889 0 3.6483 0 0 -7.14243  -0.0473065 0 0.0429542 0 0 -0.0408308  0.157561 0 0.308747 0 0 0.192724  0 0 0 0 0 0  
8.4823 0.286443 0.0293191 -6.75651 0 4 0 0 -7.031  -6.86634 0 3.65577 0 0 -7.18785  -0.0405806 0 0.0442418 0 0 -0.0316878  0.150408 0 0.299983 0 0 0.188539  0 0 0 0 0 0  
8.95354 0.300198 0.0292774 -6.72843 0 4 0 0 -6.95993  -6.84099 0 3.65106 0 0 -7.13362  -0.0315121 0 0.045467 0 0 -0.0209331  0.144065 0 0.303473 0 0 0.19462  0 0 0 0 0 0  
9.42478 0.313415 0.0276277 -6.86622 0 4 0 0 -7.05374  -6.96788 0 3.6662 0 0 -7.2014  -0.0364362 0 0.0475287 0 0 -0.0256763  0.138091 0 0.286267 0 0 0.173343  0 0 0 0 0 0  
9.89602 0.326786 0.0294578 -6.97132 0 4 0 0 -7.06984  -7.06163 0 3.65355 0 0 -7.20751  -0.0374376 0 0.0517388 0 0 -0.0257557  0.127742 0 0.294707 0 0 0.163426  0 0 0 0 0 0  
10.3673 0.340648 0.0295333 -7.0679 0 4 0 0 -6.97657  -7.14938 0 3.6548 0 0 -7.10582  -0.0354792 0 0.0545011 0 0 -0.0230607  0.116958 0 0.290701 0 0 0.152307  0 0 0 0 0 0  
10.8385 0.354298 0.0279547 -7.02577 0 4 0 0 -6.9816  -7.10907 0 3.67021 0 0 -7.11576  -0.0392031 0 0.0511887 0 0 -0.0270526  0.122506 0 0.278603 0 0 0.161212  0 0 0 0 0 0  
11.3097 0.367441 0.0281756 -6.83308 0 4 0 0 -6.74367  -6.91943 0 3.6558 0 0 -6.87864  -0.0424441 0 0.0542295 0 0 -0.029657  0.128802 0 0.28997 0 0 0.16463  0 0 0 0 0 0  
11.781 0.380506 0.02737 -6.77675 0 4 0 0 -6.66771  -6.86078 0 3.66662 0 0 -6.79621  -0.0409714 0 0.0504899 0 0 -0.0327323  0.125001 0 0.282895 0 0 0.16123  0 0 0 0 0 0  
12.2522 0.393193 0.0275716 -6.70063 0 4 0 0 -6.6407  -6.80302 0 3.66361 0 0 -6.79991  -0.0427871 0 0.0433533 0 0 -0.0433331  0.145182 0 0.293038 0 0 0.202543  0 0 0 0 0 0  
12.7235 0.405974 0.027033 -6.62603 0 4 0 0 -6.6765  -6.73417 0 3.68019 0 0 -6.8453  -0.0396155 0 0.0349738 0 0 -0.0382634  0.147762 0 0.284837 0 0 0.207061  0 0 0 0 0 0  
13.1947 0.41898 0.0282042 -6.74394 0 4 0 0 -6.77087  -6.84635 0 3.6729 0 0 -6.93466  -0.045438 0 0.0387664 0 0 -0.0458798  0.147848 0 0.288332 0 0 0.209671  0 0 0 0 0 0  
13.6659 0.431924 0.0262427 -6.78592 0 4 0 0 -6.86386  -6.86297 0 3.70734 0 0 -7.00276  -0.0372262 0 0.0400915 0 0 -0.033258  0.114277 0 0.252568 0 0 0.172162  0 0 0 0 0 0  
14.1372 0.443994 0.0252321 -6.77613 0 4 0 0 -6.90864  -6.85689 0 3.7096 0 0 -7.05879  -0.0374196 0 0.0376337 0 0 -0.0296888  0.118176 0 0.252764 0 0 0.179847  0 0 0 0 0 0  
14.6084 0.455606 0.0242354 -6.68772 0 4 0 0 -6.88926  -6.7644 0 3.71589 0 0 -7.028  -0.0346355 0 0.0389085 0 0 -0.0294963  0.111318 0 0.245206 0 0 0.168237  0 0 0 0 0 0  
15.0796 0.467033 0.024108 -6.66386 0 4 0 0 -7.05252  -6.7461 0 3.71519 0 0 -7.18852  -0.0336911 0 0.0385045 0 0 -0.0322801  0.115931 0 0.246306 0 0 0.168277  0 0 0 0 0 0  
15.5509 0.478132 0.0230167 -6.72963 0 4 0 0 -7.1148  -6.80289 0 3.72947 0 0 -7.24368  -0.033095 0 0.036582 0 0 -0.0314295  0.106357 0 0.233945 0 0 0.160307  0 0 0 0 0 0  
16.0221 0.488791 0.022022 -6.67226 0 4 0 0 -7.10626  -6.73766 0 3.73183 0 0 -7.23011  -0.0305909 0 0.0354562 0 0 -0.0338414  0.0959891 0 0.232715 0 0 0.157691  0 0 0 0 0 0  
16.4934 0.499357 0.0225732 -6.52785 0 4 0 0 -7.1264  -6.60664 0 3.71797 0 0 -7.25986  -0.0169617 0 0.0373886 0 0 -0.0211217  0.0957462 0 0.244641 0 0 0.154582  0 0 0 0 0 0  
16.9646 0.510336 0.0242176 -6.56302 0 4 0 0 -7.10638  -6.64662 0 3.70112 0 0 -7.24094  -0.0150843 0 0.0381303 0 0 -0.0134816  0.0986903 0 0.260753 0 0 0.148043  0 0 0 0 0 0  
17.4358 0.521976 0.0252421 -6.6308 0 4 0 0 -7.16757  -6.71494 0 3.69043 0 0 -7.29136  -0.02125 0 0.041609 0 0 -0.0179943  0.105387 0 0.267961 0 0 0.141783  0 0 0 0 0 0  
17.9071 0.53405 0.0264186 -6.78078 0 4 0 0 -7.12502  -6.87016 0 3.67685 0 0 -7.24759  -0.023746 0 0.0441701 0 0 -0.0179185  0.113132 0 0.278977 0 0 0.140492  0 0 0 0 0 0  
18.3783 0.546317 0.0255201 -6.9228 0 4 0 0 -7.16397  -7.0105 0 3.69088 0 0 -7.29042  -0.0187739 0 0.0435868 0 0 -0.0236971  0.106465 0 0.265536 0 0 0.150146  0 0 0 0 0 0  
18.8496 0.557776 0.0234181 -7.10089 0 4 0 0 -7.17536  -7.18799 0 3.70143 0 0 -7.2982  -0.0247648 0 0.0430702 0 0 -0.0222883  0.111859 0 0.255497 0 0 0.145132  0 0 0 0 0 0  
19.3208 0.568714 0.0229215 -7.25916 0 4 0 0 -7.0782  -7.33941 0 3.72778 0 0 -7.20121  -0.0216056 0 0.0369736 0 0 -0.0169142  0.101851 0 0.235244 0 0 0.139919  0 0 0 0 0 0  
19.792 0.57966 0.0230049 -7.34464 0 4 0 0 -7.06108  -7.42188 0 3.72147 0 0 -7.19262  -0.0166465 0 0.0354174 0 0 -0.0157338  0.0938841 0 0.243113 0 0 0.147273  0 0 0 0 0 0  
20.2633 0.59051 0.0231954 -7.47396 0 4 0 0 -7.12411  -7.54861 0 3.72246 0 0 -7.25072  -0.0217348 0 0.0333756 0 0 -0.0172794  0.0963864 0 0.244169 0 0 0.143889  0 0 0 0 0 0  
20.7345 0.601441 0.0230288 -7.69141 0 4 0 0 -7.20621  -7.766 0 3.72881 0 0 -7.31838  -0.0199027 0 0.0322162 0 0 -0.0157784  0.0944867 0 0.238971 0 0 0.12795  0 0 0 0 0 0  
21.2058 0.612227 0.0227225 -7.85553 0 4 0 0 -7.33386  -7.91233 0 3.73427 0 0 -7.42479  -0.0216533 0 0.0347613 0 0 -0.0149632  0.0784565 0 0.230966 0 0 0.105891  0 0 0 0 0 0  
21.677 0.622914 0.0228729 -7.94503 0 4 0 0 -7.35931  -7.99825 0 3.73614 0 0 -7.45446  -0.0264814 0 0.0327812 0 0 -0.015534  0.0796951 0 0.231081 0 0 0.110678  0 0 0 0 0 0  
22.1482 0.633619 0.0228857 -7.96705 0 4 0 0 -7.35377  -8.01085 0 3.73829 0 0 -7.44377  -0.0329132 0 0.0337421 0 0 -0.019292  0.0767148 0 0.227973 0 0 0.109293  0 0 0 0 0 0  
22.6195 0.644642 0.0236066 -7.86315 0 4 0 0 -7.34764  -7.90762 0 3.73122 0 0 -7.45611  -0.035465 0 0.0338948 0 0 -0.019496  0.0799378 0 0.23489 0 0 0.127966  0 0 0 0 0 0  
23.0907 0.655504 0.023133 -7.7413 0 4 0 0 -7.39423  -7.798 0 3.73217 0 0 -7.51545  -0.0328705 0 0.0329216 0 0 -0.0186952  0.0895716 0 0.234909 0 0 0.139922  0 0 0 0 0 0  
23.5619 0.666197 0.022904 -7.68245 0 4 0 0 -7.36046  -7.74993 0 3.7376 0 0 -7.48112  -0.0280822 0 0.0324174 0 0 -0.019534  0.095563 0 0.229981 0 0 0.1402  0 0 0 0 0 0  
24.0332 0.677097 0.0233561 -7.70666 0 4 0 0 -7.32566  -7.77385 0 3.72111 0 0 -7.44989  -0.0288786 0 0.035613 0 0 -0.0205023  0.0960686 0 0.24328 0 0 0.144739  0 0 0 0 0 0  
24.5044 0.68812 0.0232555 -7.69276 0 4 0 0 -7.41997  -7.76151 0 3.72107 0 0 -7.53347  -0.0271486 0 0.0370334 0 0 -0.0217356  0.0958983 0 0.241898 0 0 0.135236  0 0 0 0 0 0  
24.9757 0.698955 0.022817 -7.7365 0 4 0 0 -7.41113  -7.80271 0 3.72339 0 0 -7.51247  -0.0266999 0 0.0370115 0 0 -0.0254154  0.0929183 0 0.239597 0 0 0.126753  0 0 0 0 0 0  
25.4469 0.709562 0.0218308 -7.77808 0 4 0 0 -7.49671  -7.84507 0 3.74533 0 0 -7.59455  -0.0268543 0 0.0322456 0 0 -0.026111  0.0938455 0 0.222421 0 0 0.123953  0 0 0 0 0 0  
25.9181 0.719372 0.0197296 -7.86617 0 4 0 0 -7.69814  -7.92541 0 3.76983 0 0 -7.7815  -0.0206079 0 0.0307411 0 0 -0.0170173  0.0798543 0 0.199425 0 0 0.100378  0 0 0 0 0 0  
26.3894 0.728775 0.0201841 -8.00119 0 4 0 0 -7.88635  -8.06258 0 3.77084 0 0 -7.96289  -0.0176124 0 0.030501 0 0 -0.0136271  0.0790076 0 0.198657 0 0 0.0901585  0 0 0 0 0 0  
26.8606 0.738063 0.0195496 -8.19916 0 4 0 0 -7.96779  -8.26058 0 3.77083 0 0 -8.03791  -0.0239866 0 0.0326187 0 0 -0.0178464  0.0854033 0 0.196556 0 0 0.0879635  0 0 0 0 0 0  
27.3319 0.747297 0.0196269 -8.13648 0 4 0 0 -7.99482  -8.20138 0 3.78126 0 0 -8.06763  -0.0177121 0 0.0305409 0 0 -0.0115424  0.0826047 0 0.188196 0 0 0.0843517  0 0 0 0 0 0  
27.8031 0.756255 0.0189768 -8.22167 0 4 0 0 -8.07105  -8.28214 0 3.79052 0 0 -8.12827  -0.0149737 0 0.0298194 0 0 -0.0116835  0.0754451 0 0.179665 0 0 0.0689037  0 0 0 0 0 0  
28.2743 0.765355 0.0189133 -8.20995 0 4 0 0 -8.01961  -8.26752 0 3.79328 0 0 -8.07405  -0.0150079 0 0.0293318 0 0 -0.00854811  0.0725819 0 0.177388 0 0 0.0629874  0 0 0 0 0 0  
28.7456 0.774259 0.0190921 -8.094 0 4 0 0 -8.0814  -8.15374 0 3.78571 0 0 -8.13938  -0.0147457 0 0.0322202 0 0 -0.00813968  0.074481 0 0.182068 0 0 0.0661148  0 0 0 0 0 0  
29.2168 0.783517 0.0198318 -8.04744 0 4 0 0 -8.06081  -8.10011 0 3.77783 0 0 -8.12027  -0.0150484 0 0.0347828 0 0 -0.00942944  0.0677183 0 0.187392 0 0 0.0688889  0 0 0 0 0 0  
29.6881 0.793286 0.0209834 -8.06623 0 4 0 0 -7.98285  -8.11457 0 3.75261 0 0 -8.05149  -0.0232359 0 0.0380397 0 0 -0.0131355  0.0715803 0 0.209348 0 0 0.0817765  0 0 0 0 0 0  
30.1593 0.803222 0.021297 -8.12892 0 4 0 0 -7.96774  -8.16929 0 3.75627 0 0 -8.03198  -0.0194806 0 0.0401074 0 0 -0.0109793  0.0598541 0 0.203618 0 0 0.0752169  0 0 0 0 0 0  
30.6305 0.813272 0.0218237 -8.17031 0 4 0 0 -7.83896  -8.21746 0 3.7557 0 0 -7.90483  -0.0190364 0 0.0398254 0 0 -0.0147623  0.0661863 0 0.204474 0 0 0.0806262  0 0 0 0 0 0  
31.1018 0.823583 0.0215445 -8.33529 0 4 0 0 -7.56413  -8.38388 0 3.7519 0 0 -7.62738  -0.0114484 0 0.0391966 0 0 -0.00542524  0.0600407 0 0.2089 0 0 0.0686794  0 0 0 0 0 0  
31.573 0.833801 0.0220647 -8.32419 0 4 0 0 -7.36575  -8.3841 0 3.7372 0 0 -7.43271  -0.00880828 0 0.0391441 0 0 -0.0100113  0.0687189 0 0.223655 0 0 0.0769727  0 0 0 0 0 0  
32.0442 0.84409 0.0222131 -8.36319 0 4 0 0 -7.21657  -8.43642 0 3.72201 0 0 -7.30149  -0.0140373 0 0.0393821 0 0 -0.0158506  0.0872736 0 0.238612 0 0 0.100767  0 0 0 0 0 0  
32.5155 0.85473 0.0232377 -8.36724 0 4 0 0 -7.18929  -8.44634 0 3.71097 0 0 -7.2707  -0.016199 0 0.0417892 0 0 -0.0241572  0.0953025 0 0.247237 0 0 0.10557  0 0 0 0 0 0  
32.9867 0.865892 0.024114 -8.26582 0 4 0 0 -7.09865  -8.34862 0 3.69939 0 0 -7.21245  -0.0231161 0 0.0438471 0 0 -0.0194203  0.105918 0 0.256762 0 0 0.133222  0 0 0 0 0 0  
33.458 0.877422 0.0248057 -8.16298 0 4 0 0 -7.1463  -8.25687 0 3.70038 0 0 -7.27992  -0.0312576 0 0.0395306 0 0 -0.0264411  0.125145 0 0.26009 0 0 0.160065  0 0 0 0 0 0  
33.9292 0.888921 0.0241711 -8.01981 0 4 0 0 -7.23267  -8.1123 0 3.70624 0 0 -7.35747  -0.0247193 0 0.0370919 0 0 -0.0244739  0.117203 0 0.256672 0 0 0.149273  0 0 0 0 0 0  
34.4004 0.900066 0.0233101 -7.89822 0 4 0 0 -7.09111  -7.99271 0 3.713 0 0 -7.20883  -0.020831 0 0.0397821 0 0 -0.0234926  0.115318 0 0.247222 0 0 0.141213  0 0 0 0 0 0  
34.8717 0.910798 0.0228428 -7.64301 0 4 0 0 -7.00234  -7.74062 0 3.70004 0 0 -7.11577  -0.0196968 0 0.0400177 0 0 -0.025083  0.117309 0 0.259942 0 0 0.13852  0 0 0 0 0 0  
35.3429 0.921542 0.0223217 -7.36457 0 4 0 0 -6.93552  -7.46378 0 3.71416 0 0 -7.05366  -0.0179104 0 0.0363719 0 0 -0.0213958  0.117124 0 0.249467 0 0 0.139543  0 0 0 0 0 0  
35.8142 0.93183 0.0216811 -7.25987 0 4 0 0 -6.99754  -7.35709 0 3.7234 0 0 -7.11259  -0.0182311 0 0.0357097 0 0 -0.0192756  0.115449 0 0.240886 0 0 0.134327  0 0 0 0 0 0  
36.2854 0.941591 0.0203578 -7.20371 0 4 0 0 -7.08009  -7.28601 0 3.75571 0 0 -7.17104  -0.0163929 0 0.0337156 0 0 -0.0178694  0.0986863 0 0.210575 0 0 0.108815  0 0 0 0 0 0  
36.7566 0.951297 0.0207188 -7.10002 0 4 0 0 -6.95456  -7.18531 0 3.74699 0 0 -7.05132  -0.0172415 0 0.0335061 0 0 -0.0196286  0.102534 0 0.219504 0 0 0.116391  0 0 0 0 0 0  
37.2279 0.96104 0.0207093 -6.89602 0 4 0 0 -6.87821  -7.00032 0 3.74141 0 0 -6.99042  -0.0167484 0 0.0315736 0 0 -0.0144618  0.121054 0 0.227015 0 0 0.126677  0 0 0 0 0 0  
37.6991 0.970669 0.0203042 -6.79151 0 4 0 0 -6.90462  -6.89357 0 3.74789 0 0 -7.013  -0.0139197 0 0.0317151 0 0 -0.0121853  0.115971 0 0.220393 0 0 0.120564  0 0 0 0 0 0  
38.1704 0.980211 0.0206107 -6.68503 0 4 0 0 -6.8244  -6.77468 0 3.7408 0 0 -6.93797  -0.0172726 0 0.0336619 0 0 -0.017734  0.106923 0 0.225534 0 0 0.131305  0 0 0 0 0 0  
38.6416 0.989828 0.0201888 -6.76049 0 4 0 0 -6.79139  -6.83527 0 3.74346 0 0 -6.90475  -0.020881 0 0.0323727 0 0 -0.0210224  0.0956606 0 0.224163 0 0 0.134376  0 0 0 0 0 0  
39.1128 0.999274 0.0199613 -6.93313 0 4 0 0 -6.74252  -6.99872 0 3.7443 0 0 -6.85322  -0.0197876 0 0.0348129 0 0 -0.0171384  0.0853814 0 0.220884 0 0 0.127841  0 0 0 0 0 0  
39.5841 1.00868 0.0202512 -7.08566 0 4 0 0 -6.73838  -7.15097 0 3.7443 0 0 -6.84647  -0.0202354 0 0.0356732 0 0 -0.0217598  0.0855421 0 0.220024 0 0 0.129845  0 0 0 0 0 0  
40.0553 1.01817 0.0200036 -7.24508 0 4 0 0 -6.89059  -7.30175 0 3.75395 0 0 -6.98826  -0.0182143 0 0.0382924 0 0 -0.0167462  0.0748825 0 0.20776 0 0 0.114423  0 0 0 0 0 0  
40.5265 1.02743 0.0194365 -7.32284 0 4 0 0 -6.90484  -7.37521 0 3.75964 0 0 -7.00121  -0.0169193 0 0.037681 0 0 -0.0165481  0.069294 0 0.202678 0 0 0.112914  0 0 0 0 0 0  
40.9978 1.03672 0.0198256 -7.44597 0 4 0 0 -6.88835  -7.49837 0 3.75658 0 0 -6.98453  -0.0164257 0 0.0378802 0 0 -0.0155278  0.0688264 0 0.205544 0 0 0.111708  0 0 0 0 0 0  
41.469 1.04629 0.0207487 -7.43815 0 4 0 0 -6.78653  -7.49961 0 3.74628 0 0 -6.88426  -0.019342 0 0.0371438 0 0 -0.0172754  0.0808019 0 0.216574 0 0 0.115002  0 0 0 0 0 0  
41.9403 1.05602 0.0202805 -7.4767 0 4 0 0 -6.8465  -7.53285 0 3.75717 0 0 -6.94237  -0.020864 0 0.0346653 0 0 -0.0183144  0.077016 0 0.208166 0 0 0.114187  0 0 0 0 0 0  
42.4115 1.06551 0.0200775 -7.56317 0 4 0 0 -6.87297  -7.6124 0 3.75471 0 0 -6.97472  -0.0208562 0 0.0363728 0 0 -0.0149416  0.0700902 0 0.208914 0 0 0.116691  0 0 0 0 0 0  
42.8827 1.07515 0.0205287 -7.56571 0 4 0 0 -6.95795  -7.62104 0 3.74824 0 0 -7.06567  -0.0223759 0 0.0382187 0 0 -0.0124385  0.0777135 0 0.213545 0 0 0.120163  0 0 0 0 0 0  
43.354 1.0847 0.0202519 -7.54 0 4 0 0 -6.90224  -7.59922 0 3.73923 0 0 -7.03048  -0.0328962 0 0.0386127 0 0 -0.018678  0.0921178 0 0.222159 0 0 0.146915  0 0 0 0 0 0  
43.8252 1.09412 0.0196485 -7.4336 0 4 0 0 -7.1201  -7.4932 0 3.74694 0 0 -7.2205  -0.0208421 0 0.0367026 0 0 -0.010954  0.0804427 0 0.216356 0 0 0.111352  0 0 0 0 0 0  
44.2965 1.10303 0.0189016 -7.2032 0 4 0 0 -7.22953  -7.2575 0 3.7606 0 0 -7.31494  -0.0171531 0 0.0370362 0 0 -0.00569041  0.0714544 0 0.202365 0 0 0.0910958  0 0 0 0 0 0  
44.7677 1.11186 0.0186316 -6.96024 0 4 0 0 -7.14529  -7.02031 0 3.77019 0 0 -7.23002  -0.0137629 0 0.0337505 0 0 -0.00394103  0.073833 0 0.196062 0 0 0.0886674  0 0 0 0 0 0  
45.2389 1.12098 0.0196705 -6.77251 0 4 0 0 -7.07863  -6.84354 0 3.74896 0 0 -7.16975  -0.0180608 0 0.0349567 0 0 -0.00361246  0.089095 0 0.216082 0 0 0.0947293  0 0 0 0 0 0  
45.7102 1.13053 0.0205116 -6.73768 0 4 0 0 -7.0803  -6.81544 0 3.73649 0 0 -7.18569  -0.0333186 0 0.031944 0 0 -0.014958  0.111083 0 0.231563 0 0 0.120354  0 0 0 0 0 0  
46.1814 1.14023 0.0207758 -6.70141 0 4 0 0 -7.21139  -6.78626 0 3.74652 0 0 -7.30758  -0.0296575 0 0.0336523 0 0 -0.0160869  0.11451 0 0.219827 0 0 0.112276  0 0 0 0 0 0  
46.6527 1.15006 0.0210429 -6.76819 0 4 0 0 -7.30125  -6.85321 0 3.73821 0 0 -7.40328  -0.0207823 0 0.0370837 0 0 -0.0154389  0.105799 0 0.224703 0 0 0.117475  0 0 0 0 0 0  
47.1239 1.1601 0.0215985 -6.83745 0 4 0 0 -7.39036  -6.92113 0 3.73764 0 0 -7.4944  -0.0198107 0 0.0355342 0 0 -0.0135012  0.103486 0 0.226829 0 0 0.117547  0 0 0 0 0 0  
47.5951 1.17042 0.0221057 -6.87864 0 4 0 0 -7.47061  -6.96674 0 3.73013 0 0 -7.57887  -0.0278088 0 0.0324447 0 0 -0.0195685  0.115906 0 0.237426 0 0 0.127825  0 0 0 0 0 0  
48.0664 1.18104 0.0229246 -6.88297 0 4 0 0 -7.54029  -6.97348 0 3.72372 0 0 -7.65383  -0.0253629 0 0.0346149 0 0 -0.0169462  0.115875 0 0.241661 0 0 0.130484  0 0 0 0 0 0  
48.5376 1.19191 0.0234073 -6.9819 0 4 0 0 -7.60017  -7.0638 0 3.71602 0 0 -7.71312  -0.0239784 0 0.0370743 0 0 -0.0240274  0.105874 0 0.246908 0 0 0.13698  0 0 0 0 0 0  
49.0088 1.20279 0.0228985 -7.06245 0 4 0 0 -7.73916  -7.12743 0 3.73008 0 0 -7.83596  -0.0213162 0 0.0370126 0 0 -0.0239927  0.0863046 0 0.232909 0 0 0.120792  0 0 0 0 0 0  
49.4801 1.21345 0.021909 -7.12309 0 4 0 0 -7.81231  -7.18216 0 3.75315 0 0 -7.90777  -0.016845 0 0.0360476 0 0 -0.0181531  0.075908 0 0.210805 0 0 0.113612  0 0 0 0 0 0  
49.9513 1.2236 0.0215718 -7.30604 0 4 0 0 -7.88083  -7.36203 0 3.75734 0 0 -7.96802  -0.017246 0 0.0347257 0 0 -0.0171951  0.0732366 0 0.207935 0 0 0.104393  0 0 0 0 0 0  
50.4226 1.23392 0.0219869 -7.36485 0 4 0 0 -7.84664  -7.42963 0 3.75611 0 0 -7.94437  -0.0209676 0 0.0313722 0 0 -0.017079  0.0857448 0 0.212519 0 0 0.114808  0 0 0 0 0 0  
50.8938 1.24437 0.0226247 -7.40436 0 4 0 0 -7.82502  -7.46378 0 3.74612 0 0 -7.92381  -0.0194371 0 0.0311582 0 0 -0.0196009  0.0788605 0 0.222718 0 0 0.118387  0 0 0 0 0 0  
51.365 1.25505 0.0226188 -7.55812 0 4 0 0 -7.9443  -7.60712 0 3.75723 0 0 -8.02835  -0.0201843 0 0.0327955 0 0 -0.0167235  0.0691807 0 0.209977 0 0 0.100781  0 0 0 0 0 0  
51.8363 1.26579 0.0224142 -7.75532 0 4 0 0 -7.90046  -7.81608 0 3.75247 0 0 -8.00438  -0.0153935 0 0.0349478 0 0 -0.00818707  0.076156 0 0.212584 0 0 0.112106  0 0 0 0 0 0  
52.3075 1.27608 0.0210416 -7.88802 0 4 0 0 -7.90948  -7.94652 0 3.76504 0 0 -8.00699  -0.0220374 0 0.0325614 0 0 -0.0120207  0.0805412 0 0.2024 0 0 0.109527  0 0 0 0 0 0  
52.7788 1.28591 0.0199945 -8.01443 0 4 0 0 -7.92745  -8.06324 0 3.7822 0 0 -8.01992  -0.021758 0 0.0333678 0 0 -0.00797937  0.0705615 0 0.184429 0 0 0.100444  0 0 0 0 0 0  
53.25 1.29473 0.0177708 -8.07974 0 4 0 0 -8.03754  -8.1206 0 3.80526 0 0 -8.12027  -0.0218437 0 0.0307106 0 0 -0.00838532  0.0626969 0 0.164028 0 0 0.0911105  0 0 0 0 0 0  
53.7212 1.30265 0.0161385 -8.14151 0 4 0 0 -8.05105  -8.18149 0 3.82025 0 0 -8.13827  -0.015574 0 0.0284147 0 0 -0.00493111  0.0555559 0 0.151335 0 0 0.0921445  0 0 0 0 0 0  
54.1925 1.31011 0.0155793 -8.1509 0 4 0 0 -8.09942  -8.18382 0 3.82803 0 0 -8.17527  -0.0137186 0 0.0275566 0 0 -0.00238972  0.0466421 0 0.144415 0 0 0.0782326  0 0 0 0 0 0  
54.6637 1.31771 0.0164209 -8.21971 0 4 0 0 -8.10507  -8.25734 0 3.82026 0 0 -8.18049  -0.0151448 0 0.0285866 0 0 -0.00438323  0.0527811 0 0.151154 0 0 0.0797946  0 0 0 0 0 0  
55.135 1.3253 0.0158123 -8.32508 0 4 0 0 -8.08343  -8.36529 0 3.83234 0 0 -8.15375  -0.0129235 0 0.0279155 0 0 -0.00317423  0.0531269 0 0.139742 0 0 0.0734897  0 0 0 0 0 0  
55.6062 1.33266 0.015724 -8.44587 0 4 0 0 -8.18195  -8.48784 0 3.83693 0 0 -8.2539  -0.0132471 0 0.0245822 0 0 -0.00344643  0.0552144 0 0.138487 0 0 0.0754014  0 0 0 0 0 0  
56.0774 1.33971 0.0144906 -8.48353 0 4 0 0 -8.17303  -8.51902 0 3.85217 0 0 -8.23895  -0.0104951 0 0.0227111 0 0 0.000147338  0.0459922 0 0.125121 0 0 0.0657638  0 0 0 0 0 0  
56.5487 1.34662 0.0147741 -8.4648 0 4 0 0 -8.13384  -8.50465 0 3.84965 0 0 -8.20663  -0.00635817 0 0.0240551 0 0 0.00524969  0.0462106 0 0.126294 0 0 0.0675325  0 0 0 0 0 0  
57.0199 1.35377 0.015726 -8.43657 0 4 0 0 -8.10114  -8.4775 0 3.83877 0 0 -8.17797  -0.00716175 0 0.0265266 0 0 0.00355425  0.0480878 0 0.134708 0 0 0.0732825  0 0 0 0 0 0  
57.4911 1.36127 0.0159675 -8.30873 0 4 0 0 -8.03971  -8.34399 0 3.8332 0 0 -8.11696  -0.0104292 0 0.028434 0 0 0.00289559  0.0456886 0 0.138366 0 0 0.0743587  0 0 0 0 0 0  
57.9624 1.36888 0.0162078 -8.20184 0 4 0 0 -7.95156  -8.2418 0 3.82845 0 0 -8.0324  -0.0112965 0 0.0274032 0 0 0.00110632  0.0512486 0 0.144148 0 0 0.0797337  0 0 0 0 0 0  
58.4336 1.37657 0.0166572 -8.10496 0 4 0 0 -7.88011  -8.14344 0 3.82801 0 0 -7.9591  -0.0124532 0 0.0285343 0 0 0.00356886  0.0509279 0 0.143457 0 0 0.0754235  0 0 0 0 0 0  
58.9049 1.38461 0.0174651 -8.01584 0 4 0 0 -7.83352  -8.05323 0 3.819 0 0 -7.91272  -0.0130606 0 0.0309962 0 0 -0.00217815  0.0504491 0 0.150007 0 0 0.081376  0 0 0 0 0 0  
59.3761 1.39287 0.0175229 -7.94204 0 4 0 0 -7.79067  -7.98461 0 3.80746 0 0 -7.8711  -0.0127676 0 0.0305901 0 0 -0.00729142  0.0553372 0 0.161952 0 0 0.0877197  0 0 0 0 0 0  
59.8473 1.40105 0.0172896 -7.93265 0 4 0 0 -7.82816  -7.97198 0 3.79683 0 0 -7.91319  -0.0170299 0 0.0294987 0 0 -0.0156098  0.0563647 0 0.173673 0 0 0.100645  0 0 0 0 0 0  
60.3186 1.40936 0.0180603 -7.83349 0 4 0 0 -7.76838  -7.87459 0 3.7921 0 0 -7.85166  -0.0167517 0 0.0275756 0 0 -0.0100622  0.0578576 0 0.180326 0 0 0.0933439  0 0 0 0 0 0  
60.7898 1.41817 0.0189823 -7.74748 0 4 0 0 -7.76354  -7.79063 0 3.77998 0 0 -7.84951  -0.0169507 0 0.0273774 0 0 -0.0113972  0.0600989 0 0.192638 0 0 0.097373  0 0 0 0 0 0  
61.2611 1.42732 0.0200675 -7.73668 0 4 0 0 -7.72567  -7.77463 0 3.76597 0 0 -7.81045  -0.0169976 0 0.0298679 0 0 -0.00998901  0.0549516 0 0.204167 0 0 0.0947637  0 0 0 0 0 0  
61.7323 1.43687 0.0203537 -7.58288 0 4 0 0 -7.59201  -7.62947 0 3.75346 0 0 -7.68841  -0.0288226 0 0.0292718 0 0 -0.0230484  0.0754032 0 0.217269 0 0 0.119441  0 0 0 0 0 0  
62.2035 1.44694 0.0222563 -7.32549 0 4 0 0 -7.41725  -7.38459 0 3.72485 0 0 -7.52368  -0.0348802 0 0.0322176 0 0 -0.0282029  0.0939839 0 0.242932 0 0 0.134637  0 0 0 0 0 0  
62.6748 1.4577 0.0233603 -7.15423 0 4 0 0 -7.24104  -7.21166 0 3.71156 0 0 -7.35365  -0.0280322 0 0.0379361 0 0 -0.0226107  0.0854669 0 0.250507 0 0 0.135212  0 0 0 0 0 0  
63.146 1.4692 0.0257907 -6.96769 0 4 0 0 -7.11547  -7.04219 0 3.6742 0 0 -7.26598  -0.0282087 0 0.0418293 0 0 -0.0256168  0.102714 0 0.283966 0 0 0.176134  0 0 0 0 0 0  
63.6173 1.4815 0.0263923 -7.05739 0 4 0 0 -7.04151  -7.1354 0 3.6704 0 0 -7.19481  -0.0268862 0 0.0418161 0 0 -0.0238431  0.104904 0 0.287781 0 0 0.177146  0 0 0 0 0 0  
64.0885 1.49411 0.0269733 -7.09869 0 4 0 0 -7.11908  -7.1801 0 3.66071 0 0 -7.26977  -0.0291309 0 0.0455025 0 0 -0.0227255  0.110543 0 0.293785 0 0 0.17341  0 0 0 0 0 0  
64.5597 1.50695 0.0270512 -7.14078 0 4 0 0 -7.14642  -7.23243 0 3.65861 0 0 -7.30405  -0.0334384 0 0.0436831 0 0 -0.0254789  0.125083 0 0.297703 0 0 0.183104  0 0 0 0 0 0  
65.031 1.5197 0.0269453 -7.32339 0 4 0 0 -7.11656  -7.39868 0 3.66535 0 0 -7.2658  -0.0312678 0 0.044034 0 0 -0.0253282  0.106553 0 0.290615 0 0 0.174567  0 0 0 0 0 0  
65.5022 1.53213 0.0255721 -7.52859 0 4 0 0 -7.30149  -7.59557 0 3.6739 0 0 -7.43769  -0.0320022 0 0.0405798 0 0 -0.0291192  0.0989796 0 0.285525 0 0 0.165314  0 0 0 0 0 0  
65.9734 1.54393 0.0241451 -7.78293 0 4 0 0 -7.48662  -7.85002 0 3.69247 0 0 -7.61433  -0.0306006 0 0.0396643 0 0 -0.0260694  0.0976866 0 0.267865 0 0 0.153782  0 0 0 0 0 0  
66.4447 1.55542 0.0236379 -7.96816 0 4 0 0 -7.62792  -8.03384 0 3.72466 0 0 -7.74057  -0.0230124 0 0.0408816 0 0 -0.0158107  0.0886932 0 0.234459 0 0 0.128463  0 0 0 0 0 0  
66.9159 1.56631 0.0230779 -7.90606 0 4 0 0 -7.65672  -7.96507 0 3.73602 0 0 -7.75533  -0.0250825 0 0.0408379 0 0 -0.0169602  0.0840962 0 0.223141 0 0 0.115566  0 0 0 0 0 0  
67.3872 1.57645 0.0200768 -7.79677 0 4 0 0 -7.57556  -7.85376 0 3.76833 0 0 -7.66289  -0.0183363 0 0.0337478 0 0 -0.0111364  0.0753276 0 0.197919 0 0 0.0984667  0 0 0 0 0 0  
67.8584 1.58594 0.020058 -7.69028 0 4 0 0 -7.5202  -7.75248 0 3.76657 0 0 -7.61383  -0.0190057 0 0.0339016 0 0 -0.00950402  0.081204 0 0.199526 0 0 0.103133  0 0 0 0 0 0  
68.3296 1.59527 0.020399 -7.63891 0 4 0 0 -7.3544  -7.70322 0 3.75264 0 0 -7.44744  -0.0223669 0 0.0352381 0 0 -0.0124157  0.0866774 0 0.212124 0 0 0.105457  0 0 0 0 0 0  
68.8009 1.60507 0.0214791 -7.60249 0 4 0 0 -7.28463  -7.68574 0 3.74181 0 0 -7.39035  -0.0181251 0 0.0348013 0 0 -0.00878485  0.101372 0 0.223384 0 0 0.114507  0 0 0 0 0 0  
69.2721 1.61575 0.0238419 -7.47523 0 4 0 0 -7.14046  -7.57499 0 3.70788 0 0 -7.27183  -0.0185439 0 0.0374677 0 0 -0.00671925  0.118307 0 0.254654 0 0 0.138099  0 0 0 0 0 0  
69.7434 1.62756 0.0265515 -7.50002 0 4 0 0 -7.11938  -7.59426 0 3.67695 0 0 -7.25728  -0.0261001 0 0.0424785 0 0 -0.0060803  0.120349 0 0.280572 0 0 0.143976  0 0 0 0 0 0  
70.2146 1.64041 0.028177 -7.52191 0 4 0 0 -7.14853  -7.5972 0 3.66088 0 0 -7.28155  -0.0256496 0 0.0467891 0 0 -0.010067  0.10094 0 0.292336 0 0 0.143088  0 0 0 0 0 0  
70.6858 1.65361 0.0280826 -7.49738 0 4 0 0 -7.20343  -7.59103 0 3.66032 0 0 -7.33424  -0.0232836 0 0.0486077 0 0 -0.0129278  0.116933 0 0.29107 0 0 0.143736  0 0 0 0 0 0  
71.1571 1.66678 0.0277207 -7.38399 0 4 0 0 -7.1569  -7.46845 0 3.66493 0 0 -7.28051  -0.0283425 0 0.0504019 0 0 -0.0176466  0.112799 0 0.284669 0 0 0.141257  0 0 0 0 0 0  
71.6283 1.67954 0.026136 -7.22222 0 4 0 0 -7.06513  -7.30547 0 3.66992 0 0 -7.18192  -0.0269863 0 0.0493619 0 0 -0.0155934  0.11024 0 0.280721 0 0 0.132392  0 0 0 0 0 0  
72.0996 1.69188 0.0256882 -7.08114 0 4 0 0 -6.93193  -7.16345 0 3.68111 0 0 -7.06164  -0.021224 0 0.0474902 0 0 -0.00792228  0.103528 0 0.271402 0 0 0.137628  0 0 0 0 0 0  
72.5708 1.7038 0.0240573 -7.06673 0 4 0 0 -6.97282  -7.1442 0 3.69421 0 0 -7.10588  -0.0195129 0 0.0417673 0 0 -0.0126973  0.096991 0 0.26402 0 0 0.145757  0 0 0 0 0 0  
73.042 1.71524 0.0251149 -6.95713 0 4 0 0 -6.99825  -7.04399 0 3.68424 0 0 -7.13669  -0.0279322 0 0.0420499 0 0 -0.0188041  0.114796 0 0.273708 0 0 0.157248  0 0 0 0 0 0  
73.5133 1.7271 0.0247212 -7.03802 0 4 0 0 -7.01568  -7.12187 0 3.68929 0 0 -7.14998  -0.0247461 0 0.0419947 0 0 -0.0190368  0.1086 0 0.268715 0 0 0.153338  0 0 0 0 0 0  
73.9845 1.73886 0.0248442 -7.33286 0 4 0 0 -6.97394  -7.42999 0 3.68617 0 0 -7.1244  -0.0253639 0 0.037141 0 0 -0.0285605  0.122494 0 0.276688 0 0 0.179014  0 0 0 0 0 0  
74.4557 1.75055 0.024788 -7.54246 0 4 0 0 -7.07948  -7.6217 0 3.70071 0 0 -7.21198  -0.0219299 0 0.0394886 0 0 -0.0248158  0.101174 0 0.259806 0 0 0.157313  0 0 0 0 0 0  
74.927 1.76179 0.0227199 -7.7718 0 4 0 0 -7.22466  -7.83763 0 3.72626 0 0 -7.34491  -0.0273188 0 0.0351948 0 0 -0.0267595  0.0931548 0 0.238542 0 0 0.147004  0 0 0 0 0 0  
75.3982 1.77226 0.0217901 -7.93849 0 4 0 0 -7.41537  -7.99774 0 3.74851 0 0 -7.51275  -0.0237396 0 0.0316611 0 0 -0.0301504  0.0829921 0 0.219825 0 0 0.127523  0 0 0 0 0 0  
75.8695 1.78255 0.0221754 -7.99212 0 4 0 0 -7.37424  -8.03964 0 3.74791 0 0 -7.46072  -0.0314745 0 0.0346735 0 0 -0.030701  0.0790002 0 0.217419 0 0 0.117184  0 0 0 0 0 0  
76.3407 1.79315 0.0225057 -8.03804 0 4 0 0 -7.53141  -8.07232 0 3.7416 0 0 -7.60864  -0.0363431 0 0.0371984 0 0 -0.0293789  0.0706234 0 0.221201 0 0 0.106605  0 0 0 0 0 0  
76.8119 1.80376 0.0221067 -8.09909 0 4 0 0 -7.58943  -8.13262 0 3.74469 0 0 -7.67248  -0.0304416 0 0.0393509 0 0 -0.0212018  0.0639691 0 0.215959 0 0 0.104253  0 0 0 0 0 0  
77.2832 1.8138 0.0204548 -8.17118 0 4 0 0 -7.63235  -8.20341 0 3.75822 0 0 -7.70218  -0.0265756 0 0.0370262 0 0 -0.0188264  0.0588075 0 0.204753 0 0 0.0886565  0 0 0 0 0 0  
77.7544 1.82355 0.0216138 -8.28381 0 4 0 0 -7.64577  -8.32301 0 3.75561 0 0 -7.73161  -0.025381 0 0.0372288 0 0 -0.0118141  0.0645741 0 0.207159 0 0 0.0976496  0 0 0 0 0 0  
78.2257 1.83394 0.0223193 -8.4105 0 4 0 0 -7.65088  -8.44325 0 3.74649 0 0 -7.72542  -0.0280173 0 0.0415397 0 0 -0.0128372  0.0607673 0 0.211967 0 0 0.0873794  0 0 0 0 0 0  
78.6969 1.84454 0.0224159 -8.52978 0 4 0 0 -7.68752  -8.54729 0 3.7509 0 0 -7.74956  -0.0205931 0 0.0420366 0 0 -0.00710327  0.0381007 0 0.207066 0 0 0.0691427  0 0 0 0 0 0  
79.1681 1.85494 0.0216671 -8.66242 0 4 0 0 -7.81721  -8.67901 0 3.76138 0 0 -7.87381  -0.0209067 0 0.0411678 0 0 -0.0075154  0.037504 0 0.197453 0 0 0.0641187  0 0 0 0 0 0  
79.6394 1.86513 0.0214906 -8.7482 0 4 0 0 -7.98169  -8.77849 0 3.76624 0 0 -8.05497  -0.0194712 0 0.0379903 0 0 -0.00420285  0.0497643 0 0.195767 0 0 0.0774825  0 0 0 0 0 0  
80.1106 1.87507 0.0207366 -8.81912 0 4 0 0 -8.12365  -8.85485 0 3.78087 0 0 -8.18893  -0.0131543 0 0.0366023 0 0 -0.00614692  0.0488809 0 0.182532 0 0 0.0714246  0 0 0 0 0 0  
80.5819 1.88477 0.0198992 -8.87237 0 4 0 0 -8.0621  -8.90832 0 3.78633 0 0 -8.11598  -0.0155772 0 0.0360454 0 0 -0.00942112  0.0515293 0 0.177629 0 0 0.0633001  0 0 0 0 0 0  
81.0531 1.89407 0.0193734 -8.68342 0 4 0 0 -8.00525  -8.71394 0 3.79061 0 0 -8.05866  -0.0162618 0 0.0356367 0 0 -0.00952686  0.0467766 0 0.173756 0 0 0.0629436  0 0 0 0 0 0  
81.5243 1.90309 0.0193411 -8.29364 0 4 0 0 -7.79477  -8.34026 0 3.78825 0 0 -7.86397  -0.0148072 0 0.0351556 0 0 -0.0136703  0.0614274 0 0.176593 0 0 0.0828694  0 0 0 0 0 0  
81.9956 1.91231 0.0194957 -8.071 0 4 0 0 -7.54258  -8.12844 0 3.78713 0 0 -7.62325  -0.0117071 0 0.0332909 0 0 -0.012121  0.0691444 0 0.17958 0 0 0.0927996  0 0 0 0 0 0  
82.4668 1.92173 0.0207542 -7.60885 0 4 0 0 -7.2949  -7.68092 0 3.75645 0 0 -7.39887  -0.0188506 0 0.0343951 0 0 -0.00980252  0.090913 0 0.209151 0 0 0.113774  0 0 0 0 0 0  
82.938 1.93185 0.0218184 -7.45546 0 4 0 0 -7.18559  -7.53895 0 3.73488 0 0 -7.30398  -0.0208756 0 0.0348658 0 0 -0.01428  0.104362 0 0.230255 0 0 0.132671  0 0 0 0 0 0  
83.4093 1.94226 0.022465 -7.43077 0 4 0 0 -6.96659  -7.49711 0 3.73134 0 0 -7.0715  -0.0252126 0 0.036456 0 0 -0.017442  0.0915564 0 0.232203 0 0 0.122351  0 0 0 0 0 0  
83.8805 1.95326 0.0233407 -7.48386 0 4 0 0 -6.84971  -7.54115 0 3.71845 0 0 -6.95874  -0.0255617 0 0.039406 0 0 -0.0163071  0.0828565 0 0.242149 0 0 0.125334  0 0 0 0 0 0  
84.3518 1.96445 0.0240829 -7.55802 0 4 0 0 -6.86434  -7.617 0 3.7142 0 0 -6.97358  -0.0274783 0 0.0424304 0 0 -0.0221147  0.0864597 0 0.243366 0 0 0.131349  0 0 0 0 0 0  
84.823 1.97605 0.0243534 -7.68902 0 4 0 0 -6.87837  -7.74343 0 3.70669 0 0 -6.98681  -0.0256915 0 0.045165 0 0 -0.0164894  0.0801003 0 0.248142 0 0 0.124927  0 0 0 0 0 0  
85.2942 1.98767 0.0245762 -7.66821 0 4 0 0 -6.77201  -7.71552 0 3.69976 0 0 -6.87351  -0.024519 0 0.047978 0 0 -0.0204364  0.0718308 0 0.252261 0 0 0.121928  0 0 0 0 0 0  
85.7655 1.99863 0.0225651 -7.66935 0 4 0 0 -6.81556  -7.71724 0 3.73013 0 0 -6.91151  -0.0241022 0 0.0446643 0 0 -0.0205745  0.0719878 0 0.225204 0 0 0.116529  0 0 0 0 0 0  
86.2367 2.00906 0.0218949 -7.54148 0 4 0 0 -6.82792  -7.5786 0 3.72538 0 0 -6.90712  -0.0268371 0 0.0410628 0 0 -0.0249879  0.0639555 0 0.233559 0 0 0.104185  0 0 0 0 0 0  
86.708 2.01933 0.0213366 -7.50147 0 4 0 0 -6.91261  -7.53757 0 3.74779 0 0 -7.00282  -0.0294007 0 0.0385469 0 0 -0.0242114  0.0654943 0 0.213664 0 0 0.114416  0 0 0 0 0 0  
87.1792 2.02932 0.0208964 -7.43645 0 4 0 0 -6.98045  -7.47316 0 3.75689 0 0 -7.06394  -0.0276989 0 0.0382357 0 0 -0.0191841  0.0644128 0 0.204875 0 0 0.102676  0 0 0 0 0 0  
87.6504 2.03915 0.0205453 -7.41557 0 4 0 0 -6.95376  -7.44459 0 3.76376 0 0 -7.03582  -0.0252599 0 0.0351637 0 0 -0.0152214  0.0542828 0 0.201071 0 0 0.0972816  0 0 0 0 0 0  
88.1217 2.04885 0.020657 -7.40519 0 4 0 0 -6.91706  -7.4527 0 3.77401 0 0 -7.00915  -0.021517 0 0.0322252 0 0 -0.0184631  0.0690271 0 0.193769 0 0 0.110549  0 0 0 0 0 0  
88.5929 2.05857 0.0206879 -7.39909 0 4 0 0 -6.95563  -7.44286 0 3.76967 0 0 -7.04055  -0.0181817 0 0.0331308 0 0 -0.0159203  0.0619547 0 0.197198 0 0 0.100844  0 0 0 0 0 0  
89.0642 2.0682 0.0203699 -7.42596 0 4 0 0 -6.93628  -7.47031 0 3.76918 0 0 -7.01222  -0.0182911 0 0.0350845 0 0 -0.0153955  0.0626416 0 0.195735 0 0 0.0913398  0 0 0 0 0 0  
89.5354 2.07784 0.0205561 -7.45858 0 4 0 0 -6.99434  -7.51022 0 3.76583 0 0 -7.06654  -0.0184809 0 0.0359719 0 0 -0.0153074  0.0701304 0 0.198198 0 0 0.0875089  0 0 0 0 0 0  
90.0066 2.08768 0.0213957 -7.52261 0 4 0 0 -7.07421  -7.56768 0 3.7544 0 0 -7.14983  -0.0166929 0 0.0389546 0 0 -0.0138283  0.0617656 0 0.206648 0 0 0.0894447  0 0 0 0 0 0  
90.4779 2.09771 0.0213878 -7.50986 0 4 0 0 -7.18575  -7.54048 0 3.7569 0 0 -7.25144  -0.0254886 0 0.0397972 0 0 -0.0180926  0.056109 0 0.203298 0 0 0.0837812  0 0 0 0 0 0  
90.9491 2.10794 0.0227751 -7.42693 0 4 0 0 -7.25316  -7.46634 0 3.74264 0 0 -7.32469  -0.0259532 0 0.0417902 0 0 -0.019286  0.0653703 0 0.215571 0 0 0.0908246  0 0 0 0 0 0  
91.4203 2.11842 0.0220876 -7.37915 0 4 0 0 -7.31606  -7.41968 0 3.75459 0 0 -7.38613  -0.0277097 0 0.037374 0 0 -0.0219872  0.0682369 0 0.208037 0 0 0.0920531  0 0 0 0 0 0  
91.8916 2.12878 0.0223269 -7.39937 0 4 0 0 -7.43017  -7.44167 0 3.7542 0 0 -7.50568  -0.0274385 0 0.0380969 0 0 -0.0249073  0.0697412 0 0.207701 0 0 0.100415  0 0 0 0 0 0  
92.3628 2.13926 0.0219344 -7.41246 0 4 0 0 -7.48785  -7.46034 0 3.7643 0 0 -7.5644  -0.0224062 0 0.0360011 0 0 -0.0241899  0.0702833 0 0.199699 0 0 0.100737  0 0 0 0 0 0  
92.8341 2.14954 0.022207 -7.52431 0 4 0 0 -7.65604  -7.58144 0 3.7526 0 0 -7.72474  -0.0264034 0 0.0373216 0 0 -0.0217096  0.0835362 0 0.210076 0 0 0.0904099  0 0 0 0 0 0  
93.3053 2.16018 0.0224859 -7.73377 0 4 0 0 -7.78846  -7.77332 0 3.74347 0 0 -7.85831  -0.0255032 0 0.0390447 0 0 -0.0146909  0.0650606 0 0.217489 0 0 0.0845471  0 0 0 0 0 0  
93.7765 2.17093 0.0231511 -7.90956 0 4 0 0 -7.8703  -7.94961 0 3.73671 0 0 -7.95216  -0.0287111 0 0.0395371 0 0 -0.0118689  0.0687673 0 0.223751 0 0 0.0937248  0 0 0 0 0 0  
94.2478 2.18148 0.0220885 -8.04245 0 4 0 0 -7.91658  -8.08044 0 3.7465 0 0 -7.9969  -0.0259852 0 0.0371242 0 0 -0.00788381  0.0639836 0 0.216374 0 0 0.0881996  0 0 0 0 0 0  
94.719 2.1919 0.0222733 -8.08724 0 4 0 0 -7.81944  -8.13158 0 3.73815 0 0 -7.90739  -0.026057 0 0.0393258 0 0 -0.0125234  0.0703952 0 0.222528 0 0 0.100475  0 0 0 0 0 0  
95.1903 2.20236 0.0225894 -7.97113 0 4 0 0 -7.70446  -8.01364 0 3.73513 0 0 -7.78575  -0.0265058 0 0.0426117 0 0 -0.0135155  0.0690189 0 0.222256 0 0 0.0948052  0 0 0 0 0 0  
95.6615 2.21313 0.0238406 -7.74557 0 4 0 0 -7.51899  -7.79578 0 3.71554 0 0 -7.63095  -0.0307206 0 0.0409501 0 0 -0.0151448  0.0809329 0 0.243509 0 0 0.127105  0 0 0 0 0 0  
96.1327 2.22443 0.0246503 -7.5328 0 4 0 0 -7.16455  -7.58647 0 3.70138 0 0 -7.28562  -0.0341486 0 0.0433984 0 0 -0.0160368  0.0878196 0 0.255221 0 0 0.137108  0 0 0 0 0 0  
96.604 2.23603 0.0249296 -7.27742 0 4 0 0 -6.87417  -7.33572 0 3.68703 0 0 -6.99339  -0.0392055 0 0.0447175 0 0 -0.0173638  0.0975113 0 0.268255 0 0 0.136581  0 0 0 0 0 0  
97.0752 2.24792 0.0256371 -7.02953 0 4 0 0 -6.55749  -7.10043 0 3.66111 0 0 -6.6965  -0.048229 0 0.0482669 0 0 -0.020185  0.119125 0 0.290625 0 0 0.159194  0 0 0 0 0 0  
97.5465 2.26005 0.0253838 -7.09318 0 4 0 0 -6.35963  -7.18365 0 3.66004 0 0 -6.53536  -0.0475879 0 0.0456668 0 0 -0.0306855  0.138055 0 0.294296 0 0 0.206414  0 0 0 0 0 0  
98.0177 2.27189 0.0245394 -7.04229 0 4 0 0 -6.31393  -7.1326 0 3.66956 0 0 -6.49119  -0.047817 0 0.0430209 0 0 -0.0302908  0.138127 0 0.287415 0 0 0.207548  0 0 0 0 0 0  
98.4889 2.28365 0.025284 -7.00383 0 4 0 0 -6.23367  -7.09381 0 3.66886 0 0 -6.39896  -0.0402945 0 0.0441808 0 0 -0.0215681  0.130272 0 0.286957 0 0 0.186861  0 0 0 0 0 0  
98.9602 2.29558 0.0259474 -6.93849 0 4 0 0 -6.23995  -7.0243 0 3.67197 0 0 -6.39937  -0.0352044 0 0.0439625 0 0 -0.00990641  0.12101 0 0.284069 0 0 0.169323  0 0 0 0 0 0  
99.4314 2.30797 0.0263389 -6.84541 0 4 0 0 -6.26238  -6.93952 0 3.67707 0 0 -6.41447  -0.0329863 0 0.0448224 0 0 -0.0113489  0.127089 0 0.27811 0 0 0.163438  0 0 0 0 0 0  
99.9026 2.32052 0.0278561 -6.72112 0 4 0 0 -6.21409  -6.81942 0 3.66029 0 0 -6.38648  -0.0290077 0 0.048464 0 0 -0.0084287  0.12731 0 0.29125 0 0 0.18082  0 0 0 0 0 0  
100.374 2.33362 0.0284095 -6.71374 0 4 0 0 -6.15117  -6.80674 0 3.66002 0 0 -6.32866  -0.0251419 0 0.0485733 0 0 -0.00398045  0.118135 0 0.291407 0 0 0.18147  0 0 0 0 0 0  
100.845 2.34703 0.0286445 -6.60408 0 4 0 0 -6.05053  -6.70706 0 3.66371 0 0 -6.23384  -0.024106 0 0.046429 0 0 -0.00435611  0.12709 0 0.289863 0 0 0.187672  0 0 0 0 0 0  
101.316 2.36091 0.0297869 -6.54046 0 4 0 0 -5.87732  -6.64405 0 3.64315 0 0 -6.0668  -0.0352884 0 0.0475411 0 0 -0.011595  0.138878 0 0.309307 0 0 0.201083  0 0 0 0 0 0  
101.788 2.37495 0.0296369 -6.56757 0 4 0 0 -5.82361  -6.66375 0 3.63362 0 0 -5.99053  -0.040388 0 0.0513166 0 0 -0.019961  0.13657 0 0.315068 0 0 0.186882  0 0 0 0 0 0  
102.259 2.38906 0.0301995 -6.62644 0 4 0 0 -5.68522  -6.74506 0 3.61962 0 0 -5.87768  -0.0376865 0 0.0477653 0 0 -0.0229002  0.156309 0 0.332619 0 0 0.215362  0 0 0 0 0 0  
102.73 2.40285 0.0291907 -6.66198 0 4 0 0 -5.54754  -6.77259 0 3.63781 0 0 -5.73633  -0.0413317 0 0.0388148 0 0 -0.0328996  0.151941 0 0.32338 0 0 0.221686  0 0 0 0 0 0  
103.201 2.41631 0.0290177 -6.66186 0 4 0 0 -5.48726  -6.74418 0 3.63936 0 0 -5.6378  -0.0351728 0 0.0421854 0 0 -0.0232721  0.117496 0 0.318454 0 0 0.173816  0 0 0 0 0 0  
103.673 2.42977 0.0282252 -6.63346 0 4 0 0 -5.39325  -6.71052 0 3.64336 0 0 -5.52929  -0.0320826 0 0.0400714 0 0 -0.0221802  0.109142 0 0.316566 0 0 0.158223  0 0 0 0 0 0  
104.144 2.44282 0.0276489 -6.61459 0 4 0 0 -5.49654  -6.69726 0 3.63602 0 0 -5.6229  -0.040693 0 0.0425407 0 0 -0.032364  0.12336 0 0.321437 0 0 0.15873  0 0 0 0 0 0  
104.615 2.45609 0.0290327 -6.57193 0 4 0 0 -5.54956  -6.6648 0 3.61611 0 0 -5.70154  -0.0448505 0 0.0460431 0 0 -0.033594  0.137719 0 0.337846 0 0 0.185565  0 0 0 0 0 0  
105.086 2.46968 0.028686 -6.64995 0 4 0 0 -5.75881  -6.73404 0 3.6224 0 0 -5.89817  -0.0461815 0 0.0449737 0 0 -0.0399326  0.130276 0 0.332623 0 0 0.179292  0 0 0 0 0 0  
105.558 2.48326 0.0284905 -6.78034 0 4 0 0 -5.93101  -6.85896 0 3.626 0 0 -6.05097  -0.0488601 0 0.0473177 0 0 -0.0439417  0.127479 0 0.326682 0 0 0.163905  0 0 0 0 0 0  
106.029 2.49682 0.0281838 -6.86911 0 4 0 0 -5.90803  -6.95499 0 3.63904 0 0 -6.03709  -0.0465488 0 0.0464955 0 0 -0.0401301  0.132422 0 0.314465 0 0 0.169193  0 0 0 0 0 0  
106.5 2.51008 0.027722 -6.86622 0 4 0 0 -5.96513  -6.96719 0 3.65826 0 0 -6.08799  -0.0427361 0 0.0403794 0 0 -0.0415948  0.143701 0 0.301365 0 0 0.164462  0 0 0 0 0 0  
106.971 2.52335 0.0285824 -6.95852 0 4 0 0 -6.02203  -7.05903 0 3.65142 0 0 -6.14031  -0.0447863 0 0.0353238 0 0 -0.0425489  0.145301 0 0.313258 0 0 0.160826  0 0 0 0 0 0  
107.442 2.53684 0.0287856 -6.96477 0 4 0 0 -6.09951  -7.04785 0 3.65686 0 0 -6.20184  -0.0445644 0 0.0418047 0 0 -0.0420666  0.127636 0 0.301338 0 0 0.144395  0 0 0 0 0 0  
107.914 2.5504 0.0297608 -6.995 0 4 0 0 -6.12789  -7.07191 0 3.64404 0 0 -6.23921  -0.0436297 0 0.043569 0 0 -0.0515726  0.12054 0 0.312396 0 0 0.16289  0 0 0 0 0 0  
108.385 2.56479 0.0309339 -7.13843 0 4 0 0 -6.23046  -7.20896 0 3.63442 0 0 -6.33637  -0.0407685 0 0.0476907 0 0 -0.0482302  0.111297 0 0.317886 0 0 0.154145  0 0 0 0 0 0  
108.856 2.57946 0.0310126 -7.23361 0 4 0 0 -6.28135  -7.3036 0 3.61381 0 0 -6.412  -0.0508863 0 0.0508042 0 0 -0.0562782  0.120871 0 0.335389 0 0 0.186932  0 0 0 0 0 0  
109.327 2.59394 0.0296794 -7.24311 0 4 0 0 -6.46922  -7.31298 0 3.6333 0 0 -6.58293  -0.0473512 0 0.0486105 0 0 -0.0519032  0.117226 0 0.31809 0 0 0.16561  0 0 0 0 0 0  
109.799 2.60763 0.0292715 -7.3774 0 4 0 0 -6.68238  -7.46046 0 3.65017 0 0 -6.80847  -0.0409456 0 0.0391652 0 0 -0.0426397  0.124006 0 0.310669 0 0 0.168737  0 0 0 0 0 0  
110.27 2.62093 0.0271615 -7.45856 0 4 0 0 -6.73435  -7.53277 0 3.67836 0 0 -6.83844  -0.0313622 0 0.03751 0 0 -0.0395055  0.105569 0 0.284129 0 0 0.1436  0 0 0 0 0 0  
110.741 2.63356 0.0267065 -7.48793 0 4 0 0 -6.74334  -7.54773 0 3.68177 0 0 -6.82935  -0.0299703 0 0.0416876 0 0 -0.0379055  0.0897764 0 0.276541 0 0 0.123913  0 0 0 0 0 0  
111.212 2.64594 0.0253575 -7.49553 0 4 0 0 -6.72504  -7.54083 0 3.69696 0 0 -6.79867  -0.0352058 0 0.0434611 0 0 -0.0344168  0.080509 0 0.259582 0 0 0.108048  0 0 0 0 0 0  
111.684 2.65764 0.0239529 -7.53708 0 4 0 0 -6.8103  -7.58317 0 3.71789 0 0 -6.89188  -0.0315987 0 0.0410541 0 0 -0.0285618  0.077685 0 0.241057 0 0 0.110151  0 0 0 0 0 0  
112.155 2.66851 0.0222151 -7.53425 0 4 0 0 -6.95251  -7.57919 0 3.73495 0 0 -7.02432  -0.0218307 0 0.0382294 0 0 -0.01999  0.0667683 0 0.226819 0 0 0.0918029  0 0 0 0 0 0  
112.626 2.67867 0.021019 -7.7168 0 4 0 0 -7.24454  -7.74882 0 3.75702 0 0 -7.31262  -0.0230974 0 0.0377501 0 0 -0.0209953  0.0551182 0 0.205229 0 0 0.0890731  0 0 0 0 0 0  
113.097 2.68867 0.0212102 -7.90955 0 4 0 0 -7.5011  -7.94584 0 3.76848 0 0 -7.57988  -0.0243762 0 0.0340141 0 0 -0.0183182  0.060668 0 0.197511 0 0 0.0971018  0 0 0 0 0 0  
113.569 2.69866 0.0209512 -8.09362 0 4 0 0 -7.62458  -8.13354 0 3.77317 0 0 -7.7009  -0.021703 0 0.0344828 0 0 -0.0218239  0.0616232 0 0.192345 0 0 0.0981413  0 0 0 0 0 0  
114.04 2.70857 0.0208285 -8.27103 0 4 0 0 -7.72531  -8.30465 0 3.76956 0 0 -7.79655  -0.0222112 0 0.0329094 0 0 -0.0220531  0.0558283 0 0.197534 0 0 0.093288  0 0 0 0 0 0  
114.511 2.71849 0.0215046 -8.36683 0 4 0 0 -7.83325  -8.40339 0 3.76894 0 0 -7.90527  -0.0194717 0 0.0339384 0 0 -0.0227508  0.0560312 0 0.197117 0 0 0.0947649  0 0 0 0 0 0  
114.982 2.72884 0.0224162 -8.28032 0 4 0 0 -7.93496  -8.32007 0 3.75863 0 0 -8.00823  -0.0176025 0 0.0357125 0 0 -0.0213348  0.0573498 0 0.205657 0 0 0.0946061  0 0 0 0 0 0  
115.454 2.73948 0.0229361 -8.19138 0 4 0 0 -7.9472  -8.24298 0 3.755 0 0 -8.01596  -0.0196287 0 0.0352677 0 0 -0.0254206  0.0712244 0 0.209729 0 0 0.0941855  0 0 0 0 0 0  
115.925 2.75045 0.0233318 -8.09499 0 4 0 0 -8.07506  -8.15219 0 3.74575 0 0 -8.15668  -0.0209739 0 0.0369209 0 0 -0.0220422  0.0781755 0 0.217326 0 0 0.103662  0 0 0 0 0 0  
116.396 2.76152 0.023199 -7.9633 0 4 0 0 -8.16031  -8.01811 0 3.75345 0 0 -8.23616  -0.019479 0 0.0368511 0 0 -0.0231997  0.0742935 0 0.209696 0 0 0.0990575  0 0 0 0 0 0  
116.867 2.77253 0.0235163 -7.92496 0 4 0 0 -8.14861  -7.99127 0 3.73907 0 0 -8.22387  -0.025296 0 0.0366518 0 0 -0.0339187  0.0916072 0 0.224282 0 0 0.109178  0 0 0 0 0 0  
117.338 2.78374 0.0236724 -7.81693 0 4 0 0 -8.25578  -7.8738 0 3.73393 0 0 -8.32242  -0.0289629 0 0.0380357 0 0 -0.0352557  0.0858382 0 0.228035 0 0 0.101892  0 0 0 0 0 0  
117.81 2.795 0.0240782 -7.67978 0 4 0 0 -8.35462  -7.75781 0 3.73064 0 0 -8.44194  -0.0286547 0 0.0365513 0 0 -0.0356652  0.10668 0 0.232807 0 0 0.122986  0 0 0 0 0 0  
118.281 2.80625 0.0242859 -7.42445 0 4 0 0 -8.26613  -7.50727 0 3.71483 0 0 -8.35091  -0.0286942 0 0.0382183 0 0 -0.0363403  0.111507 0 0.246956 0 0 0.121123  0 0 0 0 0 0  
118.752 2.81778 0.024798 -7.22967 0 4 0 0 -8.06261  -7.33384 0 3.6965 0 0 -8.15768  -0.0311449 0 0.0398517 0 0 -0.0400626  0.135312 0 0.263652 0 0 0.135131  0 0 0 0 0 0  
119.223 2.82964 0.0249743 -7.04116 0 4 0 0 -7.93553  -7.14392 0 3.69108 0 0 -8.02864  -0.0271576 0 0.0386437 0 0 -0.0374914  0.129918 0 0.270272 0 0 0.130606  0 0 0 0 0 0  
119.695 2.84161 0.0264779 -7.04091 0 4 0 0 -7.94438  -7.14754 0 3.67916 0 0 -8.05045  -0.0226825 0 0.0397045 0 0 -0.0350187  0.129308 0 0.28114 0 0 0.141088  0 0 0 0 0 0  
120.166 2.85378 0.0245044 -7.0072 0 4 0 0 -7.97177  -7.09693 0 3.70104 0 0 -8.07395  -0.0163714 0 0.0344072 0 0 -0.0252749  0.106107 0 0.26455 0 0 0.127456  0 0 0 0 0 0  
120.637 2.86497 0.0229401 -6.92491 0 4 0 0 -8.05124  -7.00266 0 3.72011 0 0 -8.15099  -0.016728 0 0.0330505 0 0 -0.0213759  0.0944744 0 0.246841 0 0 0.121124  0 0 0 0 0 0  
121.108 2.87586 0.0225024 -6.99601 0 4 0 0 -8.11172  -7.05786 0 3.73129 0 0 -8.19369  -0.0155531 0 0.0337293 0 0 -0.018036  0.0773985 0 0.234981 0 0 0.100012  0 0 0 0 0 0  
121.58 2.88656 0.022949 -7.06728 0 4 0 0 -8.24901  -7.12194 0 3.72627 0 0 -8.31967  -0.0234493 0 0.0347523 0 0 -0.0262437  0.0781083 0 0.238973 0 0 0.0969028  0 0 0 0 0 0  
122.051 2.89735 0.0227879 -7.01908 0 4 0 0 -8.35471  -7.07598 0 3.739 0 0 -8.41969  -0.0190404 0 0.0353259 0 0 -0.0227204  0.0759389 0 0.22567 0 0 0.0876949  0 0 0 0 0 0  
122.522 2.90823 0.0238378 -7.03355 0 4 0 0 -8.34824  -7.08756 0 3.72059 0 0 -8.42685  -0.0263662 0 0.0383139 0 0 -0.0237802  0.0803682 0 0.241096 0 0 0.102384  0 0 0 0 0 0  
122.993 2.9197 0.0240475 -7.00745 0 4 0 0 -8.26608  -7.06647 0 3.71663 0 0 -8.34243  -0.0289912 0 0.0368776 0 0 -0.0286081  0.0880169 0 0.246489 0 0 0.104956  0 0 0 0 0 0  
123.465 2.93096 0.0237268 -7.01562 0 4 0 0 -8.16275  -7.07493 0 3.72515 0 0 -8.23364  -0.0271228 0 0.0374797 0 0 -0.0285693  0.08643 0 0.23737 0 0 0.0994567  0 0 0 0 0 0  
123.936 2.94234 0.0244396 -7.02541 0 4 0 0 -7.90284  -7.08634 0 3.71812 0 0 -7.99345  -0.0334646 0 0.040536 0 0 -0.0235838  0.0943953 0 0.241344 0 0 0.114197  0 0 0 0 0 0  
124.407 2.95374 0.0243232 -6.92644 0 4 0 0 -7.72142  -6.98751 0 3.70865 0 0 -7.81536  -0.0366016 0 0.0384917 0 0 -0.028946  0.0976649 0 0.25286 0 0 0.122888  0 0 0 0 0 0  
124.878 2.96523 0.0247901 -6.93467 0 4 0 0 -7.5629  -6.98637 0 3.69375 0 0 -7.65068  -0.0440223 0 0.0407788 0 0 -0.033797  0.0957237 0 0.265476 0 0 0.121573  0 0 0 0 0 0  
125.35 2.97722 0.0265223 -6.9995 0 4 0 0 -7.51122  -7.05676 0 3.67104 0 0 -7.59927  -0.0465109 0 0.0441725 0 0 -0.0350395  0.103776 0 0.284787 0 0 0.123092  0 0 0 0 0 0  
125.821 2.98936 0.0249331 -6.99909 0 4 0 0 -7.47071  -7.05977 0 3.68159 0 0 -7.56587  -0.044649 0 0.042565 0 0 -0.0299378  0.105339 0 0.275849 0 0 0.125093  0 0 0 0 0 0  
126.292 3.00087 0.0237988 -6.96503 0 4 0 0 -7.39376  -7.02146 0 3.6935 0 0 -7.48594  -0.0417484 0 0.0429742 0 0 -0.0309482  0.0981804 0 0.263528 0 0 0.123131  0 0 0 0 0 0  
126.763 3.01188 0.0230137 -7.06605 0 4 0 0 -7.29295  -7.12268 0 3.70897 0 0 -7.38202  -0.0319439 0 0.0444992 0 0 -0.0256624  0.0885772 0 0.246528 0 0 0.114735  0 0 0 0 0 0  
127.235 3.02265 0.0223294 -7.0661 0 4 0 0 -7.39806  -7.14858 0 3.72518 0 0 -7.50925  -0.0274353 0 0.0384335 0 0 -0.0154763  0.109917 0 0.236386 0 0 0.126667  0 0 0 0 0 0  
127.706 3.03334 0.0230715 -7.11443 0 4 0 0 -7.44668  -7.2108 0 3.71822 0 0 -7.57845  -0.0279718 0 0.0377871 0 0 -0.0158643  0.124346 0 0.243989 0 0 0.147629  0 0 0 0 0 0  
128.177 3.04423 0.0237268 -7.04948 0 4 0 0 -7.47996  -7.14049 0 3.71194 0 0 -7.61488  -0.0348343 0 0.0378591 0 0 -0.0169546  0.125847 0 0.250205 0 0 0.15188  0 0 0 0 0 0  
128.648 3.05539 0.023741 -6.88291 0 4 0 0 -7.43673  -6.98032 0 3.70199 0 0 -7.57515  -0.0400273 0 0.0403833 0 0 -0.0223811  0.137434 0 0.257626 0 0 0.160804  0 0 0 0 0 0  
129.119 3.06686 0.0246933 -6.907 0 4 0 0 -7.52958  -7.00867 0 3.69549 0 0 -7.66317  -0.0418458 0 0.0417686 0 0 -0.0248075  0.143512 0 0.262739 0 0 0.158396  0 0 0 0 0 0  
129.591 3.07878 0.0253995 -6.93457 0 4 0 0 -7.66549  -7.04433 0 3.68734 0 0 -7.80421  -0.0417725 0 0.0421931 0 0 -0.0317869  0.151528 0 0.270471 0 0 0.170506  0 0 0 0 0 0  
130.062 3.09088 0.0259699 -6.97387 0 4 0 0 -7.61256  -7.08154 0 3.68171 0 0 -7.7482  -0.0428077 0 0.0381553 0 0 -0.0297247  0.150478 0 0.280137 0 0 0.165361  0 0 0 0 0 0  
130.533 3.1032 0.0262836 -7.12959 0 4 0 0 -7.51815  -7.23914 0 3.66844 0 0 -7.64871  -0.0502131 0 0.0392628 0 0 -0.0417885  0.159764 0 0.292292 0 0 0.172339  0 0 0 0 0 0  
131.004 3.11545 0.0252362 -7.19837 0 4 0 0 -7.40796  -7.30384 0 3.6704 0 0 -7.53443  -0.0356153 0 0.0414461 0 0 -0.0325426  0.141076 0 0.28815 0 0 0.159011  0 0 0 0 0 0  
131.476 3.12726 0.0243353 -7.34833 0 4 0 0 -7.43413  -7.44433 0 3.68121 0 0 -7.55014  -0.0381896 0 0.0406932 0 0 -0.0298442  0.134185 0 0.278098 0 0 0.145851  0 0 0 0 0 0  
131.947 3.13843 0.0230699 -7.49828 0 4 0 0 -7.49212  -7.5805 0 3.70454 0 0 -7.58476  -0.0282669 0 0.0371327 0 0 -0.0249764  0.110487 0 0.258327 0 0 0.117613  0 0 0 0 0 0  
132.418 3.14891 0.0220326 -7.73422 0 4 0 0 -7.63384  -7.8126 0 3.72199 0 0 -7.72291  -0.0246749 0 0.0352301 0 0 -0.0271554  0.103059 0 0.242783 0 0 0.116231  0 0 0 0 0 0  
132.889 3.15908 0.0208188 -8.01238 0 4 0 0 -7.82275  -8.0703 0 3.7501 0 0 -7.89954  -0.0185331 0 0.0366109 0 0 -0.0224414  0.076455 0 0.213294 0 0 0.0992269  0 0 0 0 0 0  
133.361 3.16895 0.0210831 -8.20178 0 4 0 0 -7.97405  -8.25148 0 3.75464 0 0 -8.04421  -0.0178375 0 0.0396349 0 0 -0.0172011  0.0675455 0 0.205729 0 0 0.0873644  0 0 0 0 0 0  
133.832 3.17877 0.0208699 -8.47137 0 4 0 0 -8.16834  -8.52236 0 3.75641 0 0 -8.24537  -0.0185378 0 0.0381124 0 0 -0.0160946  0.0695237 0 0.205475 0 0 0.0931233  0 0 0 0 0 0  
134.303 3.18837 0.01986 -8.72223 0 4 0 0 -8.49181  -8.77519 0 3.77495 0 0 -8.57294  -0.0194873 0 0.0340025 0 0 -0.0152683  0.0724543 0 0.191047 0 0 0.0964031  0 0 0 0 0 0  
134.774 3.1977 0.0195246 -8.90606 0 4 0 0 -8.71416  -8.9559 0 3.78919 0 0 -8.78612  -0.0179415 0 0.032688 0 0 -0.0140912  0.0677856 0 0.178122 0 0 0.0860509  0 0 0 0 0 0  
135.246 3.20691 0.0200044 -9.05331 0 4 0 0 -8.8875  -9.09281 0 3.78874 0 0 -8.95755  -0.0167261 0 0.0332315 0 0 -0.00992946  0.0562217 0 0.17803 0 0 0.0799837  0 0 0 0 0 0  
135.717 3.21642 0.0202008 -9.29237 0 4 0 0 -9.00754  -9.3209 0 3.77747 0 0 -9.06989  -0.0212533 0 0.0342667 0 0 -0.0148762  0.0497863 0 0.188267 0 0 0.0772236  0 0 0 0 0 0  
136.188 3.22615 0.0207757 -9.41606 0 4 0 0 -9.0984  -9.44847 0 3.77903 0 0 -9.15895  -0.0185738 0 0.0332638 0 0 -0.0179572  0.0509929 0 0.187704 0 0 0.0785097  0 0 0 0 0 0  
136.659 3.23598 0.0207269 -9.6387 0 4 0 0 -9.20209  -9.66209 0 3.7805 0 0 -9.25963  -0.0214802 0 0.0350504 0 0 -0.0176153  0.0448728 0 0.184454 0 0 0.0751557  0 0 0 0 0 0  
137.131 3.24547 0.0193167 -9.78159 0 4 0 0 -9.31314  -9.80795 0 3.79913 0 0 -9.36363  -0.0163473 0 0.0341552 0 0 -0.0141657  0.0427151 0 0.166719 0 0 0.0646538  0 0 0 0 0 0  
137.602 3.2547 0.0196178 -9.76982 0 4 0 0 -9.21531  -9.8039 0 3.79491 0 0 -9.26747  -0.0148752 0 0.0331702 0 0 -0.0159827  0.0489493 0 0.171921 0 0 0.0681466  0 0 0 0 0 0  
138.073 3.26391 0.0193909 -9.71307 0 4 0 0 -9.02269  -9.74508 0 3.7996 0 0 -9.0681  -0.0146983 0 0.0333352 0 0 -0.0135464  0.0467123 0 0.167063 0 0 0.0589528  0 0 0 0 0 0  
138.544 3.27324 0.0198395 -9.47055 0 4 0 0 -8.68423  -9.48423 0 3.79387 0 0 -8.72125  -0.0158399 0 0.034803 0 0 -0.0175249  0.0295236 0 0.171325 0 0 0.0545523  0 0 0 0 0 0  
139.015 3.28249 0.0194146 -9.37393 0 4 0 0 -8.43877  -9.3962 0 3.79449 0 0 -8.48476  -0.0129789 0 0.0328799 0 0 -0.0220563  0.0352468 0 0.172633 0 0 0.0680485  0 0 0 0 0 0  
139.487 3.29138 0.0184744 -9.36907 0 4 0 0 -8.1641  -9.39806 0 3.80645 0 0 -8.21012  -0.0131485 0 0.0304899 0 0 -0.0200079  0.0421411 0 0.163064 0 0 0.0660275  0 0 0 0 0 0  
139.958 3.30009 0.0189051 -9.28348 0 4 0 0 -7.89733  -9.32274 0 3.80205 0 0 -7.95914  -0.00798264 0 0.0306163 0 0 -0.013155  0.0472456 0 0.16733 0 0 0.0749632  0 0 0 0 0 0  
140.429 3.30927 0.0201878 -9.13388 0 4 0 0 -7.78531  -9.17258 0 3.79196 0 0 -7.84577  -0.0112752 0 0.0335461 0 0 -0.0130893  0.0499733 0 0.174498 0 0 0.0735522  0 0 0 0 0 0  
140.9 3.31869 0.0204689 -8.94806 0 4 0 0 -7.60361  -8.98109 0 3.77686 0 0 -7.66792  -0.0158823 0 0.0356904 0 0 -0.0188458  0.0489185 0 0.187448 0 0 0.0831586  0 0 0 0 0 0  
141.372 3.32868 0.0226649 -8.70661 0 4 0 0 -7.36344  -8.74747 0 3.74674 0 0 -7.43663  -0.0181835 0 0.0400812 0 0 -0.0218385  0.0590434 0 0.213174 0 0 0.0950264  0 0 0 0 0 0  
141.843 3.33975 0.0231266 -8.39476 0 4 0 0 -7.26956  -8.4264 0 3.73995 0 0 -7.34313  -0.0159552 0 0.0412152 0 0 -0.016453  0.0476029 0 0.218839 0 0 0.0900162  0 0 0 0 0 0  
142.314 3.35064 0.0232284 -8.17778 0 4 0 0 -7.04878  -8.21383 0 3.73003 0 0 -7.13421  -0.0189751 0 0.0450124 0 0 -0.0226947  0.0550203 0 0.224955 0 0 0.108128  0 0 0 0 0 0  
142.785 3.36179 0.0237464 -7.92531 0 4 0 0 -6.76355  -7.96436 0 3.71775 0 0 -6.86465  -0.0247398 0 0.044534 0 0 -0.0226491  0.063792 0 0.237717 0 0 0.123747  0 0 0 0 0 0  
143.257 3.37307 0.0241061 -7.67553 0 4 0 0 -6.52178  -7.73629 0 3.69847 0 0 -6.63952  -0.033393 0 0.044349 0 0 -0.0267004  0.0941558 0 0.257181 0 0 0.144439  0 0 0 0 0 0  
143.728 3.38447 0.0240162 -7.46801 0 4 0 0 -6.30785  -7.54808 0 3.69945 0 0 -6.44214  -0.0343583 0 0.0428687 0 0 -0.0216743  0.114427 0 0.257686 0 0 0.155965  0 0 0 0 0 0  
144.199 3.39562 0.0229345 -7.45486 0 4 0 0 -6.35285  -7.51587 0 3.71305 0 0 -6.47337  -0.0432877 0 0.0410986 0 0 -0.0242888  0.104295 0 0.245854 0 0 0.144807  0 0 0 0 0 0  
144.67 3.40627 0.0220957 -7.50683 0 4 0 0 -6.34563  -7.56664 0 3.72224 0 0 -6.47597  -0.0395686 0 0.0379571 0 0 -0.0244084  0.0993762 0 0.239808 0 0 0.154747  0 0 0 0 0 0  
145.142 3.41654 0.0213181 -7.4897 0 4 0 0 -6.42702  -7.54895 0 3.7397 0 0 -6.53874  -0.0351805 0 0.0362506 0 0 -0.0224466  0.0944305 0 0.224054 0 0 0.134174  0 0 0 0 0 0  
145.613 3.42643 0.020679 -7.46724 0 4 0 0 -6.46522  -7.53132 0 3.75478 0 0 -6.57072  -0.029542 0 0.0346134 0 0 -0.0182188  0.0936294 0 0.210607 0 0 0.123715  0 0 0 0 0 0  
146.084 3.43589 0.019757 -7.48398 0 4 0 0 -6.49692  -7.53855 0 3.76359 0 0 -6.58436  -0.0252015 0 0.0359971 0 0 -0.0154334  0.0797691 0 0.200415 0 0 0.102873  0 0 0 0 0 0  
146.555 3.4455 0.0207797 -7.50843 0 4 0 0 -6.55749  -7.56885 0 3.75236 0 0 -6.65173  -0.0237662 0 0.0355776 0 0 -0.00660449  0.0841927 0 0.212067 0 0 0.100838  0 0 0 0 0 0  
147.027 3.45511 0.0202522 -7.50426 0 4 0 0 -6.85007  -7.5515 0 3.75839 0 0 -6.93359  -0.026859 0 0.03632 0 0 -0.00753394  0.0741022 0 0.205289 0 0 0.0910564  0 0 0 0 0 0  
147.498 3.46487 0.0208349 -7.26016 0 4 0 0 -7.07733  -7.32633 0 3.75295 0 0 -7.16563  -0.0213957 0 0.0382595 0 0 -0.00733071  0.0875639 0 0.208795 0 0 0.0956335  0 0 0 0 0 0  
147.969 3.47454 0.0202959 -7.11128 0 4 0 0 -7.27868  -7.17258 0 3.75918 0 0 -7.35875  -0.020773 0 0.0350921 0 0 -0.00295948  0.08207 0 0.205724 0 0 0.0830322  0 0 0 0 0 0  
148.44 3.48431 0.0213181 -6.96016 0 4 0 0 -7.47594  -7.01723 0 3.74355 0 0 -7.56794  -0.0237134 0 0.0380351 0 0 -0.00545943  0.0807901 0 0.218418 0 0 0.0974583  0 0 0 0 0 0  
148.911 3.49437 0.0215865 -6.91868 0 4 0 0 -7.62646  -6.9716 0 3.75012 0 0 -7.72085  -0.0313531 0 0.0404513 0 0 -0.00818895  0.0842777 0 0.209426 0 0 0.102575  0 0 0 0 0 0  
149.383 3.5046 0.0215784 -6.95159 0 4 0 0 -7.56445  -7.00552 0 3.74913 0 0 -7.65886  -0.0267337 0 0.0413945 0 0 -0.011221  0.0806624 0 0.209474 0 0 0.105637  0 0 0 0 0 0  
149.854 3.5146 0.0209767 -6.91135 0 4 0 0 -7.52639  -6.97128 0 3.75201 0 0 -7.62481  -0.0294303 0 0.039392 0 0 -0.0161375  0.0893584 0 0.208603 0 0 0.114556  0 0 0 0 0 0  
150.325 3.52466 0.0222739 -6.81142 0 4 0 0 -7.35279  -6.87747 0 3.72849 0 0 -7.46209  -0.031225 0 0.0417233 0 0 -0.0159417  0.0972741 0 0.229788 0 0 0.125236  0 0 0 0 0 0  
150.796 3.53511 0.0222385 -6.87193 0 4 0 0 -7.26916  -6.94223 0 3.72737 0 0 -7.38825  -0.0294439 0 0.0417476 0 0 -0.0140392  0.0997457 0 0.230884 0 0 0.133134  0 0 0 0 0 0  
151.268 3.54543 0.0212166 -6.98603 0 4 0 0 -7.24576  -7.03854 0 3.74015 0 0 -7.35033  -0.0302497 0 0.0393089 0 0 -0.00888332  0.0827649 0 0.220542 0 0 0.113452  0 0 0 0 0 0  
151.739 3.5553 0.0207328 -7.11704 0 4 0 0 -7.37442  -7.17826 0 3.75841 0 0 -7.47605  -0.0251398 0 0.0346988 0 0 -0.00961641  0.0863617 0 0.206891 0 0 0.111238  0 0 0 0 0 0  
152.21 3.56509 0.020562 -7.17579 0 4 0 0 -7.37524  -7.24399 0 3.76802 0 0 -7.47174  -0.0172064 0 0.0320537 0 0 -0.00673927  0.0854068 0 0.199926 0 0 0.103235  0 0 0 0 0 0  
152.681 3.57474 0.0197702 -7.17131 0 4 0 0 -7.44681  -7.233 0 3.77113 0 0 -7.5395  -0.0177986 0 0.0322536 0 0 -0.00424484  0.079487 0 0.196613 0 0 0.0969396  0 0 0 0 0 0  
153.153 3.58435 0.0204572 -7.16425 0 4 0 0 -7.33946  -7.21867 0 3.76703 0 0 -7.43341  -0.017692 0 0.0336206 0 0 -0.00721924  0.0721155 0 0.199345 0 0 0.101177  0 0 0 0 0 0  
153.624 3.59384 0.0197334 -7.1683 0 4 0 0 -7.4181  -7.22265 0 3.7672 0 0 -7.51451  -0.0169475 0 0.0344908 0 0 -0.00626168  0.0712924 0 0.198305 0 0 0.102667  0 0 0 0 0 0  
154.095 3.60343 0.0205189 -7.14584 0 4 0 0 -7.45561  -7.20541 0 3.75801 0 0 -7.55581  -0.0188193 0 0.0359025 0 0 -0.00554219  0.0783883 0 0.206089 0 0 0.105751  0 0 0 0 0 0  
154.566 3.6131 0.0201678 -7.07066 0 4 0 0 -7.44976  -7.12618 0 3.74862 0 0 -7.54996  -0.0246533 0 0.0372374 0 0 -0.0101597  0.0801757 0 0.214139 0 0 0.110362  0 0 0 0 0 0  
155.038 3.62235 0.0190697 -7.07065 0 4 0 0 -7.38367  -7.13144 0 3.75802 0 0 -7.48828  -0.0240252 0 0.0371048 0 0 -0.00839621  0.0848172 0 0.204872 0 0 0.113003  0 0 0 0 0 0  
155.509 3.63133 0.0193637 -6.92223 0 4 0 0 -7.34007  -6.99374 0 3.74806 0 0 -7.45591  -0.024749 0 0.0367189 0 0 -0.00697256  0.096258 0 0.215219 0 0 0.122811  0 0 0 0 0 0  
155.98 3.64033 0.0190786 -6.89566 0 4 0 0 -7.30615  -6.96589 0 3.76591 0 0 -7.41345  -0.0200103 0 0.0338495 0 0 -0.00183655  0.0902403 0 0.200238 0 0 0.10913  0 0 0 0 0 0  
156.451 3.64931 0.0193191 -6.79814 0 4 0 0 -7.25405  -6.87363 0 3.76788 0 0 -7.35598  -0.0148661 0 0.0352331 0 0 -0.00305345  0.0903599 0 0.196884 0 0 0.104991  0 0 0 0 0 0  
156.923 3.65858 0.0200502 -6.74433 0 4 0 0 -7.08863  -6.83077 0 3.74607 0 0 -7.20838  -0.0178001 0 0.0366463 0 0 -0.00823867  0.104238 0 0.217288 0 0 0.127991  0 0 0 0 0 0  
157.394 3.66831 0.0204916 -6.80758 0 4 0 0 -7.03507  -6.90394 0 3.72825 0 0 -7.16593  -0.0232053 0 0.0370402 0 0 -0.0110022  0.119564 0 0.234709 0 0 0.141862  0 0 0 0 0 0  
157.865 3.67769 0.0191429 -6.85272 0 4 0 0 -6.95928  -6.94078 0 3.7399 0 0 -7.08396  -0.0191475 0 0.0310907 0 0 -0.00886154  0.107203 0 0.22901 0 0 0.133536  0 0 0 0 0 0  
158.336 3.68675 0.0191274 -6.82861 0 4 0 0 -6.82498  -6.91426 0 3.74113 0 0 -6.9429  -0.0200708 0 0.0274033 0 0 -0.0106714  0.105727 0 0.231468 0 0 0.128587  0 0 0 0 0 0  
158.808 3.69586 0.0200487 -6.73463 0 4 0 0 -6.90828  -6.82078 0 3.72683 0 0 -7.02616  -0.0216894 0 0.0309918 0 0 -0.0138205  0.107844 0 0.242176 0 0 0.131708  0 0 0 0 0 0  
159.279 3.70567 0.021925 -6.49837 0 4 0 0 -6.72304  -6.59285 0 3.70082 0 0 -6.85141  -0.0308995 0 0.0319246 0 0 -0.0212884  0.125372 0 0.267255 0 0 0.149652  0 0 0 0 0 0  
159.75 3.71594 0.0218632 -6.26442 0 4 0 0 -6.68478  -6.35166 0 3.70491 0 0 -6.80047  -0.0311523 0 0.0339414 0 0 -0.018835  0.118396 0 0.26115 0 0 0.134525  0 0 0 0 0 0  
160.221 3.72641 0.0225181 -6.22682 0 4 0 0 -6.63347  -6.31838 0 3.70151 0 0 -6.75778  -0.0341583 0 0.0344064 0 0 -0.0245535  0.125718 0 0.264086 0 0 0.148864  0 0 0 0 0 0  
160.692 3.73716 0.0231058 -6.21495 0 4 0 0 -6.64626  -6.30442 0 3.69006 0 0 -6.78305  -0.0346026 0 0.0362922 0 0 -0.0225999  0.124071 0 0.273647 0 0 0.159394  0 0 0 0 0 0  
161.164 3.74847 0.024654 -6.13592 0 4 0 0 -6.55403  -6.23158 0 3.67672 0 0 -6.70046  -0.0406063 0 0.0340821 0 0 -0.0317277  0.136271 0 0.289194 0 0 0.178151  0 0 0 0 0 0  
161.635 3.76024 0.0254187 -6.10402 0 4 0 0 -6.51448  -6.19199 0 3.67495 0 0 -6.66362  -0.0380941 0 0.0371162 0 0 -0.0279093  0.126064 0 0.287929 0 0 0.177053  0 0 0 0 0 0  
162.106 3.77239 0.0263317 -6.11007 0 4 0 0 -6.4981  -6.19514 0 3.65821 0 0 -6.63709  -0.0420342 0 0.0410471 0 0 -0.0296362  0.127101 0 0.300742 0 0 0.168631  0 0 0 0 0 0  
162.577 3.78529 0.0287123 -6.10007 0 4 0 0 -6.55387  -6.19765 0 3.62771 0 0 -6.6992  -0.0506898 0 0.0443695 0 0 -0.0334749  0.148272 0 0.327925 0 0 0.178804  0 0 0 0 0 0  
163.049 3.79859 0.0278613 -6.2604 0 4 0 0 -6.6341  -6.35794 0 3.63736 0 0 -6.76663  -0.0481409 0 0.0447987 0 0 -0.0294377  0.145685 0 0.317843 0 0 0.161963  0 0 0 0 0 0  
163.52 3.81159 0.0275255 -6.48167 0 4 0 0 -6.61487  -6.58062 0 3.6544 0 0 -6.74235  -0.0437136 0 0.0476977 0 0 -0.0328896  0.142667 0 0.297905 0 0 0.160374  0 0 0 0 0 0  
163.991 3.824 0.0253851 -6.72465 0 4 0 0 -6.5705  -6.81434 0 3.69392 0 0 -6.69858  -0.0368857 0 0.0429768 0 0 -0.0242407  0.126574 0 0.263108 0 0 0.152315  0 0 0 0 0 0  
164.462 3.8358 0.0248007 -6.69254 0 4 0 0 -6.44121  -6.77856 0 3.70375 0 0 -6.5719  -0.0398056 0 0.0412134 0 0 -0.0211401  0.125824 0 0.255037 0 0 0.151829  0 0 0 0 0 0  
164.934 3.84745 0.0246189 -6.69904 0 4 0 0 -6.36174  -6.78584 0 3.6842 0 0 -6.49735  -0.0421276 0 0.0425967 0 0 -0.0225166  0.128925 0 0.273199 0 0 0.158119  0 0 0 0 0 0  
165.405 3.85892 0.023713 -6.68702 0 4 0 0 -6.30728  -6.77988 0 3.69657 0 0 -6.44419  -0.0396667 0 0.0378816 0 0 -0.0205056  0.132519 0 0.265553 0 0 0.157414  0 0 0 0 0 0  
165.876 3.86994 0.0227642 -6.78829 0 4 0 0 -6.24503  -6.87005 0 3.70279 0 0 -6.37414  -0.035988 0 0.0399131 0 0 -0.0183554  0.117745 0 0.2573 0 0 0.147462  0 0 0 0 0 0  
166.347 3.88058 0.0225092 -6.91478 0 4 0 0 -6.25278  -6.99769 0 3.71201 0 0 -6.38052  -0.0319466 0 0.0380353 0 0 -0.015399  0.114856 0 0.249953 0 0 0.143138  0 0 0 0 0 0  
166.819 3.89112 0.022119 -7.09064 0 4 0 0 -6.2262  -7.1693 0 3.70476 0 0 -6.33738  -0.0357995 0 0.0374752 0 0 -0.0213514  0.11446 0 0.257769 0 0 0.132538  0 0 0 0 0 0  
167.29 3.90132 0.021133 -7.27781 0 4 0 0 -6.44524  -7.35471 0 3.73087 0 0 -6.55089  -0.0301693 0 0.0329509 0 0 -0.0212623  0.107066 0 0.236179 0 0 0.126919  0 0 0 0 0 0  
167.761 3.91105 0.0209463 -7.41589 0 4 0 0 -6.62791  -7.48079 0 3.74177 0 0 -6.72315  -0.0266885 0 0.0309289 0 0 -0.0189769  0.0915922 0 0.227305 0 0 0.114219  0 0 0 0 0 0  
168.232 3.92071 0.0203431 -7.47907 0 4 0 0 -6.80891  -7.53481 0 3.75993 0 0 -6.88395  -0.0224953 0 0.0283347 0 0 -0.0185698  0.0782319 0 0.211737 0 0 0.0936056  0 0 0 0 0 0  
168.704 3.93017 0.0201271 -7.4184 0 4 0 0 -6.83133  -7.46721 0 3.7578 0 0 -6.91573  -0.022573 0 0.0286071 0 0 -0.0138835  0.0713807 0 0.213597 0 0 0.0982814  0 0 0 0 0 0  
169.175 3.93987 0.0204688 -7.34551 0 4 0 0 -6.95437  -7.40847 0 3.75189 0 0 -7.03994  -0.0182927 0 0.0294694 0 0 -0.00942769  0.0812497 0 0.218636 0 0 0.0950005  0 0 0 0 0 0  
169.646 3.94941 0.0199368 -7.35363 0 4 0 0 -7.15001  -7.41187 0 3.75196 0 0 -7.22601  -0.0235907 0 0.0313701 0 0 -0.0114828  0.0818282 0 0.216673 0 0 0.0874828  0 0 0 0 0 0  
170.117 3.95877 0.0192822 -7.36744 0 4 0 0 -7.25118  -7.42063 0 3.77216 0 0 -7.31738  -0.0148938 0 0.0324221 0 0 -0.00646638  0.0680825 0 0.195419 0 0 0.0726627  0 0 0 0 0 0  
170.588 3.96758 0.0185207 -7.33445 0 4 0 0 -7.35061  -7.39101 0 3.77924 0 0 -7.41869  -0.013536 0 0.0314339 0 0 -0.00944122  0.070093 0 0.189324 0 0 0.0775139  0 0 0 0 0 0  
171.06 3.97626 0.0182941 -7.2883 0 4 0 0 -7.57665  -7.34376 0 3.78346 0 0 -7.64058  -0.0144771 0 0.0317028 0 0 -0.0115092  0.0699314 0 0.184841 0 0 0.0754354  0 0 0 0 0 0  
171.531 3.98482 0.0182955 -7.27137 0 4 0 0 -7.66556  -7.33136 0 3.78154 0 0 -7.73547  -0.0139613 0 0.0340058 0 0 -0.0143376  0.0739554 0 0.184457 0 0 0.0842512  0 0 0 0 0 0  
172.002 3.99356 0.0185529 -7.21796 0 4 0 0 -7.58822  -7.27515 0 3.77872 0 0 -7.66383  -0.0108252 0 0.0328466 0 0 -0.014988  0.0680167 0 0.188436 0 0 0.090595  0 0 0 0 0 0  
172.473 4.00211 0.0175849 -7.22032 0 4 0 0 -7.5767  -7.27717 0 3.7915 0 0 -7.65132  -0.0131942 0 0.0281667 0 0 -0.0200609  0.0700425 0 0.18033 0 0 0.0946826  0 0 0 0 0 0  
172.945 4.01028 0.0172879 -7.28814 0 4 0 0 -7.69971  -7.34173 0 3.79575 0 0 -7.76243  -0.0115715 0 0.0281484 0 0 -0.0216344  0.065171 0 0.176104 0 0 0.0843561  0 0 0 0 0 0  
173.416 4.01834 0.0168881 -7.3566 0 4 0 0 -7.78248  -7.40497 0 3.80706 0 0 -7.84175  -0.0110808 0 0.0244269 0 0 -0.0200107  0.059453 0 0.168509 0 0 0.07928  0 0 0 0 0 0  
173.887 4.02613 0.0165302 -7.33626 0 4 0 0 -7.88062  -7.37984 0 3.8149 0 0 -7.93338  -0.0126721 0 0.0266367 0 0 -0.0217887  0.0562531 0 0.158466 0 0 0.0745472  0 0 0 0 0 0  
174.358 4.0341 0.0174309 -7.33742 0 4 0 0 -7.86067  -7.37477 0 3.81028 0 0 -7.91273  -0.0110427 0 0.0266603 0 0 -0.0206163  0.0483982 0 0.163064 0 0 0.0726758  0 0 0 0 0 0  
174.83 4.04241 0.0177174 -7.34129 0 4 0 0 -7.89254  -7.38147 0 3.80413 0 0 -7.94163  -0.0118218 0 0.0287718 0 0 -0.0202419  0.0520034 0 0.167098 0 0 0.0693277  0 0 0 0 0 0  
175.301 4.05086 0.0181897 -7.31364 0 4 0 0 -7.87395  -7.35988 0 3.80263 0 0 -7.92355  -0.012343 0 0.0290554 0 0 -0.0214426  0.0585856 0 0.168315 0 0 0.0710377  0 0 0 0 0 0  
175.772 4.05958 0.0188768 -7.26617 0 4 0 0 -7.76754  -7.3142 0 3.79939 0 0 -7.82068  -0.00959907 0 0.0288895 0 0 -0.0214296  0.0576267 0 0.17172 0 0 0.0745678  0 0 0 0 0 0  
176.243 4.06867 0.0198027 -7.18473 0 4 0 0 -7.72395  -7.23969 0 3.78323 0 0 -7.78657  -0.00887214 0 0.0300096 0 0 -0.0219074  0.0638338 0 0.186759 0 0 0.0845249  0 0 0 0 0 0  
176.715 4.07833 0.0209561 -7.19635 0 4 0 0 -7.582  -7.25589 0 3.76259 0 0 -7.64615  -0.0104387 0 0.0337064 0 0 -0.0258742  0.0699756 0 0.203699 0 0 0.0900303  0 0 0 0 0 0  
177.186 4.08838 0.0217734 -7.27065 0 4 0 0 -7.46738  -7.34073 0 3.7437 0 0 -7.54473  -0.013862 0 0.0367315 0 0 -0.0307233  0.0839389 0 0.219573 0 0 0.108078  0 0 0 0 0 0  
177.657 4.09844 0.0217009 -7.23046 0 4 0 0 -7.30822  -7.30532 0 3.73384 0 0 -7.3998  -0.0174418 0 0.0352794 0 0 -0.0380809  0.0923033 0 0.230878 0 0 0.129667  0 0 0 0 0 0  
178.128 4.1089 0.0221946 -7.24137 0 4 0 0 -7.18405  -7.31958 0 3.72809 0 0 -7.27007  -0.013223 0 0.0363458 0 0 -0.0383253  0.0914301 0 0.23556 0 0 0.124346  0 0 0 0 0 0  
178.6 4.1195 0.0229104 -7.26641 0 4 0 0 -7.1458  -7.33883 0 3.72021 0 0 -7.22758  -0.0140556 0 0.0403034 0 0 -0.0392023  0.0864724 0 0.239485 0 0 0.120986  0 0 0 0 0 0  
179.071 4.13043 0.0231284 -7.15713 0 4 0 0 -7.16962  -7.23521 0 3.71899 0 0 -7.24759  -0.01128 0 0.0422385 0 0 -0.0384979  0.089358 0 0.238771 0 0 0.116468  0 0 0 0 0 0  
179.542 4.14171 0.0243614 -7.03959 0 4 0 0 -7.08028  -7.11877 0 3.70716 0 0 -7.16104  -0.0123354 0 0.0442311 0 0 -0.0382228  0.0915068 0 0.248605 0 0 0.118984  0 0 0 0 0 0  
180.013 4.15312 0.0241772 -6.81376 0 4 0 0 -6.89468  -6.89775 0 3.69876 0 0 -6.99055  -0.0143826 0 0.0397309 0 0 -0.0331059  0.0983728 0 0.261512 0 0 0.128978  0 0 0 0 0 0  
180.484 4.16434 0.0236152 -6.71418 0 4 0 0 -6.86902  -6.80733 0 3.69589 0 0 -6.96214  -0.0131744 0 0.0412403 0 0 -0.029244  0.106325 0 0.262868 0 0 0.122368  0 0 0 0 0 0  
180.956 4.17543 0.0233722 -6.4331 0 4 0 0 -6.9069  -6.54823 0 3.68125 0 0 -7.03458  -0.0182207 0 0.0389742 0 0 -0.0404134  0.133355 0 0.279778 0 0 0.168087  0 0 0 0 0 0  
181.427 4.18637 0.0233049 -6.34853 0 4 0 0 -6.99543  -6.47563 0 3.68521 0 0 -7.13456  -0.0169145 0 0.0350585 0 0 -0.0361573  0.144018 0 0.279732 0 0 0.175285  0 0 0 0 0 0  
181.898 4.19754 0.0240687 -6.31583 0 4 0 0 -6.99355  -6.44772 0 3.68942 0 0 -7.13618  -0.0152367 0 0.0355789 0 0 -0.0338697  0.147128 0 0.275002 0 0 0.176502  0 0 0 0 0 0  
182.369 4.20898 0.0245165 -6.35082 0 4 0 0 -6.93448  -6.47723 0 3.68233 0 0 -7.06229  -0.014173 0 0.0387251 0 0 -0.026732  0.140578 0 0.278944 0 0 0.154535  0 0 0 0 0 0  
182.841 4.22048 0.0244424 -6.36201 0 4 0 0 -7.03858  -6.46609 0 3.69164 0 0 -7.14205  -0.0108491 0 0.040129 0 0 -0.0256404  0.114922 0 0.268233 0 0 0.129102  0 0 0 0 0 0  
183.312 4.23215 0.0252571 -6.2453 0 4 0 0 -7.15869  -6.35179 0 3.67437 0 0 -7.26902  -0.0167843 0 0.043555 0 0 -0.0257803  0.123269 0 0.282077 0 0 0.136107  0 0 0 0 0 0  
183.783 4.24437 0.0261283 -6.04919 0 4 0 0 -7.13869  -6.18235 0 3.6556 0 0 -7.27979  -0.0202819 0 0.0401666 0 0 -0.0264908  0.153437 0 0.304236 0 0 0.167588  0 0 0 0 0 0  
184.254 4.25692 0.0277171 -6.0446 0 4 0 0 -7.13589  -6.15728 0 3.64156 0 0 -7.275  -0.0262277 0 0.0454259 0 0 -0.0279536  0.138913 0 0.313013 0 0 0.167066  0 0 0 0 0 0  
184.726 4.26999 0.027875 -6.09094 0 4 0 0 -7.07025  -6.19202 0 3.64135 0 0 -7.21605  -0.0314937 0 0.0462554 0 0 -0.0263188  0.132576 0 0.312399 0 0 0.172118  0 0 0 0 0 0  
185.197 4.28319 0.0274083 -6.21598 0 4 0 0 -7.04461  -6.31216 0 3.64581 0 0 -7.18497  -0.0386386 0 0.0461253 0 0 -0.0321566  0.134811 0 0.308068 0 0 0.172519  0 0 0 0 0 0  
185.668 4.29613 0.0277648 -6.28113 0 4 0 0 -7.02719  -6.38367 0 3.64022 0 0 -7.17598  -0.0437187 0 0.0418886 0 0 -0.0349746  0.146254 0 0.31789 0 0 0.183759  0 0 0 0 0 0  
186.139 4.30901 0.0275128 -6.39149 0 4 0 0 -7.06899  -6.49701 0 3.63898 0 0 -7.21715  -0.0424208 0 0.0378796 0 0 -0.0409285  0.147942 0 0.32314 0 0 0.189084  0 0 0 0 0 0  
186.611 4.32193 0.0276651 -6.50513 0 4 0 0 -7.11099  -6.6135 0 3.6496 0 0 -7.26249  -0.0415853 0 0.0403368 0 0 -0.0331488  0.14996 0 0.310068 0 0 0.184642  0 0 0 0 0 0  
187.082 4.33469 0.0262308 -6.60246 0 4 0 0 -7.23985  -6.69636 0 3.66757 0 0 -7.3728  -0.0362691 0 0.0412249 0 0 -0.0290562  0.130162 0 0.291203 0 0 0.162005  0 0 0 0 0 0  
187.553 4.34711 0.0261408 -6.56696 0 4 0 0 -7.20152  -6.66564 0 3.67252 0 0 -7.3364  -0.0362378 0 0.0400603 0 0 -0.0256797  0.134918 0 0.287421 0 0 0.160558  0 0 0 0 0 0  
188.024 4.35913 0.0249763 -6.47545 0 4 0 0 -7.10118  -6.57086 0 3.68104 0 0 -7.22203  -0.0350676 0 0.0418781 0 0 -0.0244352  0.130475 0 0.277084 0 0 0.145289  0 0 0 0 0 0  
188.496 4.37035 0.0230025 -6.33557 0 4 0 0 -7.05928  -6.42994 0 3.7049 0 0 -7.19715  -0.0274014 0 0.0347999 0 0 -0.0226428  0.121769 0 0.260298 0 0 0.160513  0 0 0 0 0 0  
188.967 4.38118 0.0228164 -6.39999 0 4 0 0 -7.1047  -6.49208 0 3.70363 0 0 -7.2393  -0.0252223 0 0.0373368 0 0 -0.0214212  0.117317 0 0.259031 0 0 0.156023  0 0 0 0 0 0  
189.438 4.39176 0.0219848 -6.44298 0 4 0 0 -7.25613  -6.54004 0 3.71458 0 0 -7.37858  -0.0199606 0 0.0364617 0 0 -0.0193074  0.117015 0 0.248961 0 0 0.141756  0 0 0 0 0 0  
189.909 4.40164 0.0207365 -6.46921 0 4 0 0 -7.48878  -6.56776 0 3.72727 0 0 -7.60297  -0.0180597 0 0.0365402 0 0 -0.0153589  0.116608 0 0.236193 0 0 0.129552  0 0 0 0 0 0  
190.381 4.41117 0.0193236 -6.47274 0 4 0 0 -7.56316  -6.56133 0 3.75666 0 0 -7.65943  -0.0122243 0 0.0306188 0 0 -0.0155087  0.100813 0 0.212725 0 0 0.11178  0 0 0 0 0 0  
190.852 4.42024 0.0192696 -6.4795 0 4 0 0 -7.52222  -6.5589 0 3.75585 0 0 -7.61367  -0.0181994 0 0.0295244 0 0 -0.0210998  0.097594 0 0.214625 0 0 0.112555  0 0 0 0 0 0  
191.323 4.42957 0.0199092 -6.47304 0 4 0 0 -7.45216  -6.55157 0 3.75444 0 0 -7.5407  -0.0174258 0 0.0303641 0 0 -0.0233456  0.095955 0 0.215193 0 0 0.111889  0 0 0 0 0 0  
191.794 4.4394 0.0221085 -6.53537 0 4 0 0 -7.3475  -6.63144 0 3.72652 0 0 -7.45326  -0.0180631 0 0.0322633 0 0 -0.0206178  0.114137 0 0.24122 0 0 0.126374  0 0 0 0 0 0  
192.265 4.44988 0.0228557 -6.51301 0 4 0 0 -7.40183  -6.61557 0 3.70836 0 0 -7.51637  -0.0208397 0 0.0346712 0 0 -0.0196046  0.1234 0 0.25697 0 0 0.134146  0 0 0 0 0 0  
192.737 4.46076 0.0235355 -6.64939 0 4 0 0 -7.46305  -6.74857 0 3.70266 0 0 -7.57092  -0.023364 0 0.0360902 0 0 -0.0201138  0.122549 0 0.26125 0 0 0.127978  0 0 0 0 0 0  
193.208 4.47178 0.0235876 -6.72483 0 4 0 0 -7.5454  -6.8191 0 3.7034 0 0 -7.65895  -0.0286265 0 0.0368813 0 0 -0.0263447  0.122899 0 0.259723 0 0 0.139901  0 0 0 0 0 0  
193.679 4.48307 0.0238263 -6.80786 0 4 0 0 -7.66707  -6.87781 0 3.70458 0 0 -7.76276  -0.0307157 0 0.0396666 0 0 -0.0267168  0.100668 0 0.255752 0 0 0.122403  0 0 0 0 0 0  
194.15 4.49396 0.0222678 -6.93851 0 4 0 0 -7.66054  -6.98552 0 3.72596 0 0 -7.73288  -0.0330025 0 0.0393896 0 0 -0.026067  0.0800181 0 0.23465 0 0 0.0984049  0 0 0 0 0 0  
194.622 4.50457 0.0227468 -7.01292 0 4 0 0 -7.42154  -7.06825 0 3.73243 0 0 -7.50017  -0.0233068 0 0.0394571 0 0 -0.0175206  0.0786351 0 0.228113 0 0 0.0961505  0 0 0 0 0 0  
195.093 4.5152 0.0220903 -6.99081 0 4 0 0 -7.183  -7.03647 0 3.73274 0 0 -7.25344  -0.0277569 0 0.0381798 0 0 -0.0152775  0.0734171 0 0.229085 0 0 0.0857195  0 0 0 0 0 0  
195.564 4.52541 0.021111 -7.00298 0 4 0 0 -7.01893  -7.05802 0 3.73153 0 0 -7.09688  -0.03301 0 0.0355119 0 0 -0.0207552  0.0880456 0 0.232955 0 0 0.0987043  0 0 0 0 0 0  
196.035 4.5351 0.0197794 -7.14251 0 4 0 0 -7.09777  -7.21487 0 3.74865 0 0 -7.19511  -0.0203085 0 0.0269457 0 0 -0.0166169  0.092674 0 0.224401 0 0 0.113953  0 0 0 0 0 0  
196.507 4.54457 0.0208886 -7.26764 0 4 0 0 -7.16126  -7.3424 0 3.74429 0 0 -7.26202  -0.0178285 0 0.0302821 0 0 -0.0150289  0.0925911 0 0.225431 0 0 0.115786  0 0 0 0 0 0  
196.978 4.5548 0.0221677 -7.29192 0 4 0 0 -7.16915  -7.37322 0 3.73664 0 0 -7.2741  -0.0175798 0 0.0342174 0 0 -0.0193347  0.0988767 0 0.229145 0 0 0.124286  0 0 0 0 0 0  
197.449 4.56553 0.0229612 -7.30419 0 4 0 0 -7.15214  -7.38043 0 3.73323 0 0 -7.26067  -0.0218007 0 0.0350735 0 0 -0.0203673  0.0980476 0 0.231692 0 0 0.1289  0 0 0 0 0 0  
197.92 4.57672 0.0245859 -7.21311 0 4 0 0 -7.11119  -7.27963 0 3.71282 0 0 -7.214  -0.0267585 0 0.0423189 0 0 -0.0244259  0.0932774 0 0.244863 0 0 0.127245  0 0 0 0 0 0  
198.392 4.58833 0.0245089 -7.16935 0 4 0 0 -7.20283  -7.24416 0 3.70947 0 0 -7.31472  -0.0292386 0 0.0428145 0 0 -0.021165  0.104047 0 0.247717 0 0 0.133055  0 0 0 0 0 0  
198.863 4.59987 0.0244814 -7.19286 0 4 0 0 -7.40187  -7.26559 0 3.70553 0 0 -7.52009  -0.0325345 0 0.0415982 0 0 -0.0211467  0.105264 0 0.252871 0 0 0.139369  0 0 0 0 0 0  
199.334 4.61133 0.0240609 -7.15489 0 4 0 0 -7.46977  -7.21928 0 3.71059 0 0 -7.58672  -0.0312988 0 0.0416957 0 0 -0.0207651  0.095691 0 0.247713 0 0 0.137713  0 0 0 0 0 0  
199.805 4.62282 0.0242493 -7.24729 0 4 0 0 -7.53539  -7.3152 0 3.71029 0 0 -7.67128  -0.0279345 0 0.0417166 0 0 -0.0164052  0.095839 0 0.247989 0 0 0.152298  0 0 0 0 0 0  
200.277 4.63444 0.0249863 -7.22548 0 4 0 0 -7.5058  -7.3017 0 3.71249 0 0 -7.65189  -0.0282686 0 0.0406113 0 0 -0.0138648  0.104488 0 0.246895 0 0 0.159952  0 0 0 0 0 0  
200.748 4.64646 0.0258489 -7.15413 0 4 0 0 -7.25235  -7.23947 0 3.69502 0 0 -7.40707  -0.021703 0 0.04605 0 0 -0.00780781  0.107051 0 0.258931 0 0 0.162525  0 0 0 0 0 0  
201.219 4.65845 0.0252908 -6.9756 0 4 0 0 -7.01255  -7.06131 0 3.68584 0 0 -7.17119  -0.0230299 0 0.0474472 0 0 -0.00557883  0.10874 0 0.266711 0 0 0.164218  0 0 0 0 0 0  
201.69 4.67043 0.0247091 -6.86776 0 4 0 0 -6.92999  -6.95632 0 3.67919 0 0 -7.09736  -0.0196981 0 0.0471091 0 0 -0.00205361  0.108258 0 0.2737 0 0 0.169425  0 0 0 0 0 0  
202.161 4.68243 0.025715 -6.74612 0 4 0 0 -6.86343  -6.84522 0 3.6598 0 0 -7.04187  -0.0194083 0 0.0464894 0 0 -0.00264064  0.118504 0 0.293708 0 0 0.181079  0 0 0 0 0 0  
202.633 4.69465 0.0260808 -6.63807 0 4 0 0 -6.79755  -6.73829 0 3.64375 0 0 -6.97368  -0.0195362 0 0.0481477 0 0 -0.0078516  0.11975 0 0.308101 0 0 0.183979  0 0 0 0 0 0  
203.104 4.70694 0.025817 -6.66814 0 4 0 0 -6.8059  -6.76007 0 3.66282 0 0 -6.95816  -0.0277552 0 0.0450355 0 0 -0.0121274  0.11968 0 0.292145 0 0 0.164384  0 0 0 0 0 0  
203.575 4.71924 0.0263807 -6.56413 0 4 0 0 -6.62749  -6.64611 0 3.65335 0 0 -6.78769  -0.0418807 0 0.0468363 0 0 -0.0180426  0.123859 0 0.299813 0 0 0.178243  0 0 0 0 0 0  
204.046 4.73156 0.0258584 -6.38471 0 4 0 0 -6.56802  -6.46306 0 3.65048 0 0 -6.72548  -0.0371535 0 0.0492834 0 0 -0.014652  0.115502 0 0.300234 0 0 0.172108  0 0 0 0 0 0  
204.518 4.74347 0.0245041 -6.2672 0 4 0 0 -6.57325  -6.35371 0 3.65806 0 0 -6.74764  -0.0356202 0 0.0417211 0 0 -0.0177654  0.122128 0 0.300215 0 0 0.192155  0 0 0 0 0 0  
204.989 4.75493 0.0233913 -6.25764 0 4 0 0 -6.44819  -6.35678 0 3.68359 0 0 -6.61389  -0.0270834 0 0.0369318 0 0 -0.0169013  0.126227 0 0.279476 0 0 0.182606  0 0 0 0 0 0  
205.46 4.76628 0.0254252 -6.2714 0 4 0 0 -6.23814  -6.38126 0 3.65081 0 0 -6.43623  -0.0346804 0 0.0398319 0 0 -0.0250531  0.144548 0 0.309358 0 0 0.223145  0 0 0 0 0 0  
205.931 4.77856 0.0267117 -6.24403 0 4 0 0 -6.30872  -6.36318 0 3.64171 0 0 -6.50886  -0.040997 0 0.0420208 0 0 -0.0311927  0.160142 0 0.316269 0 0 0.231336  0 0 0 0 0 0  
206.403 4.79139 0.0279401 -6.29536 0 4 0 0 -6.43602  -6.40992 0 3.63215 0 0 -6.6252  -0.0528822 0 0.0453142 0 0 -0.0310057  0.167444 0 0.322533 0 0 0.220193  0 0 0 0 0 0  
206.874 4.80448 0.0276831 -6.46797 0 4 0 0 -6.66251  -6.56476 0 3.63951 0 0 -6.82772  -0.0579719 0 0.0452859 0 0 -0.0344755  0.154761 0 0.3152 0 0 0.199692  0 0 0 0 0 0  
207.345 4.81718 0.0263536 -6.67074 0 4 0 0 -6.91181  -6.74761 0 3.66855 0 0 -7.04853  -0.053425 0 0.0434658 0 0 -0.031078  0.130294 0 0.287983 0 0 0.167793  0 0 0 0 0 0  
207.816 4.82912 0.0243328 -6.85824 0 4 0 0 -7.18475  -6.92938 0 3.70735 0 0 -7.3045  -0.0429467 0 0.0425055 0 0 -0.0198993  0.114081 0 0.25014 0 0 0.139651  0 0 0 0 0 0  
208.288 4.84019 0.0228065 -7.1426 0 4 0 0 -7.39619  -7.21278 0 3.73012 0 0 -7.49851  -0.037373 0 0.0392836 0 0 -0.021944  0.10755 0 0.230597 0 0 0.12426  0 0 0 0 0 0  
208.759 4.85084 0.0228489 -7.17003 0 4 0 0 -7.52113  -7.23213 0 3.74116 0 0 -7.6216  -0.0331177 0 0.0363504 0 0 -0.0212668  0.0952203 0 0.222493 0 0 0.121736  0 0 0 0 0 0  
209.23 4.86176 0.0238496 -7.06124 0 4 0 0 -7.51501  -7.11582 0 3.73198 0 0 -7.62279  -0.0381701 0 0.0360298 0 0 -0.0251701  0.0927506 0 0.231986 0 0 0.132955  0 0 0 0 0 0  
209.701 4.87331 0.0247645 -6.97627 0 4 0 0 -7.4125  -7.03366 0 3.71394 0 0 -7.52867  -0.0455476 0 0.0361367 0 0 -0.0246594  0.102939 0 0.249921 0 0 0.140825  0 0 0 0 0 0  
210.173 4.88495 0.0245751 -6.8898 0 4 0 0 -7.3281  -6.949 0 3.72647 0 0 -7.44785  -0.0346207 0 0.0352698 0 0 -0.0209055  0.0938211 0 0.238256 0 0 0.140655  0 0 0 0 0 0  
210.644 4.89677 0.0257652 -6.88395 0 4 0 0 -7.18473  -6.93967 0 3.71402 0 0 -7.31608  -0.0420145 0 0.0357683 0 0 -0.0195661  0.097728 0 0.250213 0 0 0.150913  0 0 0 0 0 0  
211.115 4.90882 0.0253911 -6.93707 0 4 0 0 -7.20769  -6.98401 0 3.71583 0 0 -7.31714  -0.0407897 0 0.0419213 0 0 -0.0214238  0.0877267 0 0.242246 0 0 0.130877  0 0 0 0 0 0  
211.586 4.92044 0.0239893 -6.87873 0 4 0 0 -7.23204  -6.93725 0 3.72443 0 0 -7.34883  -0.0343037 0 0.0395873 0 0 -0.0133898  0.0928278 0 0.235981 0 0 0.130181  0 0 0 0 0 0  
212.058 4.93149 0.0236562 -6.97634 0 4 0 0 -7.32033  -7.03223 0 3.72841 0 0 -7.4226  -0.0316864 0 0.0392135 0 0 -0.0137594  0.0875733 0 0.232375 0 0 0.116026  0 0 0 0 0 0  
212.529 4.94213 0.0217011 -7.05832 0 4 0 0 -7.4009  -7.1106 0 3.7468 0 0 -7.49806  -0.0290447 0 0.0351194 0 0 -0.0139953  0.0813257 0 0.218077 0 0 0.111151  0 0 0 0 0 0  
213 4.95224 0.0213552 -7.09373 0 4 0 0 -7.38779  -7.13304 0 3.74697 0 0 -7.47481  -0.0242508 0 0.0337426 0 0 -0.0151248  0.0635652 0 0.219283 0 0 0.10214  0 0 0 0 0 0  
213.471 4.96236 0.0211404 -7.13765 0 4 0 0 -7.36967  -7.17438 0 3.74952 0 0 -7.44889  -0.0310983 0 0.0348117 0 0 -0.0191348  0.0678328 0 0.215665 0 0 0.098356  0 0 0 0 0 0  
213.942 4.97238 0.021681 -7.18542 0 4 0 0 -7.31518  -7.22332 0 3.7519 0 0 -7.39132  -0.0305714 0 0.0350371 0 0 -0.0189734  0.0684725 0 0.213063 0 0 0.0951099  0 0 0 0 0 0  
214.414 4.98254 0.0220693 -7.15683 0 4 0 0 -7.20582  -7.20177 0 3.75111 0 0 -7.28514  -0.0300726 0 0.0340451 0 0 -0.0176961  0.0750075 0 0.214841 0 0 0.0970225  0 0 0 0 0 0  
214.885 4.99298 0.0216106 -7.1184 0 4 0 0 -7.17661  -7.16402 0 3.76033 0 0 -7.25157  -0.0336881 0 0.032998 0 0 -0.0265006  0.0793092 0 0.206674 0 0 0.101462  0 0 0 0 0 0  
215.356 5.0033 0.0218793 -7.02694 0 4 0 0 -7.1418  -7.07469 0 3.75286 0 0 -7.22666  -0.0318395 0 0.0309276 0 0 -0.0234522  0.0795869 0 0.216211 0 0 0.108319  0 0 0 0 0 0  
