# LF_DEM version v3.0-126-gb72fb1a
# np 1000
# VF 0.76
# Lx 73.993
# Ly 0
# Lz 73.993
# flow_type shear
# data in cl units.
#1: time
#2: cumulated strain
#3: shear rate
#4-9: total stress tensor (xx, xy, xz, yz, yy, zz)
#10-15: contact stress tensor (xx, xy, xz, yz, yy, zz)
#16-21: dashpot stress tensor (xx, xy, xz, yz, yy, zz)
#22-27: hydro stress tensor (xx, xy, xz, yz, yy, zz)
#28-33: repulsion stress tensor (xx, xy, xz, yz, yy, zz)

0.0235619 0.000432035 0.0183361 -1.02789 0 0.8 0 0 -0.9043  -1.10633 0 0.546906 0 0 -1.01193  -0.045265 0 0.0197934 0 0 -0.0469011  0.123705 0 0.233301 0 0 0.154536  0 0 0 0 0 0  
2.35619 0.0432433 0.0183805 -0.973422 0 0.8 0 0 -0.891818  -1.05327 0 0.54622 0 0 -1.0041  -0.0414176 0 0.0221978 0 0 -0.0443575  0.121267 0 0.231582 0 0 0.156635  0 0 0 0 0 0  
4.71239 0.0859323 0.0178024 -0.901561 0 0.8 0 0 -0.907732  -0.989117 0 0.557354 0 0 -1.03575  -0.0391443 0 0.0159955 0 0 -0.0401054  0.126701 0 0.22665 0 0 0.168126  0 0 0 0 0 0  
7.06858 0.127218 0.0175108 -0.888314 0 0.8 0 0 -0.959393  -0.962578 0 0.563532 0 0 -1.08127  -0.0402349 0 0.0198151 0 0 -0.0385184  0.1145 0 0.216652 0 0 0.160396  0 0 0 0 0 0  
9.42478 0.168671 0.0177355 -0.884183 0 0.8 0 0 -0.954987  -0.967708 0 0.558265 0 0 -1.07886  -0.0457943 0 0.0208036 0 0 -0.0431258  0.129319 0 0.220931 0 0 0.166998  0 0 0 0 0 0  
11.781 0.209996 0.0172676 -0.922133 0 0.8 0 0 -0.965188  -1.01499 0 0.563498 0 0 -1.08106  -0.051359 0 0.0205337 0 0 -0.0421939  0.144218 0 0.215968 0 0 0.158062  0 0 0 0 0 0  
14.1372 0.251616 0.0179745 -0.969489 0 0.8 0 0 -1.00377  -1.05711 0 0.571349 0 0 -1.10794  -0.0496312 0 0.0212782 0 0 -0.0440288  0.137257 0 0.207373 0 0 0.148201  0 0 0 0 0 0  
16.4934 0.293192 0.0169884 -0.921451 0 0.8 0 0 -1.00572  -1.01476 0 0.569329 0 0 -1.1236  -0.0504165 0 0.0205129 0 0 -0.0419217  0.143728 0 0.210158 0 0 0.159804  0 0 0 0 0 0  
18.8496 0.331647 0.0158488 -0.922516 0 0.8 0 0 -1.03418  -0.99128 0 0.584515 0 0 -1.1458  -0.0423969 0 0.0229524 0 0 -0.0351252  0.111162 0 0.192532 0 0 0.146751  0 0 0 0 0 0  
21.2058 0.36825 0.0153688 -1.00432 0 0.8 0 0 -1.10298  -1.06787 0 0.592429 0 0 -1.21551  -0.0364388 0 0.0204094 0 0 -0.0328386  0.0999835 0 0.187162 0 0 0.145368  0 0 0 0 0 0  
23.5619 0.403782 0.0149555 -1.06106 0 0.8 0 0 -1.13474  -1.12001 0 0.589949 0 0 -1.23522  -0.0336614 0 0.0232889 0 0 -0.0314113  0.0926083 0 0.186762 0 0 0.131893  0 0 0 0 0 0  
25.9181 0.438878 0.0149278 -1.09976 0 0.8 0 0 -1.1858  -1.15947 0 0.586059 0 0 -1.2858  -0.03493 0 0.0229109 0 0 -0.0365118  0.0946441 0 0.19103 0 0 0.136513  0 0 0 0 0 0  
28.2743 0.473843 0.0150151 -1.11018 0 0.8 0 0 -1.23633  -1.17217 0 0.592474 0 0 -1.33463  -0.0316433 0 0.0228565 0 0 -0.0384901  0.0936412 0 0.184669 0 0 0.136789  0 0 0 0 0 0  
30.6305 0.509391 0.0151281 -1.10145 0 0.8 0 0 -1.22775  -1.1582 0 0.593109 0 0 -1.32583  -0.0301498 0 0.0226058 0 0 -0.0355364  0.0869071 0 0.184285 0 0 0.133618  0 0 0 0 0 0  
32.9867 0.544541 0.0147918 -1.0867 0 0.8 0 0 -1.20384  -1.15201 0 0.598846 0 0 -1.30279  -0.0264666 0 0.0231882 0 0 -0.0291417  0.0917767 0 0.177966 0 0 0.128092  0 0 0 0 0 0  
35.3429 0.579228 0.0148018 -1.07319 0 0.8 0 0 -1.16266  -1.14571 0 0.595644 0 0 -1.27393  -0.0216844 0 0.0220351 0 0 -0.0256629  0.0941992 0 0.182321 0 0 0.136933  0 0 0 0 0 0  
37.6991 0.614602 0.0153212 -1.08012 0 0.8 0 0 -1.14953  -1.15377 0 0.586346 0 0 -1.27637  -0.0255487 0 0.0171218 0 0 -0.028737  0.0992002 0 0.196532 0 0 0.155574  0 0 0 0 0 0  
40.0553 0.652419 0.0165808 -1.04862 0 0.8 0 0 -1.09067  -1.13007 0 0.572719 0 0 -1.21524  -0.0306316 0 0.0184362 0 0 -0.0350103  0.112083 0 0.208845 0 0 0.159582  0 0 0 0 0 0  
42.4115 0.691942 0.0169944 -0.983609 0 0.8 0 0 -1.00332  -1.08128 0 0.55954 0 0 -1.13557  -0.0339687 0 0.0191405 0 0 -0.0403324  0.13164 0 0.221319 0 0 0.172581  0 0 0 0 0 0  
44.7677 0.7314 0.0163064 -0.963271 0 0.8 0 0 -1.00134  -1.06546 0 0.55516 0 0 -1.12785  -0.0378462 0 0.0205288 0 0 -0.0469627  0.140032 0 0.224311 0 0 0.173476  0 0 0 0 0 0  
47.1239 0.769486 0.0161055 -1.00395 0 0.8 0 0 -1.04077  -1.09431 0 0.56843 0 0 -1.16962  -0.033546 0 0.0196818 0 0 -0.0424945  0.123905 0 0.211888 0 0 0.171349  0 0 0 0 0 0  
49.4801 0.808373 0.0167067 -1.02819 0 0.8 0 0 -1.0814  -1.10645 0 0.570851 0 0 -1.21143  -0.030507 0 0.0202249 0 0 -0.0400724  0.108773 0 0.208924 0 0 0.170099  0 0 0 0 0 0  
51.8363 0.848574 0.0172265 -1.02137 0 0.8 0 0 -1.08199  -1.09539 0 0.577767 0 0 -1.20467  -0.0291015 0 0.0219077 0 0 -0.0343606  0.103122 0 0.200325 0 0 0.157035  0 0 0 0 0 0  
54.1925 0.889761 0.0176784 -0.960202 0 0.8 0 0 -1.04639  -1.03364 0 0.564786 0 0 -1.16765  -0.0325725 0 0.0214528 0 0 -0.0405498  0.106006 0 0.213761 0 0 0.161812  0 0 0 0 0 0  
56.5487 0.931699 0.017504 -0.886837 0 0.8 0 0 -0.998524  -0.973086 0 0.560065 0 0 -1.11861  -0.0361658 0 0.020879 0 0 -0.0532949  0.122415 0 0.219056 0 0 0.173377  0 0 0 0 0 0  
58.9049 0.972714 0.0170138 -0.836198 0 0.8 0 0 -0.961879  -0.915764 0 0.564985 0 0 -1.09452  -0.0351541 0 0.0182661 0 0 -0.0467761  0.11472 0 0.216749 0 0 0.179416  0 0 0 0 0 0  
61.2611 1.01251 0.0167416 -0.767665 0 0.8 0 0 -0.871812  -0.871485 0 0.551923 0 0 -1.03496  -0.0438657 0 0.0179368 0 0 -0.048682  0.147685 0 0.23014 0 0 0.211834  0 0 0 0 0 0  
63.6173 1.05165 0.0165965 -0.771535 0 0.8 0 0 -0.814586  -0.885804 0 0.534919 0 0 -0.986953  -0.0517518 0 0.0150217 0 0 -0.0469294  0.166021 0 0.250059 0 0 0.219296  0 0 0 0 0 0  
65.9734 1.09029 0.0161389 -0.895664 0 0.8 0 0 -0.898944  -0.982721 0 0.562768 0 0 -1.03593  -0.0442011 0 0.0179922 0 0 -0.0384263  0.131259 0 0.21924 0 0 0.17541  0 0 0 0 0 0  
68.3296 1.12772 0.0156084 -1.01072 0 0.8 0 0 -0.987931  -1.07871 0 0.584188 0 0 -1.09574  -0.0385875 0 0.0192028 0 0 -0.0314766  0.106578 0 0.196609 0 0 0.13928  0 0 0 0 0 0  
70.6858 1.16456 0.0158497 -1.06826 0 0.8 0 0 -1.01015  -1.13469 0 0.593874 0 0 -1.12331  -0.0348368 0 0.0189269 0 0 -0.0285569  0.101261 0 0.187199 0 0 0.141716  0 0 0 0 0 0  
73.042 1.20273 0.0166395 -1.11087 0 0.8 0 0 -0.998734  -1.16978 0 0.583805 0 0 -1.10681  -0.0396666 0 0.0211142 0 0 -0.0312708  0.0985791 0 0.19508 0 0 0.139351  0 0 0 0 0 0  
75.3982 1.2428 0.0172466 -1.14154 0 0.8 0 0 -0.965531  -1.21086 0 0.580104 0 0 -1.07576  -0.0440812 0 0.0192691 0 0 -0.0393871  0.113401 0 0.200627 0 0 0.149619  0 0 0 0 0 0  
77.7544 1.28275 0.0168924 -1.14726 0 0.8 0 0 -1.01178  -1.22196 0 0.577009 0 0 -1.12439  -0.0414843 0 0.0188343 0 0 -0.0425386  0.116191 0 0.204157 0 0 0.155145  0 0 0 0 0 0  
80.1106 1.32263 0.0172705 -1.11963 0 0.8 0 0 -1.02898  -1.19558 0 0.573102 0 0 -1.13516  -0.0394039 0 0.0196203 0 0 -0.0385644  0.115357 0 0.207277 0 0 0.144736  0 0 0 0 0 0  
82.4668 1.3647 0.0183818 -1.09666 0 0.8 0 0 -0.947398  -1.16351 0 0.555746 0 0 -1.06431  -0.0337155 0 0.0199834 0 0 -0.0373265  0.100567 0 0.22427 0 0 0.154238  0 0 0 0 0 0  
84.823 1.40837 0.018338 -1.0444 0 0.8 0 0 -0.824111  -1.12602 0 0.535956 0 0 -0.956825  -0.0389481 0 0.0187377 0 0 -0.049372  0.120565 0 0.245306 0 0 0.182086  0 0 0 0 0 0  
87.1792 1.45111 0.0179507 -1.01288 0 0.8 0 0 -0.798488  -1.10444 0 0.551688 0 0 -0.948046  -0.0358778 0 0.0163773 0 0 -0.0464396  0.127438 0 0.231935 0 0 0.195997  0 0 0 0 0 0  
89.5354 1.49228 0.0170054 -1.07024 0 0.8 0 0 -0.875431  -1.13947 0 0.562933 0 0 -1.00663  -0.0394457 0 0.0204968 0 0 -0.0440864  0.108677 0 0.21657 0 0 0.175282  0 0 0 0 0 0  
91.8916 1.53229 0.0167916 -1.10526 0 0.8 0 0 -0.92456  -1.16341 0 0.576347 0 0 -1.04029  -0.0362322 0 0.0192916 0 0 -0.0384137  0.0943783 0 0.204362 0 0 0.154143  0 0 0 0 0 0  
94.2478 1.57152 0.0164932 -1.13453 0 0.8 0 0 -0.960228  -1.18095 0 0.580534 0 0 -1.06871  -0.038699 0 0.0201311 0 0 -0.0420727  0.0851141 0 0.199335 0 0 0.150552  0 0 0 0 0 0  
96.604 1.61075 0.0167822 -1.16907 0 0.8 0 0 -0.991917  -1.20467 0 0.583144 0 0 -1.08205  -0.039856 0 0.0211862 0 0 -0.0367162  0.0754562 0 0.19567 0 0 0.126846  0 0 0 0 0 0  
98.9602 1.64961 0.0163579 -1.16936 0 0.8 0 0 -1.00789  -1.2091 0 0.585349 0 0 -1.08709  -0.0365303 0 0.0217115 0 0 -0.0359147  0.0762672 0 0.19294 0 0 0.115118  0 0 0 0 0 0  
101.316 1.68732 0.0158959 -1.15082 0 0.8 0 0 -1.02696  -1.20229 0 0.597348 0 0 -1.11608  -0.0324039 0 0.0203223 0 0 -0.0299269  0.0838767 0 0.182329 0 0 0.119046  0 0 0 0 0 0  
103.673 1.72476 0.0159807 -1.11488 0 0.8 0 0 -1.03465  -1.1716 0 0.588191 0 0 -1.13521  -0.0379033 0 0.01975 0 0 -0.0294465  0.0946289 0 0.192059 0 0 0.130013  0 0 0 0 0 0  
106.029 1.76331 0.0168966 -1.05565 0 0.8 0 0 -0.994077  -1.14184 0 0.575555 0 0 -1.11823  -0.0360559 0 0.0153414 0 0 -0.0308562  0.122244 0 0.209104 0 0 0.15501  0 0 0 0 0 0  
108.385 1.80338 0.0169529 -0.998537 0 0.8 0 0 -0.929929  -1.10306 0 0.552272 0 0 -1.06657  -0.0443481 0 0.0160948 0 0 -0.0445148  0.148872 0 0.231633 0 0 0.181151  0 0 0 0 0 0  
110.741 1.84266 0.0160322 -0.988207 0 0.8 0 0 -0.912783  -1.08623 0 0.56311 0 0 -1.04139  -0.0448127 0 0.0172931 0 0 -0.0425186  0.142832 0 0.219597 0 0 0.171123  0 0 0 0 0 0  
113.097 1.87889 0.0147468 -1.0356 0 0.8 0 0 -0.990752  -1.11181 0 0.59634 0 0 -1.09121  -0.0349405 0 0.0170858 0 0 -0.0341224  0.111157 0 0.186574 0 0 0.134583  0 0 0 0 0 0  
115.454 1.91298 0.014322 -1.08511 0 0.8 0 0 -1.04974  -1.15417 0 0.604765 0 0 -1.13773  -0.0331827 0 0.0183605 0 0 -0.0363306  0.102246 0 0.176875 0 0 0.124326  0 0 0 0 0 0  
117.81 1.9482 0.0154719 -1.1065 0 0.8 0 0 -1.07328  -1.17691 0 0.601877 0 0 -1.15649  -0.0326924 0 0.017505 0 0 -0.0346377  0.1031 0 0.180618 0 0 0.11785  0 0 0 0 0 0  
120.166 1.9863 0.0168343 -1.095 0 0.8 0 0 -1.10398  -1.1776 0 0.580191 0 0 -1.19894  -0.0327139 0 0.0195476 0 0 -0.0358456  0.115317 0 0.200261 0 0 0.130806  0 0 0 0 0 0  
122.522 2.02707 0.0175094 -1.04152 0 0.8 0 0 -1.03803  -1.13042 0 0.562588 0 0 -1.15064  -0.0358559 0 0.0209414 0 0 -0.0403507  0.124762 0 0.216471 0 0 0.152959  0 0 0 0 0 0  
124.878 2.06828 0.0173339 -0.939169 0 0.8 0 0 -0.961209  -1.04564 0 0.542929 0 0 -1.0831  -0.0418913 0 0.020568 0 0 -0.04905  0.148358 0 0.236503 0 0 0.170945  0 0 0 0 0 0  
127.235 2.10964 0.0175325 -0.849404 0 0.8 0 0 -0.882702  -0.970406 0 0.527 0 0 -1.02572  -0.0515565 0 0.0187289 0 0 -0.0609507  0.172558 0 0.254271 0 0 0.203965  0 0 0 0 0 0  
129.591 2.15119 0.0179324 -0.858621 0 0.8 0 0 -0.881837  -0.972389 0 0.535362 0 0 -1.036  -0.0523494 0 0.0163231 0 0 -0.057434  0.166118 0 0.248315 0 0 0.211601  0 0 0 0 0 0  
131.947 2.19283 0.0174893 -0.94427 0 0.8 0 0 -0.921935  -1.03019 0 0.545266 0 0 -1.05717  -0.0500747 0 0.0183157 0 0 -0.0507801  0.135998 0 0.236418 0 0 0.186013  0 0 0 0 0 0  
134.303 2.2334 0.0166284 -1.02779 0 0.8 0 0 -0.954904  -1.09276 0 0.568867 0 0 -1.07127  -0.0453066 0 0.0235968 0 0 -0.0398259  0.110274 0 0.207536 0 0 0.156195  0 0 0 0 0 0  
136.659 2.27136 0.0157825 -1.11569 0 0.8 0 0 -1.02971  -1.16838 0 0.585423 0 0 -1.1313  -0.0441504 0 0.0221057 0 0 -0.0347743  0.0968354 0 0.192471 0 0 0.13636  0 0 0 0 0 0  
139.015 2.30879 0.0160228 -1.1178 0 0.8 0 0 -1.06488  -1.18516 0 0.598659 0 0 -1.16995  -0.0374704 0 0.0212002 0 0 -0.0272066  0.104834 0 0.180141 0 0 0.132272  0 0 0 0 0 0  
141.372 2.34691 0.0164868 -1.07433 0 0.8 0 0 -1.04719  -1.15096 0 0.586273 0 0 -1.16119  -0.0334174 0 0.0207095 0 0 -0.0312986  0.110042 0 0.193018 0 0 0.145302  0 0 0 0 0 0  
143.728 2.38662 0.0170945 -1.06185 0 0.8 0 0 -1.02749  -1.14203 0 0.584041 0 0 -1.14265  -0.0350466 0 0.0207203 0 0 -0.0265934  0.115226 0 0.195238 0 0 0.141757  0 0 0 0 0 0  
146.084 2.4268 0.0167849 -1.07214 0 0.8 0 0 -1.03868  -1.15741 0 0.580704 0 0 -1.1683  -0.0326009 0 0.016728 0 0 -0.0301309  0.117874 0 0.202568 0 0 0.159758  0 0 0 0 0 0  
148.44 2.46616 0.0169222 -1.10643 0 0.8 0 0 -1.05763  -1.17917 0 0.583166 0 0 -1.18146  -0.0275689 0 0.0184639 0 0 -0.0310581  0.100311 0 0.19837 0 0 0.154879  0 0 0 0 0 0  
150.796 2.50646 0.0170521 -1.12911 0 0.8 0 0 -1.03834  -1.20174 0 0.568551 0 0 -1.17122  -0.0392124 0 0.0187719 0 0 -0.040546  0.111837 0 0.212677 0 0 0.173428  0 0 0 0 0 0  
153.153 2.54727 0.0176474 -1.12637 0 0.8 0 0 -1.00307  -1.19976 0 0.557199 0 0 -1.15201  -0.0396015 0 0.0222793 0 0 -0.0420327  0.112992 0 0.220522 0 0 0.190977  0 0 0 0 0 0  
155.509 2.58919 0.0177919 -1.09165 0 0.8 0 0 -0.909141  -1.16766 0 0.557429 0 0 -1.06066  -0.0426061 0 0.0227813 0 0 -0.0340166  0.118615 0 0.21979 0 0 0.185539  0 0 0 0 0 0  
157.865 2.63145 0.0181774 -1.06531 0 0.8 0 0 -0.847903  -1.14991 0 0.551128 0 0 -0.998228  -0.0442012 0 0.020448 0 0 -0.0394373  0.128805 0 0.228424 0 0 0.189762  0 0 0 0 0 0  
160.221 2.67433 0.0182728 -1.04032 0 0.8 0 0 -0.815195  -1.12289 0 0.541105 0 0 -0.971654  -0.0438836 0 0.0207341 0 0 -0.0411058  0.126456 0 0.238161 0 0 0.197564  0 0 0 0 0 0  
162.577 2.71661 0.0174712 -0.998962 0 0.8 0 0 -0.834884  -1.08608 0 0.558928 0 0 -0.983769  -0.0419053 0 0.0214318 0 0 -0.0403804  0.129027 0 0.21964 0 0 0.189265  0 0 0 0 0 0  
164.934 2.75742 0.0172047 -0.974618 0 0.8 0 0 -0.877787  -1.06164 0 0.558788 0 0 -1.01839  -0.0440634 0 0.017627 0 0 -0.054634  0.131084 0 0.223585 0 0 0.195239  0 0 0 0 0 0  
167.29 2.79775 0.0170843 -0.961735 0 0.8 0 0 -0.922702  -1.04832 0 0.560363 0 0 -1.05253  -0.0437801 0 0.0192579 0 0 -0.0491549  0.130366 0 0.220379 0 0 0.178985  0 0 0 0 0 0  
169.646 2.83757 0.0164261 -0.936034 0 0.8 0 0 -0.953531  -1.02412 0 0.564834 0 0 -1.08576  -0.039868 0 0.0164848 0 0 -0.047617  0.127951 0 0.218681 0 0 0.179844  0 0 0 0 0 0  
172.002 2.87555 0.0157588 -0.973227 0 0.8 0 0 -0.99025  -1.0453 0 0.578376 0 0 -1.10732  -0.0337031 0 0.0172689 0 0 -0.0434163  0.105776 0 0.204355 0 0 0.160488  0 0 0 0 0 0  
174.358 2.91245 0.0154528 -1.03858 0 0.8 0 0 -1.08411  -1.09812 0 0.587427 0 0 -1.18462  -0.0353356 0 0.016998 0 0 -0.0432567  0.0948788 0 0.195575 0 0 0.143772  0 0 0 0 0 0  
176.715 2.9491 0.0157251 -1.07384 0 0.8 0 0 -1.1463  -1.13618 0 0.592547 0 0 -1.23979  -0.0329137 0 0.0194578 0 0 -0.0386883  0.0952536 0 0.187995 0 0 0.132185  0 0 0 0 0 0  
179.071 2.98747 0.0168568 -1.03711 0 0.8 0 0 -1.16238  -1.1077 0 0.585212 0 0 -1.25107  -0.0320108 0 0.0198753 0 0 -0.0335026  0.102596 0 0.194912 0 0 0.122193  0 0 0 0 0 0  
181.427 3.02812 0.0175384 -0.953001 0 0.8 0 0 -1.10746  -1.02775 0 0.577134 0 0 -1.2152  -0.0334882 0 0.020175 0 0 -0.0366309  0.108242 0 0.202691 0 0 0.144372  0 0 0 0 0 0  
183.783 3.06937 0.0173385 -0.888901 0 0.8 0 0 -1.04291  -0.961369 0 0.563017 0 0 -1.16549  -0.0432671 0 0.0189397 0 0 -0.040611  0.115735 0 0.218043 0 0 0.16319  0 0 0 0 0 0  
186.139 3.10858 0.0161242 -0.909606 0 0.8 0 0 -1.05537  -0.981429 0 0.571086 0 0 -1.17294  -0.0421458 0 0.0191128 0 0 -0.0354902  0.113968 0 0.209801 0 0 0.153059  0 0 0 0 0 0  
188.496 3.14586 0.0157575 -0.989717 0 0.8 0 0 -1.12851  -1.05771 0 0.579092 0 0 -1.24218  -0.042256 0 0.0174749 0 0 -0.036883  0.110247 0 0.203433 0 0 0.150553  0 0 0 0 0 0  
190.852 3.18308 0.015933 -1.01114 0 0.8 0 0 -1.13611  -1.0703 0 0.583044 0 0 -1.25262  -0.0371393 0 0.018732 0 0 -0.0388744  0.0963027 0 0.198224 0 0 0.155387  0 0 0 0 0 0  
193.208 3.22077 0.0159353 -1.02963 0 0.8 0 0 -1.08421  -1.09285 0 0.573494 0 0 -1.20206  -0.0403243 0 0.0189237 0 0 -0.0385821  0.103542 0 0.207582 0 0 0.156427  0 0 0 0 0 0  
195.564 3.25761 0.0153312 -1.07058 0 0.8 0 0 -1.04512  -1.14202 0 0.585586 0 0 -1.17198  -0.0392794 0 0.018851 0 0 -0.0331085  0.110716 0 0.195563 0 0 0.159968  0 0 0 0 0 0  
197.92 3.29318 0.0150055 -1.09408 0 0.8 0 0 -1.047  -1.16605 0 0.588972 0 0 -1.16304  -0.0323241 0 0.0215446 0 0 -0.0291218  0.1043 0 0.189484 0 0 0.14516  0 0 0 0 0 0  
200.277 3.32858 0.0151029 -1.11284 0 0.8 0 0 -1.06778  -1.18613 0 0.588492 0 0 -1.17392  -0.0352211 0 0.0223931 0 0 -0.0284523  0.108509 0 0.189115 0 0 0.134596  0 0 0 0 0 0  
202.633 3.36442 0.0154499 -1.0905 0 0.8 0 0 -1.08082  -1.17091 0 0.586672 0 0 -1.18531  -0.0333459 0 0.0225855 0 0 -0.0303763  0.113754 0 0.190742 0 0 0.134871  0 0 0 0 0 0  
204.989 3.40093 0.0158445 -1.04008 0 0.8 0 0 -1.07581  -1.13832 0 0.583924 0 0 -1.17961  -0.0338034 0 0.0173844 0 0 -0.03217  0.132035 0 0.198692 0 0 0.135975  0 0 0 0 0 0  
207.345 3.43898 0.0166592 -0.977437 0 0.8 0 0 -1.03719  -1.07301 0 0.573159 0 0 -1.15278  -0.0316069 0 0.0193922 0 0 -0.0319832  0.127179 0 0.207449 0 0 0.147578  0 0 0 0 0 0  
209.701 3.47909 0.0171905 -0.926205 0 0.8 0 0 -0.975305  -1.01028 0 0.554726 0 0 -1.09759  -0.041954 0 0.0205961 0 0 -0.0398267  0.126031 0 0.224677 0 0 0.162113  0 0 0 0 0 0  
212.058 3.52054 0.0177676 -0.865084 0 0.8 0 0 -0.887132  -0.959993 0 0.551812 0 0 -1.01964  -0.0416784 0 0.0197362 0 0 -0.035963  0.136587 0 0.228452 0 0 0.168467  0 0 0 0 0 0  
214.414 3.56304 0.0182464 -0.847239 0 0.8 0 0 -0.821595  -0.947531 0 0.528405 0 0 -0.968111  -0.059514 0 0.0183029 0 0 -0.0456235  0.159806 0 0.253292 0 0 0.192139  0 0 0 0 0 0  
216.77 3.60616 0.0183157 -0.883433 0 0.8 0 0 -0.838132  -0.988843 0 0.540789 0 0 -0.973143  -0.064377 0 0.0159547 0 0 -0.048665  0.169787 0 0.243256 0 0 0.183676  0 0 0 0 0 0  
219.126 3.64896 0.0182318 -0.921186 0 0.8 0 0 -0.876201  -1.03003 0 0.542513 0 0 -1.01257  -0.0531781 0 0.0177685 0 0 -0.0547213  0.162027 0 0.239718 0 0 0.191088  0 0 0 0 0 0  
221.482 3.69118 0.0179676 -0.9301 0 0.8 0 0 -0.923838  -1.03098 0 0.553424 0 0 -1.04751  -0.0469969 0 0.0221261 0 0 -0.0490329  0.147875 0 0.22445 0 0 0.172703  0 0 0 0 0 0  
223.838 3.73265 0.0172442 -0.938859 0 0.8 0 0 -0.956536  -1.0174 0 0.558547 0 0 -1.07622  -0.0466792 0 0.023404 0 0 -0.0364996  0.125216 0 0.218049 0 0 0.156188  0 0 0 0 0 0  
226.195 3.77242 0.0165318 -0.969819 0 0.8 0 0 -0.988254  -1.04017 0 0.573023 0 0 -1.10627  -0.0414305 0 0.0213952 0 0 -0.0372848  0.111779 0 0.205582 0 0 0.155303  0 0 0 0 0 0  
228.551 3.8114 0.0166143 -0.977923 0 0.8 0 0 -0.998379  -1.05659 0 0.582881 0 0 -1.12536  -0.0366327 0 0.0179458 0 0 -0.0317249  0.1153 0 0.199174 0 0 0.158702  0 0 0 0 0 0  
230.907 3.85017 0.01663 -0.978311 0 0.8 0 0 -0.997851  -1.05792 0 0.567472 0 0 -1.12451  -0.0392686 0 0.0211595 0 0 -0.0401535  0.118873 0 0.211369 0 0 0.166811  0 0 0 0 0 0  
233.263 3.89018 0.0173208 -0.974419 0 0.8 0 0 -1.00697  -1.05051 0 0.568067 0 0 -1.13131  -0.0356884 0 0.0213066 0 0 -0.0330784  0.111781 0 0.210627 0 0 0.15741  0 0 0 0 0 0  
235.619 3.93181 0.017683 -0.995624 0 0.8 0 0 -0.998108  -1.07703 0 0.556461 0 0 -1.13234  -0.0418706 0 0.0195533 0 0 -0.0408285  0.123277 0 0.223985 0 0 0.175064  0 0 0 0 0 0  
237.976 3.97246 0.0169087 -0.996909 0 0.8 0 0 -1.01119  -1.0798 0 0.558885 0 0 -1.14239  -0.0348298 0 0.0216483 0 0 -0.0397897  0.117718 0 0.219466 0 0 0.170991  0 0 0 0 0 0  
240.332 4.0117 0.0166209 -1.00496 0 0.8 0 0 -0.994004  -1.082 0 0.565905 0 0 -1.12512  -0.0298057 0 0.0195937 0 0 -0.0370784  0.106846 0 0.214501 0 0 0.16819  0 0 0 0 0 0  
242.688 4.05092 0.0165135 -1.01028 0 0.8 0 0 -0.978414  -1.0743 0 0.573907 0 0 -1.09701  -0.0270709 0 0.0227607 0 0 -0.0355337  0.0910898 0 0.203332 0 0 0.154126  0 0 0 0 0 0  
245.044 4.08931 0.0155904 -0.988962 0 0.8 0 0 -0.980144  -1.05075 0 0.581218 0 0 -1.0888  -0.0300761 0 0.0228312 0 0 -0.0359802  0.0918682 0 0.195951 0 0 0.144636  0 0 0 0 0 0  
247.4 4.12489 0.0149056 -0.97887 0 0.8 0 0 -1.03171  -1.05284 0 0.587656 0 0 -1.14267  -0.0340691 0 0.0194824 0 0 -0.038393  0.108043 0 0.192862 0 0 0.149348  0 0 0 0 0 0  
249.757 4.16102 0.0154853 -0.979847 0 0.8 0 0 -1.05619  -1.06537 0 0.588963 0 0 -1.17312  -0.0350612 0 0.0195413 0 0 -0.0346581  0.120586 0 0.191496 0 0 0.151589  0 0 0 0 0 0  
252.113 4.19748 0.0154717 -0.968428 0 0.8 0 0 -1.06337  -1.05503 0 0.581297 0 0 -1.18275  -0.035543 0 0.020463 0 0 -0.032772  0.122143 0 0.19824 0 0 0.152149  0 0 0 0 0 0  
254.469 4.23449 0.0156507 -0.969724 0 0.8 0 0 -1.07107  -1.05838 0 0.579819 0 0 -1.19229  -0.0344655 0 0.0190574 0 0 -0.036893  0.123119 0 0.201124 0 0 0.158111  0 0 0 0 0 0  
256.825 4.27126 0.0157217 -0.957983 0 0.8 0 0 -1.03303  -1.04262 0 0.572442 0 0 -1.16383  -0.0311437 0 0.0192522 0 0 -0.0356709  0.115781 0 0.208305 0 0 0.16647  0 0 0 0 0 0  
259.181 4.3091 0.0165046 -0.897324 0 0.8 0 0 -0.933623  -1.00766 0 0.553461 0 0 -1.1042  -0.0359406 0 0.0128275 0 0 -0.0414835  0.146279 0 0.233712 0 0 0.21206  0 0 0 0 0 0  
261.538 4.34866 0.0172218 -0.825369 0 0.8 0 0 -0.840779  -0.94756 0 0.527231 0 0 -1.02218  -0.0440393 0 0.0112993 0 0 -0.0530898  0.16623 0 0.261469 0 0 0.234492  0 0 0 0 0 0  
263.894 4.39017 0.0179347 -0.826738 0 0.8 0 0 -0.818325  -0.942285 0 0.530088 0 0 -0.987278  -0.0501886 0 0.0145425 0 0 -0.0443789  0.165736 0 0.25537 0 0 0.213332  0 0 0 0 0 0  
266.25 4.43249 0.0180769 -0.85269 0 0.8 0 0 -0.80942  -0.952345 0 0.53013 0 0 -0.978247  -0.0517463 0 0.0112923 0 0 -0.058046  0.151401 0 0.258578 0 0 0.226873  0 0 0 0 0 0  
268.606 4.47487 0.0178653 -0.886645 0 0.8 0 0 -0.865699  -0.976124 0 0.53876 0 0 -1.01119  -0.0563449 0 0.0148365 0 0 -0.0515325  0.145824 0 0.246404 0 0 0.197027  0 0 0 0 0 0  
270.962 4.51631 0.0172953 -0.939504 0 0.8 0 0 -0.919356  -1.01536 0 0.548515 0 0 -1.04183  -0.0548948 0 0.0190041 0 0 -0.0437343  0.130747 0 0.232481 0 0 0.166206  0 0 0 0 0 0  
273.319 4.55711 0.0172142 -0.97874 0 0.8 0 0 -0.931543  -1.05438 0 0.559718 0 0 -1.04208  -0.0474342 0 0.022358 0 0 -0.0391101  0.123073 0 0.217924 0 0 0.149648  0 0 0 0 0 0  
275.675 4.59754 0.017034 -1.01906 0 0.8 0 0 -0.923935  -1.08892 0 0.581048 0 0 -1.0308  -0.0433587 0 0.0217605 0 0 -0.0348057  0.113225 0 0.197192 0 0 0.141671  0 0 0 0 0 0  
278.031 4.63734 0.0167747 -1.05724 0 0.8 0 0 -0.915993  -1.12203 0 0.585074 0 0 -1.02911  -0.0399519 0 0.0164923 0 0 -0.0356632  0.104744 0 0.198434 0 0 0.148781  0 0 0 0 0 0  
280.387 4.67681 0.0169806 -1.09459 0 0.8 0 0 -0.898795  -1.16067 0 0.572627 0 0 -1.02352  -0.0409563 0 0.0143264 0 0 -0.0475434  0.107037 0 0.213047 0 0 0.172265  0 0 0 0 0 0  
282.743 4.71732 0.0177043 -1.11595 0 0.8 0 0 -0.9217  -1.17949 0 0.566289 0 0 -1.05055  -0.037336 0 0.0182743 0 0 -0.0448897  0.100874 0 0.215436 0 0 0.173736  0 0 0 0 0 0  
285.1 4.75963 0.0182496 -1.14038 0 0.8 0 0 -0.943151  -1.19722 0 0.561153 0 0 -1.06313  -0.040391 0 0.0198112 0 0 -0.0446261  0.0972346 0 0.219036 0 0 0.164605  0 0 0 0 0 0  
287.456 4.80229 0.0180334 -1.17263 0 0.8 0 0 -0.998527  -1.23508 0 0.571806 0 0 -1.11598  -0.0367363 0 0.0219495 0 0 -0.0440525  0.0991884 0 0.206244 0 0 0.161506  0 0 0 0 0 0  
289.812 4.84437 0.0173766 -1.15772 0 0.8 0 0 -0.986697  -1.22683 0 0.574308 0 0 -1.10115  -0.0364798 0 0.0255474 0 0 -0.0326524  0.105584 0 0.200145 0 0 0.147109  0 0 0 0 0 0  
292.168 4.88376 0.0163022 -1.19682 0 0.8 0 0 -0.991733  -1.26462 0 0.588515 0 0 -1.10728  -0.0318841 0 0.0212534 0 0 -0.0314046  0.0996774 0 0.190231 0 0 0.146948  0 0 0 0 0 0  
294.524 4.92244 0.0162869 -1.24199 0 0.8 0 0 -1.01275  -1.31248 0 0.584081 0 0 -1.14211  -0.0333678 0 0.0199623 0 0 -0.0359312  0.10386 0 0.195957 0 0 0.165287  0 0 0 0 0 0  
296.881 4.96081 0.016434 -1.21801 0 0.8 0 0 -0.983714  -1.2924 0 0.574917 0 0 -1.12319  -0.0327673 0 0.0218858 0 0 -0.0350824  0.107155 0 0.203197 0 0 0.174559  0 0 0 0 0 0  
299.237 5.00042 0.0173148 -1.17251 0 0.8 0 0 -0.931768  -1.25011 0 0.563562 0 0 -1.07866  -0.0271505 0 0.0220849 0 0 -0.0316466  0.104753 0 0.214353 0 0 0.178535  0 0 0 0 0 0  
