# LF_DEM version v3.0-126-gb72fb1a
# np 1000
# VF 0.76
# Lx 73.993
# Ly 0
# Lz 73.993
# flow_type shear
# data in cl units.
#1: time
#2: cumulated strain
#3: shear rate
#4-9: total stress tensor (xx, xy, xz, yz, yy, zz)
#10-15: contact stress tensor (xx, xy, xz, yz, yy, zz)
#16-21: dashpot stress tensor (xx, xy, xz, yz, yy, zz)
#22-27: hydro stress tensor (xx, xy, xz, yz, yy, zz)
#28-33: repulsion stress tensor (xx, xy, xz, yz, yy, zz)

0.00471239 0.000468869 0.0994971 -5.08552 0 4 0 0 -4.32775  -5.52648 0 2.67984 0 0 -5.05178  -0.217646 0 0.102587 0 0 -0.265009  0.658612 0 1.21757 0 0 0.989047  0 0 0 0 0 0  
0.471239 0.0294035 0.0547016 -5.36691 0 4 0 0 -4.99432  -5.58716 0 3.25372 0 0 -5.31884  -0.124735 0 0.0693673 0 0 -0.126013  0.344982 0 0.676915 0 0 0.450539  0 0 0 0 0 0  
0.942478 0.0529564 0.0467154 -5.8913 0 4 0 0 -5.8069  -6.07502 0 3.38801 0 0 -6.06843  -0.0986833 0 0.0643569 0 0 -0.101178  0.282405 0 0.547631 0 0 0.362708  0 0 0 0 0 0  
1.41372 0.073274 0.0409405 -6.36667 0 4 0 0 -6.41782  -6.50064 0 3.49737 0 0 -6.62262  -0.069029 0 0.0621259 0 0 -0.0576945  0.203004 0 0.4405 0 0 0.26249  0 0 0 0 0 0  
1.88496 0.0921706 0.0380183 -6.66123 0 4 0 0 -6.8723  -6.76441 0 3.55776 0 0 -7.03793  -0.0366989 0 0.0547828 0 0 -0.0278757  0.139884 0 0.387453 0 0 0.193504  0 0 0 0 0 0  
2.35619 0.109633 0.0359228 -6.87766 0 4 0 0 -7.13717  -6.96307 0 3.59709 0 0 -7.2943  -0.0325935 0 0.0525256 0 0 -0.0322707  0.118007 0 0.350382 0 0 0.189404  0 0 0 0 0 0  
2.82743 0.126151 0.033713 -6.99391 0 4 0 0 -7.23763  -7.07953 0 3.63004 0 0 -7.38856  -0.0321203 0 0.0467577 0 0 -0.0290968  0.117737 0 0.323204 0 0 0.18003  0 0 0 0 0 0  
3.29867 0.141335 0.0313109 -7.09618 0 4 0 0 -7.38025  -7.16593 0 3.65312 0 0 -7.50546  -0.0336981 0 0.0453297 0 0 -0.0214691  0.103454 0 0.301553 0 0 0.146674  0 0 0 0 0 0  
3.76991 0.156396 0.0321863 -7.21532 0 4 0 0 -7.44719  -7.28013 0 3.65144 0 0 -7.5588  -0.0361809 0 0.0465258 0 0 -0.01295  0.100984 0 0.302035 0 0 0.124561  0 0 0 0 0 0  
4.24115 0.171459 0.0310803 -7.18625 0 4 0 0 -7.53281  -7.24015 0 3.65564 0 0 -7.64237  -0.0311884 0 0.0480061 0 0 -0.0207121  0.0850847 0 0.296349 0 0 0.130279  0 0 0 0 0 0  
4.71239 0.185964 0.0304235 -7.1634 0 4 0 0 -7.54469  -7.22639 0 3.66631 0 0 -7.65714  -0.0306535 0 0.0468572 0 0 -0.0194719  0.0936411 0 0.286835 0 0 0.131925  0 0 0 0 0 0  
5.18363 0.200266 0.0307885 -7.24695 0 4 0 0 -7.42362  -7.3195 0 3.65339 0 0 -7.55229  -0.0326581 0 0.0452066 0 0 -0.0236043  0.105209 0 0.301402 0 0 0.152273  0 0 0 0 0 0  
5.65487 0.214574 0.0302862 -7.3468 0 4 0 0 -7.41022  -7.4187 0 3.64964 0 0 -7.54686  -0.0306521 0 0.042967 0 0 -0.0285233  0.102543 0 0.307396 0 0 0.165162  0 0 0 0 0 0  
6.12611 0.229019 0.0312797 -7.5152 0 4 0 0 -7.40587  -7.59976 0 3.62776 0 0 -7.5597  -0.0344939 0 0.0444244 0 0 -0.0343908  0.119059 0 0.327818 0 0 0.188218  0 0 0 0 0 0  
6.59734 0.243468 0.0302276 -7.84619 0 4 0 0 -7.40995  -7.93156 0 3.63794 0 0 -7.54715  -0.0310947 0 0.0434229 0 0 -0.034855  0.116465 0 0.318635 0 0 0.172057  0 0 0 0 0 0  
7.06858 0.257366 0.0292322 -7.99424 0 4 0 0 -7.2313  -8.07521 0 3.65332 0 0 -7.36592  -0.0291715 0 0.0422545 0 0 -0.0325498  0.110137 0 0.304428 0 0 0.167173  0 0 0 0 0 0  
7.53982 0.270891 0.0287115 -7.93649 0 4 0 0 -7.14202  -8.0106 0 3.66116 0 0 -7.27278  -0.0253779 0 0.0433611 0 0 -0.0344239  0.0994902 0 0.295475 0 0 0.165183  0 0 0 0 0 0  
8.01106 0.284509 0.028919 -7.86093 0 4 0 0 -7.08621  -7.92453 0 3.66132 0 0 -7.214  -0.0228118 0 0.0426542 0 0 -0.0338407  0.0864049 0 0.296026 0 0 0.16164  0 0 0 0 0 0  
8.4823 0.297868 0.028292 -7.91811 0 4 0 0 -6.98562  -7.97661 0 3.66677 0 0 -7.11573  -0.0346165 0 0.0407586 0 0 -0.0327674  0.0931129 0 0.292472 0 0 0.162873  0 0 0 0 0 0  
8.95354 0.311064 0.02751 -8.14091 0 4 0 0 -6.97845  -8.21138 0 3.66972 0 0 -7.10317  -0.0387568 0 0.0400208 0 0 -0.0331638  0.109225 0 0.290259 0 0 0.157887  0 0 0 0 0 0  
9.42478 0.323933 0.027228 -8.38545 0 4 0 0 -7.10107  -8.46268 0 3.67308 0 0 -7.23644  -0.0383362 0 0.0368642 0 0 -0.03445  0.115565 0 0.29006 0 0 0.169815  0 0 0 0 0 0  
9.89602 0.336258 0.0256681 -8.71917 0 4 0 0 -7.21532  -8.79129 0 3.68063 0 0 -7.34758  -0.0343175 0 0.0349964 0 0 -0.0346963  0.106443 0 0.284375 0 0 0.166951  0 0 0 0 0 0  
10.3673 0.348166 0.0254422 -8.95991 0 4 0 0 -7.40965  -9.01087 0 3.68868 0 0 -7.52252  -0.0273322 0 0.0374584 0 0 -0.0308743  0.0782892 0 0.273861 0 0 0.143742  0 0 0 0 0 0  
10.8385 0.359964 0.0245154 -9.05742 0 4 0 0 -7.54212  -9.10002 0 3.7075 0 0 -7.64192  -0.0271113 0 0.0383978 0 0 -0.0240248  0.0697117 0 0.254099 0 0 0.12383  0 0 0 0 0 0  
11.3097 0.371386 0.0239211 -9.04043 0 4 0 0 -7.53838  -9.08193 0 3.71415 0 0 -7.64539  -0.0228308 0 0.0399726 0 0 -0.0212221  0.0643252 0 0.245878 0 0 0.128238  0 0 0 0 0 0  
11.781 0.382581 0.0235314 -8.96731 0 4 0 0 -7.59118  -9.02729 0 3.70971 0 0 -7.71255  -0.0257241 0 0.0373177 0 0 -0.0246318  0.0857068 0 0.252976 0 0 0.146006  0 0 0 0 0 0  
12.2522 0.393547 0.0232947 -8.94938 0 4 0 0 -7.63116  -9.01334 0 3.7194 0 0 -7.75853  -0.0211803 0 0.0362097 0 0 -0.0176517  0.085138 0 0.244395 0 0 0.145019  0 0 0 0 0 0  
12.7235 0.404319 0.0228429 -8.72729 0 4 0 0 -7.62239  -8.78818 0 3.72064 0 0 -7.73464  -0.0193381 0 0.0409458 0 0 -0.0178671  0.0802289 0 0.238417 0 0 0.130115  0 0 0 0 0 0  
13.1947 0.415073 0.0227231 -8.66123 0 4 0 0 -7.66175  -8.71417 0 3.72151 0 0 -7.7707  -0.0158269 0 0.0407965 0 0 -0.011866  0.0687683 0 0.237693 0 0 0.120821  0 0 0 0 0 0  
13.6659 0.425637 0.0222828 -8.55071 0 4 0 0 -7.63933  -8.60177 0 3.72545 0 0 -7.74345  -0.0206617 0 0.0406178 0 0 -0.0147809  0.0717178 0 0.233934 0 0 0.118899  0 0 0 0 0 0  
14.1372 0.43614 0.0217392 -8.48514 0 4 0 0 -7.68902  -8.5432 0 3.72866 0 0 -7.78936  -0.0183668 0 0.0416565 0 0 -0.0126447  0.0764271 0 0.229681 0 0 0.112983  0 0 0 0 0 0  
14.6084 0.445958 0.0203092 -8.39542 0 4 0 0 -7.7154  -8.44248 0 3.73468 0 0 -7.80945  -0.0131599 0 0.0403761 0 0 -0.00737237  0.0602224 0 0.22494 0 0 0.101428  0 0 0 0 0 0  
15.0796 0.455209 0.0192626 -8.3238 0 4 0 0 -7.90396  -8.37271 0 3.75738 0 0 -7.9913  -0.00751624 0 0.0362529 0 0 -0.00311037  0.0564231 0 0.206366 0 0 0.0904579  0 0 0 0 0 0  
15.5509 0.464268 0.0195244 -8.46271 0 4 0 0 -8.0572  -8.51133 0 3.76614 0 0 -8.14152  -0.00456913 0 0.0346717 0 0 -0.00015157  0.0531852 0 0.199187 0 0 0.0844745  0 0 0 0 0 0  
16.0221 0.473338 0.0192299 -8.68967 0 4 0 0 -8.13082  -8.72348 0 3.77153 0 0 -8.1955  -0.00528544 0 0.0356028 0 0 -0.00233919  0.0390955 0 0.192871 0 0 0.0670186  0 0 0 0 0 0  
16.4934 0.482693 0.0199771 -8.81081 0 4 0 0 -8.05568  -8.85322 0 3.76516 0 0 -8.12173  -0.0107031 0 0.0371442 0 0 -0.0110246  0.0531206 0 0.197696 0 0 0.0770717  0 0 0 0 0 0  
16.9646 0.492466 0.0214406 -8.67355 0 4 0 0 -8.06035  -8.71427 0 3.75332 0 0 -8.1348  -0.0177566 0 0.0419249 0 0 -0.0144079  0.0584726 0 0.204758 0 0 0.0888621  0 0 0 0 0 0  
17.4358 0.50253 0.0220974 -8.46003 0 4 0 0 -8.10752  -8.50115 0 3.74128 0 0 -8.18014  -0.0162208 0 0.0446306 0 0 -0.0137458  0.0573393 0 0.214093 0 0 0.0863714  0 0 0 0 0 0  
17.9071 0.512529 0.0203994 -8.48088 0 4 0 0 -8.14948  -8.51989 0 3.75713 0 0 -8.2099  -0.016613 0 0.0422271 0 0 -0.0154205  0.0556188 0 0.200645 0 0 0.0758419  0 0 0 0 0 0  
18.3783 0.521862 0.0191071 -8.5053 0 4 0 0 -8.25337  -8.53908 0 3.76986 0 0 -8.30896  -0.0142283 0 0.0426282 0 0 -0.0172741  0.0480111 0 0.187513 0 0 0.0728724  0 0 0 0 0 0  
18.8496 0.530829 0.01874 -8.64806 0 4 0 0 -8.41951  -8.68797 0 3.77924 0 0 -8.4719  -0.0139429 0 0.0401376 0 0 -0.0166595  0.0538555 0 0.180623 0 0 0.0690483  0 0 0 0 0 0  
19.3208 0.539551 0.0181012 -8.75066 0 4 0 0 -8.53697  -8.79486 0 3.79537 0 0 -8.58104  -0.0129984 0 0.0374243 0 0 -0.0161163  0.0571969 0 0.167201 0 0 0.0601898  0 0 0 0 0 0  
19.792 0.547759 0.0168383 -8.67921 0 4 0 0 -8.59241  -8.70982 0 3.80814 0 0 -8.63586  -0.013918 0 0.0354039 0 0 -0.0115678  0.0445321 0 0.156458 0 0 0.0550162  0 0 0 0 0 0  
20.2633 0.55578 0.0170872 -8.31094 0 4 0 0 -8.48105  -8.34826 0 3.80872 0 0 -8.53563  -0.0127309 0 0.0350776 0 0 -0.00988139  0.0500532 0 0.1562 0 0 0.0644568  0 0 0 0 0 0  
20.7345 0.563663 0.0167588 -8.05314 0 4 0 0 -8.34743  -8.1006 0 3.81277 0 0 -8.40831  -0.0129573 0 0.0334792 0 0 -0.00906388  0.0604252 0 0.153747 0 0 0.0699481  0 0 0 0 0 0  
21.2058 0.571599 0.0171726 -7.77926 0 4 0 0 -8.20611  -7.83671 0 3.80602 0 0 -8.27597  -0.0119515 0 0.0339911 0 0 -0.00886535  0.069402 0 0.159985 0 0 0.0787308  0 0 0 0 0 0  
21.677 0.579771 0.0174937 -7.46993 0 4 0 0 -8.18909  -7.52226 0 3.80343 0 0 -8.26009  -0.0132341 0 0.0329393 0 0 -0.00712315  0.0655721 0 0.163627 0 0 0.078123  0 0 0 0 0 0  
22.1482 0.588073 0.0179427 -7.24731 0 4 0 0 -8.17615  -7.30179 0 3.7894 0 0 -8.25612  -0.0166186 0 0.0317473 0 0 -0.00679471  0.0711004 0 0.178855 0 0 0.0867637  0 0 0 0 0 0  
22.6195 0.596444 0.0177467 -7.16754 0 4 0 0 -8.29  -7.21471 0 3.79197 0 0 -8.36529  -0.0136464 0 0.0302084 0 0 -0.00514835  0.0608224 0 0.17782 0 0 0.0804386  0 0 0 0 0 0  
23.0907 0.604723 0.0176463 -7.14296 0 4 0 0 -8.39888  -7.17803 0 3.79935 0 0 -8.45966  -0.0133972 0 0.0315445 0 0 -0.00361266  0.0484632 0 0.169109 0 0 0.0643923  0 0 0 0 0 0  
23.5619 0.613002 0.0177316 -6.99682 0 4 0 0 -8.33936  -7.03074 0 3.80243 0 0 -8.39795  -0.0137847 0 0.0318618 0 0 -0.00332949  0.0477005 0 0.165704 0 0 0.0619266  0 0 0 0 0 0  
24.0332 0.621469 0.018365 -6.79644 0 4 0 0 -8.30729  -6.83716 0 3.79389 0 0 -8.36811  -0.0181055 0 0.0321518 0 0 -0.00948091  0.0588264 0 0.173959 0 0 0.0703057  0 0 0 0 0 0  
24.5044 0.630415 0.0190181 -6.68808 0 4 0 0 -8.35707  -6.73998 0 3.77999 0 0 -8.43289  -0.0195363 0 0.0353432 0 0 -0.0128018  0.0714331 0 0.18467 0 0 0.0886161  0 0 0 0 0 0  
24.9757 0.639509 0.0196063 -6.6344 0 4 0 0 -8.37121  -6.70043 0 3.77 0 0 -8.45828  -0.0154828 0 0.0361591 0 0 -0.0150694  0.0815182 0 0.193843 0 0 0.102136  0 0 0 0 0 0  
25.4469 0.648714 0.0204142 -6.41971 0 4 0 0 -8.30252  -6.48258 0 3.75597 0 0 -8.38472  -0.0178587 0 0.0399366 0 0 -0.0132195  0.0807279 0 0.204094 0 0 0.0954205  0 0 0 0 0 0  
25.9181 0.658331 0.02036 -6.43788 0 4 0 0 -8.28804  -6.49693 0 3.75797 0 0 -8.37059  -0.023219 0 0.0368896 0 0 -0.0114371  0.0822691 0 0.20514 0 0 0.0939929  0 0 0 0 0 0  
26.3894 0.66818 0.0212011 -6.55221 0 4 0 0 -8.23358  -6.60573 0 3.74883 0 0 -8.30766  -0.027385 0 0.0382933 0 0 -0.0111535  0.0809017 0 0.212875 0 0 0.0852414  0 0 0 0 0 0  
26.8606 0.67831 0.0218039 -6.6446 0 4 0 0 -8.09969  -6.69559 0 3.73754 0 0 -8.17306  -0.025907 0 0.0389747 0 0 -0.0118728  0.0769047 0 0.22349 0 0 0.0852443  0 0 0 0 0 0  
27.3319 0.688836 0.0227432 -6.77044 0 4 0 0 -7.91749  -6.83261 0 3.72823 0 0 -8.00565  -0.0271287 0 0.0409603 0 0 -0.012545  0.0893063 0 0.230807 0 0 0.100697  0 0 0 0 0 0  
27.8031 0.699548 0.0224033 -6.86229 0 4 0 0 -7.77128  -6.9201 0 3.71877 0 0 -7.8642  -0.0294923 0 0.0413674 0 0 -0.0215325  0.0873068 0 0.239865 0 0 0.114456  0 0 0 0 0 0  
28.2743 0.710142 0.0227553 -6.92445 0 4 0 0 -7.58948  -6.98256 0 3.71962 0 0 -7.68328  -0.0332213 0 0.0404082 0 0 -0.0168466  0.0913334 0 0.239972 0 0 0.110639  0 0 0 0 0 0  
28.7456 0.721044 0.024262 -7.06914 0 4 0 0 -7.50766  -7.12189 0 3.69889 0 0 -7.60242  -0.0394494 0 0.044382 0 0 -0.0174519  0.0921973 0 0.256729 0 0 0.112216  0 0 0 0 0 0  
29.2168 0.732447 0.0242644 -7.07998 0 4 0 0 -7.40757  -7.1368 0 3.69723 0 0 -7.4914  -0.0351183 0 0.0441112 0 0 -0.0231994  0.0919394 0 0.258656 0 0 0.107032  0 0 0 0 0 0  
29.6881 0.743609 0.0240244 -7.11328 0 4 0 0 -7.22373  -7.18603 0 3.67921 0 0 -7.31416  -0.031598 0 0.0459865 0 0 -0.0277872  0.104353 0 0.274803 0 0 0.118216  0 0 0 0 0 0  
30.1593 0.754708 0.0233759 -7.17906 0 4 0 0 -7.17573  -7.24453 0 3.68988 0 0 -7.25815  -0.0297012 0 0.0483158 0 0 -0.0266972  0.0951683 0 0.261808 0 0 0.109112  0 0 0 0 0 0  
30.6305 0.765248 0.0220709 -7.41668 0 4 0 0 -7.18256  -7.48663 0 3.71437 0 0 -7.26367  -0.0281069 0 0.0413405 0 0 -0.0237911  0.0980615 0 0.244285 0 0 0.104899  0 0 0 0 0 0  
31.1018 0.774951 0.0194678 -7.58437 0 4 0 0 -7.22935  -7.63442 0 3.74764 0 0 -7.29537  -0.0265639 0 0.0381746 0 0 -0.01722  0.0766204 0 0.214189 0 0 0.0832349  0 0 0 0 0 0  
31.573 0.784134 0.0193206 -7.56746 0 4 0 0 -7.3665  -7.62004 0 3.7612 0 0 -7.43864  -0.0267524 0 0.0359269 0 0 -0.0165513  0.0793366 0 0.20287 0 0 0.0886964  0 0 0 0 0 0  
32.0442 0.793245 0.0198438 -7.64017 0 4 0 0 -7.38814  -7.68143 0 3.75998 0 0 -7.46141  -0.0243256 0 0.034621 0 0 -0.012707  0.0655851 0 0.205394 0 0 0.085977  0 0 0 0 0 0  
32.5155 0.802662 0.0199748 -7.67374 0 4 0 0 -7.32883  -7.72471 0 3.75676 0 0 -7.4252  -0.0258677 0 0.0337059 0 0 -0.00994182  0.0768343 0 0.209535 0 0 0.106316  0 0 0 0 0 0  
32.9867 0.812022 0.0199731 -7.63414 0 4 0 0 -7.21483  -7.68689 0 3.75239 0 0 -7.31616  -0.0236876 0 0.036856 0 0 -0.010862  0.0764373 0 0.21075 0 0 0.112192  0 0 0 0 0 0  
33.458 0.821508 0.0200547 -7.58106 0 4 0 0 -7.24318  -7.62531 0 3.74821 0 0 -7.3411  -0.0294523 0 0.0420165 0 0 -0.0129225  0.0736959 0 0.209773 0 0 0.110843  0 0 0 0 0 0  
33.9292 0.831031 0.0199746 -7.66719 0 4 0 0 -7.42308  -7.71699 0 3.75943 0 0 -7.52434  -0.0237414 0 0.040205 0 0 -0.00849267  0.0735498 0 0.200365 0 0 0.109754  0 0 0 0 0 0  
34.4004 0.840071 0.0190713 -7.81531 0 4 0 0 -7.51049  -7.86124 0 3.7769 0 0 -7.59074  -0.0187212 0 0.0373514 0 0 -0.0107752  0.0646508 0 0.185749 0 0 0.0910242  0 0 0 0 0 0  
34.8717 0.849192 0.0200692 -8.01816 0 4 0 0 -7.5715  -8.06635 0 3.76597 0 0 -7.6484  -0.0214672 0 0.0372306 0 0 -0.0134746  0.0696548 0 0.196798 0 0 0.0903686  0 0 0 0 0 0  
35.3429 0.858673 0.0198831 -8.06854 0 4 0 0 -7.47797  -8.11519 0 3.77214 0 0 -7.54143  -0.016168 0 0.035401 0 0 -0.0126655  0.0628194 0 0.192461 0 0 0.0761312  0 0 0 0 0 0  
35.8142 0.86812 0.0200335 -8.1621 0 4 0 0 -7.39629  -8.22094 0 3.77187 0 0 -7.46749  -0.0262732 0 0.0322139 0 0 -0.0185299  0.0851072 0 0.195914 0 0 0.0897373  0 0 0 0 0 0  
36.2854 0.87767 0.0203868 -8.15814 0 4 0 0 -7.29084  -8.2211 0 3.75358 0 0 -7.36258  -0.022936 0 0.0300465 0 0 -0.0168065  0.0858958 0 0.216369 0 0 0.0885416  0 0 0 0 0 0  
36.7566 0.887247 0.020343 -8.20966 0 4 0 0 -7.32434  -8.26669 0 3.75326 0 0 -7.39202  -0.0278861 0 0.0335647 0 0 -0.0220923  0.0849138 0 0.213171 0 0 0.0897753  0 0 0 0 0 0  
37.2279 0.896752 0.0205819 -8.10771 0 4 0 0 -7.37055  -8.15624 0 3.74994 0 0 -7.43605  -0.030828 0 0.0360432 0 0 -0.0204707  0.0793583 0 0.214021 0 0 0.0859705  0 0 0 0 0 0  
37.6991 0.906553 0.0212946 -8.11196 0 4 0 0 -7.37038  -8.15424 0 3.74251 0 0 -7.43566  -0.0323899 0 0.0378969 0 0 -0.0205451  0.0746661 0 0.219595 0 0 0.0858249  0 0 0 0 0 0  
38.1704 0.916675 0.021556 -8.09054 0 4 0 0 -7.28568  -8.12873 0 3.74266 0 0 -7.35766  -0.0349675 0 0.0345327 0 0 -0.0164916  0.073153 0 0.222812 0 0 0.0884719  0 0 0 0 0 0  
38.6416 0.927433 0.0238562 -7.9038 0 4 0 0 -7.11571  -7.9505 0 3.70603 0 0 -7.20235  -0.0405759 0 0.0378112 0 0 -0.0168709  0.0872735 0 0.256161 0 0 0.103508  0 0 0 0 0 0  
39.1128 0.939069 0.0254315 -7.86941 0 4 0 0 -6.97107  -7.91947 0 3.68073 0 0 -7.05894  -0.0428028 0 0.0395977 0 0 -0.0164089  0.0928571 0 0.279668 0 0 0.104274  0 0 0 0 0 0  
39.5841 0.951051 0.0255903 -7.80226 0 4 0 0 -6.98965  -7.84688 0 3.66667 0 0 -7.07967  -0.0399888 0 0.0418471 0 0 -0.026685  0.084608 0 0.291484 0 0 0.116704  0 0 0 0 0 0  
40.0553 0.963123 0.0251117 -7.73248 0 4 0 0 -7.0118  -7.78174 0 3.68321 0 0 -7.09362  -0.0353889 0 0.0398213 0 0 -0.0314104  0.0846502 0 0.276969 0 0 0.113224  0 0 0 0 0 0  
40.5265 0.974947 0.0248483 -7.65944 0 4 0 0 -7.0373  -7.72151 0 3.7013 0 0 -7.13001  -0.0296944 0 0.0406004 0 0 -0.0227123  0.0917596 0 0.258097 0 0 0.115421  0 0 0 0 0 0  
40.9978 0.986768 0.0255734 -7.57872 0 4 0 0 -6.97314  -7.65876 0 3.69196 0 0 -7.0872  -0.0275959 0 0.0420565 0 0 -0.0219358  0.107638 0 0.265984 0 0 0.135994  0 0 0 0 0 0  
41.469 0.998893 0.0268137 -7.61745 0 4 0 0 -6.85029  -7.70847 0 3.67759 0 0 -6.97257  -0.0307626 0 0.044123 0 0 -0.024979  0.121786 0 0.27829 0 0 0.147264  0 0 0 0 0 0  
41.9403 1.01184 0.0279524 -7.75311 0 4 0 0 -6.69218  -7.85605 0 3.66103 0 0 -6.83202  -0.0312081 0 0.0476798 0 0 -0.028022  0.134143 0 0.291291 0 0 0.167861  0 0 0 0 0 0  
42.4115 1.02488 0.0270265 -7.93797 0 4 0 0 -6.64058  -8.04305 0 3.67468 0 0 -6.78387  -0.0294164 0 0.0452313 0 0 -0.0259685  0.134496 0 0.280093 0 0 0.169258  0 0 0 0 0 0  
42.8827 1.0375 0.0265105 -8.03205 0 4 0 0 -6.61178  -8.14121 0 3.67674 0 0 -6.74452  -0.0242289 0 0.0437904 0 0 -0.0203691  0.133392 0 0.279467 0 0 0.153112  0 0 0 0 0 0  
43.354 1.0499 0.0263532 -8.08003 0 4 0 0 -6.63844  -8.17916 0 3.68428 0 0 -6.77042  -0.0210778 0 0.0446746 0 0 -0.0138688  0.120203 0 0.271043 0 0 0.145844  0 0 0 0 0 0  
43.8252 1.06257 0.0278386 -8.04162 0 4 0 0 -6.72621  -8.14066 0 3.67596 0 0 -6.84967  -0.0211989 0 0.0471658 0 0 -0.013857  0.120234 0 0.276875 0 0 0.137321  0 0 0 0 0 0  
44.2965 1.07541 0.0269669 -7.88601 0 4 0 0 -6.78454  -7.99466 0 3.68049 0 0 -6.92592  -0.0190523 0 0.0426297 0 0 -0.0105914  0.12771 0 0.276879 0 0 0.151972  0 0 0 0 0 0  
44.7677 1.08792 0.0273754 -7.65725 0 4 0 0 -6.86727  -7.76833 0 3.6636 0 0 -7.01294  -0.0133604 0 0.045834 0 0 -0.0122944  0.124446 0 0.290562 0 0 0.157966  0 0 0 0 0 0  
45.2389 1.10092 0.0275588 -7.44008 0 4 0 0 -6.8149  -7.56234 0 3.64544 0 0 -6.98234  -0.0108283 0 0.0447228 0 0 -0.0144008  0.133088 0 0.309839 0 0 0.181837  0 0 0 0 0 0  
45.7102 1.114 0.0279258 -7.33512 0 4 0 0 -6.80751  -7.4567 0 3.6253 0 0 -7.00055  -0.0242484 0 0.0447925 0 0 -0.0158785  0.145833 0 0.329905 0 0 0.208917  0 0 0 0 0 0  
46.1814 1.1272 0.0276474 -7.21219 0 4 0 0 -6.89135  -7.33309 0 3.63295 0 0 -7.07251  -0.026039 0 0.040436 0 0 -0.0206077  0.146943 0 0.326617 0 0 0.201775  0 0 0 0 0 0  
46.6527 1.1399 0.0264063 -7.00704 0 4 0 0 -6.85021  -7.11913 0 3.65376 0 0 -7.01775  -0.026523 0 0.0413979 0 0 -0.018697  0.138612 0 0.304844 0 0 0.186234  0 0 0 0 0 0  
47.1239 1.15209 0.0260166 -6.91864 0 4 0 0 -6.8808  -7.01207 0 3.68151 0 0 -7.02483  -0.0257868 0 0.0433218 0 0 -0.0127086  0.119216 0 0.275169 0 0 0.156737  0 0 0 0 0 0  
47.5951 1.16432 0.0259281 -6.9413 0 4 0 0 -6.76339  -7.04677 0 3.66769 0 0 -6.9155  -0.0263231 0 0.0439706 0 0 -0.0206709  0.131791 0 0.288343 0 0 0.172781  0 0 0 0 0 0  
48.0664 1.17631 0.0250143 -7.05735 0 4 0 0 -6.69285  -7.15109 0 3.68043 0 0 -6.8408  -0.0272872 0 0.0441192 0 0 -0.0223132  0.121026 0 0.275448 0 0 0.170268  0 0 0 0 0 0  
48.5376 1.18811 0.0248964 -7.05702 0 4 0 0 -6.67399  -7.15919 0 3.68517 0 0 -6.8244  -0.0309128 0 0.043318 0 0 -0.0218422  0.133087 0 0.271514 0 0 0.172256  0 0 0 0 0 0  
49.0088 1.19999 0.0253149 -6.95508 0 4 0 0 -6.67723  -7.05928 0 3.68307 0 0 -6.82307  -0.0335704 0 0.043399 0 0 -0.026708  0.137769 0 0.273533 0 0 0.172547  0 0 0 0 0 0  
49.4801 1.21198 0.0253788 -6.86714 0 4 0 0 -6.83516  -6.96227 0 3.68693 0 0 -6.96072  -0.0326751 0 0.0447396 0 0 -0.0262898  0.127803 0 0.268327 0 0 0.151847  0 0 0 0 0 0  
49.9513 1.2238 0.024876 -6.87008 0 4 0 0 -6.98147  -6.96486 0 3.70599 0 0 -7.09565  -0.0238225 0 0.044819 0 0 -0.0160535  0.118605 0 0.249196 0 0 0.130229  0 0 0 0 0 0  
50.4226 1.23571 0.0252703 -6.85777 0 4 0 0 -7.12208  -6.94704 0 3.70383 0 0 -7.23082  -0.0232092 0 0.0438995 0 0 -0.0180611  0.112478 0 0.252269 0 0 0.126795  0 0 0 0 0 0  
50.8938 1.24743 0.0248856 -6.72595 0 4 0 0 -7.22289  -6.81673 0 3.71603 0 0 -7.34285  -0.0249692 0 0.0430831 0 0 -0.0118508  0.115747 0 0.240889 0 0 0.131803  0 0 0 0 0 0  
51.365 1.25942 0.0254936 -6.54452 0 4 0 0 -7.07613  -6.63142 0 3.69847 0 0 -7.20398  -0.0316609 0 0.0436589 0 0 -0.0187415  0.118558 0 0.257874 0 0 0.146597  0 0 0 0 0 0  
51.8363 1.27145 0.0253973 -6.519 0 4 0 0 -6.95624  -6.61335 0 3.68779 0 0 -7.089  -0.0379076 0 0.0456888 0 0 -0.0205833  0.132252 0 0.266523 0 0 0.153346  0 0 0 0 0 0  
52.3075 1.28331 0.0250992 -6.54153 0 4 0 0 -6.87533  -6.65499 0 3.69156 0 0 -7.00809  -0.0293982 0 0.0415032 0 0 -0.0235002  0.142858 0 0.266934 0 0 0.156264  0 0 0 0 0 0  
52.7788 1.29535 0.0253288 -6.62661 0 4 0 0 -6.87664  -6.74127 0 3.69563 0 0 -7.0058  -0.0285985 0 0.0397609 0 0 -0.0199506  0.143266 0 0.264607 0 0 0.149104  0 0 0 0 0 0  
53.25 1.30719 0.0253089 -6.5765 0 4 0 0 -6.91239  -6.69537 0 3.69434 0 0 -7.03888  -0.029978 0 0.0390857 0 0 -0.0228868  0.148848 0 0.26657 0 0 0.149386  0 0 0 0 0 0  
53.7212 1.31925 0.0263877 -6.62895 0 4 0 0 -6.96425  -6.73537 0 3.68837 0 0 -7.0893  -0.0320563 0 0.0444019 0 0 -0.0205695  0.138477 0 0.267227 0 0 0.14562  0 0 0 0 0 0  
54.1925 1.3317 0.0268812 -6.63115 0 4 0 0 -6.98057  -6.73927 0 3.67799 0 0 -7.10412  -0.0302192 0 0.0413799 0 0 -0.0212601  0.13834 0 0.280628 0 0 0.144808  0 0 0 0 0 0  
54.6637 1.34405 0.0257548 -6.69493 0 4 0 0 -6.96658  -6.80168 0 3.68238 0 0 -7.07871  -0.0387775 0 0.0376044 0 0 -0.0303031  0.145521 0 0.280013 0 0 0.142429  0 0 0 0 0 0  
55.135 1.35623 0.0262249 -6.7992 0 4 0 0 -7.09176  -6.88607 0 3.67913 0 0 -7.19584  -0.0374871 0 0.0387952 0 0 -0.0279123  0.124352 0 0.282079 0 0 0.131993  0 0 0 0 0 0  
55.6062 1.36872 0.0265727 -6.93834 0 4 0 0 -7.23041  -7.0168 0 3.6723 0 0 -7.32207  -0.0402284 0 0.0442516 0 0 -0.0359418  0.118689 0 0.283446 0 0 0.127605  0 0 0 0 0 0  
56.0774 1.38138 0.0267495 -6.96008 0 4 0 0 -7.30484  -7.04247 0 3.67378 0 0 -7.40762  -0.0421993 0 0.043758 0 0 -0.0346549  0.124591 0 0.282464 0 0 0.137441  0 0 0 0 0 0  
56.5487 1.39367 0.0260673 -6.96771 0 4 0 0 -7.38778  -7.05986 0 3.67888 0 0 -7.51064  -0.0348693 0 0.0406994 0 0 -0.0298052  0.127018 0 0.280417 0 0 0.152669  0 0 0 0 0 0  
57.0199 1.40602 0.026208 -6.95596 0 4 0 0 -7.55191  -7.03577 0 3.6844 0 0 -7.67062  -0.0335299 0 0.04303 0 0 -0.0221291  0.11334 0 0.272569 0 0 0.140837  0 0 0 0 0 0  
57.4911 1.4182 0.0254571 -6.84666 0 4 0 0 -7.71642  -6.91995 0 3.68846 0 0 -7.83557  -0.0364206 0 0.0389249 0 0 -0.0284997  0.109711 0 0.272611 0 0 0.147644  0 0 0 0 0 0  
57.9624 1.4305 0.0263553 -6.77249 0 4 0 0 -7.70804  -6.83705 0 3.66476 0 0 -7.83048  -0.0394254 0 0.0380102 0 0 -0.0310393  0.103989 0 0.29723 0 0 0.153478  0 0 0 0 0 0  
58.4336 1.44287 0.0260599 -6.76647 0 4 0 0 -7.79317  -6.81732 0 3.66223 0 0 -7.89887  -0.0410859 0 0.0418349 0 0 -0.0326265  0.091934 0 0.295936 0 0 0.138325  0 0 0 0 0 0  
58.9049 1.45517 0.0255461 -6.71906 0 4 0 0 -7.90983  -6.77824 0 3.67651 0 0 -8.00959  -0.043056 0 0.0403856 0 0 -0.0288024  0.102238 0 0.283101 0 0 0.128559  0 0 0 0 0 0  
59.3761 1.4673 0.0255445 -6.57453 0 4 0 0 -8.04387  -6.63784 0 3.6849 0 0 -8.14596  -0.0381658 0 0.0410446 0 0 -0.0270524  0.101475 0 0.274056 0 0 0.12914  0 0 0 0 0 0  
59.8473 1.47935 0.0253772 -6.49924 0 4 0 0 -8.16423  -6.5729 0 3.69499 0 0 -8.2862  -0.0386975 0 0.038053 0 0 -0.0272789  0.112352 0 0.266957 0 0 0.149247  0 0 0 0 0 0  
60.3186 1.49104 0.0243348 -6.36878 0 4 0 0 -8.11121  -6.42889 0 3.70886 0 0 -8.2128  -0.0378334 0 0.0386256 0 0 -0.0289241  0.0979383 0 0.25251 0 0 0.130518  0 0 0 0 0 0  
60.7898 1.50257 0.024759 -6.26885 0 4 0 0 -7.92  -6.33417 0 3.7 0 0 -8.05015  -0.0387869 0 0.0420014 0 0 -0.0202205  0.104109 0 0.257999 0 0 0.150376  0 0 0 0 0 0  
61.2611 1.51427 0.0250216 -6.20016 0 4 0 0 -7.64126  -6.27797 0 3.69704 0 0 -7.78201  -0.0417552 0 0.0430094 0 0 -0.0176059  0.119561 0 0.259953 0 0 0.158358  0 0 0 0 0 0  
61.7323 1.5256 0.0232799 -6.49196 0 4 0 0 -7.30687  -6.55772 0 3.71694 0 0 -7.44447  -0.0368868 0 0.0438339 0 0 -0.010811  0.102646 0 0.239222 0 0 0.148409  0 0 0 0 0 0  
62.2035 1.53635 0.0222226 -6.80416 0 4 0 0 -7.2354  -6.86371 0 3.72431 0 0 -7.37294  -0.0381912 0 0.0389769 0 0 -0.0140056  0.0977403 0 0.236718 0 0 0.151554  0 0 0 0 0 0  
62.6748 1.54689 0.0217127 -7.06113 0 4 0 0 -7.15036  -7.11581 0 3.73622 0 0 -7.2835  -0.0320536 0 0.0348642 0 0 -0.0118217  0.0867248 0 0.228916 0 0 0.144967  0 0 0 0 0 0  
63.146 1.55701 0.0214766 -7.17593 0 4 0 0 -6.98415  -7.2334 0 3.75573 0 0 -7.10684  -0.0243266 0 0.0308712 0 0 -0.00524019  0.081801 0 0.213396 0 0 0.12793  0 0 0 0 0 0  
63.6173 1.56725 0.0217611 -7.34595 0 4 0 0 -6.9334  -7.39417 0 3.74991 0 0 -7.04881  -0.0275163 0 0.0315595 0 0 -0.00814337  0.0757395 0 0.218526 0 0 0.123554  0 0 0 0 0 0  
64.0885 1.5774 0.0216432 -7.44008 0 4 0 0 -6.9257  -7.48504 0 3.75143 0 0 -7.04027  -0.0270712 0 0.0328636 0 0 -0.0107675  0.0720282 0 0.215707 0 0 0.125338  0 0 0 0 0 0  
64.5597 1.58755 0.0213516 -7.40735 0 4 0 0 -6.7144  -7.44541 0 3.74619 0 0 -6.82982  -0.0264173 0 0.0356838 0 0 -0.00839482  0.0644806 0 0.218122 0 0 0.123813  0 0 0 0 0 0  
65.031 1.59753 0.0213579 -7.40728 0 4 0 0 -6.70972  -7.45931 0 3.74512 0 0 -6.82414  -0.0243424 0 0.0362804 0 0 -0.00557884  0.0763708 0 0.2186 0 0 0.120003  0 0 0 0 0 0  
65.5022 1.6077 0.0220628 -7.41057 0 4 0 0 -6.65726  -7.48375 0 3.73993 0 0 -6.78647  -0.0183574 0 0.0360784 0 0 -0.00517214  0.0915321 0 0.223988 0 0 0.134382  0 0 0 0 0 0  
65.9734 1.61798 0.0218509 -7.44719 0 4 0 0 -6.62096  -7.52558 0 3.7429 0 0 -6.75533  -0.0174479 0 0.0364436 0 0 -0.00913293  0.0958312 0 0.220656 0 0 0.1435  0 0 0 0 0 0  
66.4447 1.62826 0.0222351 -7.49618 0 4 0 0 -6.6286  -7.57861 0 3.73509 0 0 -6.75392  -0.0172251 0 0.0348045 0 0 -0.0125064  0.0996477 0 0.23011 0 0 0.13782  0 0 0 0 0 0  
66.9159 1.63889 0.0223957 -7.46667 0 4 0 0 -6.63722  -7.53958 0 3.72396 0 0 -6.75199  -0.0251246 0 0.0347602 0 0 -0.0176627  0.0980301 0 0.241282 0 0 0.132437  0 0 0 0 0 0  
67.3872 1.64926 0.0216255 -7.45145 0 4 0 0 -6.48745  -7.51102 0 3.73371 0 0 -6.59318  -0.0262781 0 0.0338501 0 0 -0.0164692  0.0858556 0 0.232437 0 0 0.122198  0 0 0 0 0 0  
67.8584 1.65928 0.0209317 -7.33737 0 4 0 0 -6.36156  -7.40182 0 3.74921 0 0 -6.46605  -0.0239681 0 0.0311934 0 0 -0.0158052  0.0884156 0 0.219594 0 0 0.120301  0 0 0 0 0 0  
68.3296 1.66925 0.0217496 -7.23001 0 4 0 0 -6.18316  -7.30034 0 3.73178 0 0 -6.29023  -0.0285327 0 0.0310056 0 0 -0.0271979  0.0988533 0 0.23721 0 0 0.134268  0 0 0 0 0 0  
68.8009 1.67973 0.0229503 -7.12612 0 4 0 0 -6.11079  -7.2027 0 3.70131 0 0 -6.22334  -0.0337183 0 0.0316723 0 0 -0.0350376  0.110296 0 0.26702 0 0 0.147589  0 0 0 0 0 0  
69.2721 1.69066 0.0229193 -7.16638 0 4 0 0 -6.22569  -7.25056 0 3.7066 0 0 -6.35231  -0.0282256 0 0.0314212 0 0 -0.030434  0.112407 0 0.261981 0 0 0.157053  0 0 0 0 0 0  
69.7434 1.7016 0.0231283 -7.30996 0 4 0 0 -6.3821  -7.39673 0 3.70599 0 0 -6.4886  -0.0286322 0 0.0333963 0 0 -0.0271601  0.115398 0 0.260615 0 0 0.133665  0 0 0 0 0 0  
70.2146 1.71243 0.022913 -7.48179 0 4 0 0 -6.54396  -7.56345 0 3.71475 0 0 -6.64636  -0.0246493 0 0.0331146 0 0 -0.0284964  0.106313 0 0.252139 0 0 0.130905  0 0 0 0 0 0  
70.6858 1.72313 0.022699 -7.62546 0 4 0 0 -6.68712  -7.69094 0 3.72389 0 0 -6.77742  -0.0219758 0 0.035727 0 0 -0.0256711  0.0874542 0 0.240387 0 0 0.115969  0 0 0 0 0 0  
71.1571 1.73387 0.0231653 -7.64261 0 4 0 0 -6.73136  -7.71063 0 3.72703 0 0 -6.82229  -0.0245982 0 0.0357101 0 0 -0.0256782  0.0926226 0 0.237261 0 0 0.116603  0 0 0 0 0 0  
71.6283 1.74476 0.0235475 -7.54261 0 4 0 0 -6.66984  -7.61254 0 3.71633 0 0 -6.7638  -0.0223737 0 0.0405656 0 0 -0.0203606  0.0923059 0 0.243102 0 0 0.114321  0 0 0 0 0 0  
72.0996 1.75584 0.0239732 -7.41297 0 4 0 0 -6.67438  -7.48664 0 3.71862 0 0 -6.77547  -0.0207411 0 0.0391648 0 0 -0.0190983  0.0944063 0 0.242216 0 0 0.120193  0 0 0 0 0 0  
72.5708 1.76737 0.0257527 -7.22485 0 4 0 0 -6.77819  -7.32118 0 3.68012 0 0 -6.89674  -0.021622 0 0.0461692 0 0 -0.0261352  0.117947 0 0.273709 0 0 0.144681  0 0 0 0 0 0  
73.042 1.77967 0.026564 -7.02187 0 4 0 0 -6.63875  -7.13458 0 3.66679 0 0 -6.77343  -0.0319731 0 0.0464412 0 0 -0.0221972  0.144684 0 0.286772 0 0 0.156882  0 0 0 0 0 0  
73.5133 1.79203 0.0262247 -6.86458 0 4 0 0 -6.52023  -6.98079 0 3.66538 0 0 -6.66906  -0.03252 0 0.0462028 0 0 -0.0221886  0.148731 0 0.288421 0 0 0.171014  0 0 0 0 0 0  
73.9845 1.80436 0.0259179 -6.80272 0 4 0 0 -6.58561  -6.91355 0 3.66678 0 0 -6.72974  -0.0311315 0 0.0454468 0 0 -0.0249361  0.141962 0 0.287776 0 0 0.16907  0 0 0 0 0 0  
74.4557 1.81662 0.0257195 -6.74633 0 4 0 0 -6.53158  -6.86693 0 3.67491 0 0 -6.69127  -0.0276668 0 0.0414184 0 0 -0.0251694  0.148272 0 0.283676 0 0 0.18486  0 0 0 0 0 0  
74.927 1.82856 0.0243763 -6.77518 0 4 0 0 -6.53978  -6.89097 0 3.67387 0 0 -6.70242  -0.0323983 0 0.0395776 0 0 -0.0310486  0.148188 0 0.286553 0 0 0.193684  0 0 0 0 0 0  
75.3982 1.83966 0.0235722 -6.8228 0 4 0 0 -6.70046  -6.92655 0 3.69089 0 0 -6.8483  -0.0297546 0 0.0357389 0 0 -0.0266811  0.133508 0 0.273371 0 0 0.17452  0 0 0 0 0 0  
75.8695 1.85038 0.0224414 -6.79732 0 4 0 0 -6.78228  -6.8747 0 3.71127 0 0 -6.8961  -0.0298865 0 0.0391323 0 0 -0.0244139  0.107274 0 0.2496 0 0 0.138237  0 0 0 0 0 0  
76.3407 1.86067 0.0212379 -6.72152 0 4 0 0 -6.90441  -6.78896 0 3.72926 0 0 -6.99474  -0.0294594 0 0.0391182 0 0 -0.0246929  0.0968936 0 0.231621 0 0 0.115022  0 0 0 0 0 0  
76.8119 1.87057 0.0209168 -6.70026 0 4 0 0 -6.94076  -6.76651 0 3.7334 0 0 -7.03041  -0.0251169 0 0.0382961 0 0 -0.0274206  0.0913658 0 0.228306 0 0 0.117066  0 0 0 0 0 0  
77.2832 1.88052 0.0213616 -6.67463 0 4 0 0 -6.93237  -6.75598 0 3.73299 0 0 -7.0392  -0.022609 0 0.0381938 0 0 -0.02726  0.103958 0 0.228821 0 0 0.134095  0 0 0 0 0 0  
77.7544 1.8907 0.0222221 -6.55286 0 4 0 0 -6.91743  -6.64055 0 3.7166 0 0 -7.02883  -0.0314365 0 0.0395306 0 0 -0.0327338  0.11913 0 0.243865 0 0 0.144142  0 0 0 0 0 0  
78.2257 1.90146 0.0228544 -6.57388 0 4 0 0 -6.95813  -6.6561 0 3.70662 0 0 -7.06997  -0.0310635 0 0.0411425 0 0 -0.034193  0.113287 0 0.252235 0 0 0.146027  0 0 0 0 0 0  
78.6969 1.91249 0.0235287 -6.65198 0 4 0 0 -6.85627  -6.74167 0 3.70351 0 0 -6.97062  -0.0311699 0 0.0434745 0 0 -0.0391255  0.120864 0 0.253013 0 0 0.153479  0 0 0 0 0 0  
79.1681 1.92339 0.0228802 -6.56007 0 4 0 0 -6.75992  -6.66265 0 3.69806 0 0 -6.8806  -0.0283594 0 0.0375364 0 0 -0.0416984  0.130935 0 0.264401 0 0 0.162386  0 0 0 0 0 0  
79.6394 1.93385 0.0221377 -6.60148 0 4 0 0 -6.74441  -6.70036 0 3.7099 0 0 -6.85755  -0.032042 0 0.0375156 0 0 -0.0385655  0.130921 0 0.252588 0 0 0.151712  0 0 0 0 0 0  
80.1106 1.94421 0.0224795 -6.70208 0 4 0 0 -6.72595  -6.79988 0 3.7197 0 0 -6.84492  -0.030566 0 0.0389377 0 0 -0.0331223  0.128358 0 0.241362 0 0 0.15209  0 0 0 0 0 0  
80.5819 1.95472 0.0227598 -6.88442 0 4 0 0 -6.8075  -6.983 0 3.72047 0 0 -6.91291  -0.0284541 0 0.0393643 0 0 -0.0290743  0.127026 0 0.240162 0 0 0.134483  0 0 0 0 0 0  
81.0531 1.96538 0.0224532 -7.08914 0 4 0 0 -6.81124  -7.17819 0 3.72202 0 0 -6.92143  -0.0321878 0 0.0368023 0 0 -0.032952  0.121232 0 0.241175 0 0 0.143142  0 0 0 0 0 0  
81.5243 1.97577 0.0226576 -7.15228 0 4 0 0 -6.86577  -7.23968 0 3.72934 0 0 -6.97633  -0.0324676 0 0.0370435 0 0 -0.034183  0.119875 0 0.233617 0 0 0.144741  0 0 0 0 0 0  
81.9956 1.9862 0.0216455 -7.14065 0 4 0 0 -6.8492  -7.22079 0 3.73869 0 0 -6.95342  -0.0243564 0 0.0376328 0 0 -0.0234563  0.104495 0 0.223679 0 0 0.127671  0 0 0 0 0 0  
82.4668 1.99602 0.0205588 -7.00276 0 4 0 0 -6.8843  -7.08155 0 3.75402 0 0 -6.98485  -0.0185124 0 0.0338326 0 0 -0.0167689  0.097303 0 0.212149 0 0 0.117316  0 0 0 0 0 0  
82.938 2.0054 0.0191007 -6.83396 0 4 0 0 -6.8782  -6.90442 0 3.76949 0 0 -6.97105  -0.0152622 0 0.0336577 0 0 -0.0169464  0.0857133 0 0.196854 0 0 0.109798  0 0 0 0 0 0  
83.4093 2.01459 0.0196089 -6.69472 0 4 0 0 -6.81783  -6.77317 0 3.76154 0 0 -6.91713  -0.0224723 0 0.0306054 0 0 -0.0206153  0.100922 0 0.207857 0 0 0.119923  0 0 0 0 0 0  
83.8805 2.02396 0.0200899 -6.78939 0 4 0 0 -6.93171  -6.85856 0 3.75493 0 0 -7.02055  -0.0229305 0 0.0343576 0 0 -0.021639  0.0921075 0 0.210715 0 0 0.110476  0 0 0 0 0 0  
84.3518 2.03344 0.0205001 -6.90314 0 4 0 0 -7.07603  -6.97254 0 3.75869 0 0 -7.16294  -0.0227212 0 0.0331428 0 0 -0.0209034  0.0921194 0 0.208163 0 0 0.107815  0 0 0 0 0 0  
84.823 2.04309 0.0208569 -7.01519 0 4 0 0 -7.12988  -7.07699 0 3.76211 0 0 -7.21619  -0.0260123 0 0.0341956 0 0 -0.0178572  0.0878123 0 0.20369 0 0 0.104169  0 0 0 0 0 0  
85.2942 2.05289 0.0208909 -7.0999 0 4 0 0 -7.1358  -7.15834 0 3.76818 0 0 -7.21724  -0.0257733 0 0.0337872 0 0 -0.0191992  0.0842118 0 0.198037 0 0 0.100639  0 0 0 0 0 0  
85.7655 2.06282 0.0210697 -6.97411 0 4 0 0 -7.0978  -7.03486 0 3.76929 0 0 -7.17938  -0.0240226 0 0.0341284 0 0 -0.0161191  0.0847667 0 0.196586 0 0 0.0976963  0 0 0 0 0 0  
86.2367 2.07278 0.0210792 -6.81355 0 4 0 0 -6.79593  -6.89506 0 3.74961 0 0 -6.9033  -0.0275106 0 0.0356251 0 0 -0.0185249  0.10902 0 0.214769 0 0 0.12589  0 0 0 0 0 0  
86.708 2.08279 0.0212778 -6.63107 0 4 0 0 -6.55654  -6.72679 0 3.73412 0 0 -6.6823  -0.0394501 0 0.0338029 0 0 -0.0251458  0.135164 0 0.232075 0 0 0.150901  0 0 0 0 0 0  
87.1792 2.09311 0.0224245 -6.41517 0 4 0 0 -6.40203  -6.53969 0 3.70573 0 0 -6.55564  -0.0442428 0 0.031377 0 0 -0.0309352  0.168766 0 0.26289 0 0 0.184553  0 0 0 0 0 0  
87.6504 2.10377 0.0232958 -6.32075 0 4 0 0 -6.29126  -6.43879 0 3.699 0 0 -6.44802  -0.0388856 0 0.0356627 0 0 -0.0248078  0.156924 0 0.265336 0 0 0.18157  0 0 0 0 0 0  
88.1217 2.11445 0.0219544 -6.29328 0 4 0 0 -6.4112  -6.39309 0 3.71463 0 0 -6.55117  -0.0285654 0 0.0367879 0 0 -0.0154522  0.128369 0 0.24858 0 0 0.155415  0 0 0 0 0 0  
88.5929 2.12487 0.0223886 -6.3159 0 4 0 0 -6.46996  -6.43471 0 3.7038 0 0 -6.62073  -0.0214077 0 0.037743 0 0 -0.0165357  0.140218 0 0.258455 0 0 0.167302  0 0 0 0 0 0  
89.0642 2.13539 0.0220698 -6.34701 0 4 0 0 -6.57436  -6.45811 0 3.71333 0 0 -6.70458  -0.0198965 0 0.037991 0 0 -0.0192734  0.131 0 0.248677 0 0 0.1495  0 0 0 0 0 0  
89.5354 2.14563 0.0207141 -6.46959 0 4 0 0 -6.57236  -6.57936 0 3.73434 0 0 -6.6967  -0.0220423 0 0.0366169 0 0 -0.0218397  0.131809 0 0.229042 0 0 0.146183  0 0 0 0 0 0  
90.0066 2.15544 0.0209691 -6.51381 0 4 0 0 -6.46599  -6.6083 0 3.73816 0 0 -6.58093  -0.0166653 0 0.0359597 0 0 -0.0160989  0.111155 0 0.225885 0 0 0.131035  0 0 0 0 0 0  
90.4779 2.16555 0.0216003 -6.54187 0 4 0 0 -6.4213  -6.62726 0 3.72908 0 0 -6.52944  -0.0266068 0 0.0369216 0 0 -0.0203851  0.111995 0 0.234002 0 0 0.128529  0 0 0 0 0 0  
90.9491 2.17562 0.0212931 -6.54859 0 4 0 0 -6.37941  -6.61868 0 3.72471 0 0 -6.47363  -0.0285325 0 0.0410385 0 0 -0.0226287  0.0986258 0 0.23425 0 0 0.116843  0 0 0 0 0 0  
91.4203 2.18563 0.0214247 -6.46178 0 4 0 0 -6.35602  -6.55389 0 3.72728 0 0 -6.46294  -0.0325169 0 0.0382656 0 0 -0.020799  0.124628 0 0.234455 0 0 0.127714  0 0 0 0 0 0  
91.8916 2.19565 0.0211445 -6.39208 0 4 0 0 -6.21873  -6.47012 0 3.73735 0 0 -6.32994  -0.0303266 0 0.0376794 0 0 -0.0119896  0.108375 0 0.224966 0 0 0.123199  0 0 0 0 0 0  
92.3628 2.20579 0.02154 -6.5136 0 4 0 0 -6.27165  -6.5852 0 3.73185 0 0 -6.38141  -0.0270533 0 0.0384863 0 0 -0.0097134  0.0986539 0 0.229663 0 0 0.119469  0 0 0 0 0 0  
92.8341 2.21631 0.0229973 -6.62009 0 4 0 0 -6.07359  -6.69668 0 3.71751 0 0 -6.20248  -0.0322045 0 0.0420928 0 0 -0.0115762  0.108796 0 0.240395 0 0 0.140474  0 0 0 0 0 0  
93.3053 2.22664 0.0208526 -6.6403 0 4 0 0 -6.01888  -6.71554 0 3.72935 0 0 -6.1517  -0.0337568 0 0.0400811 0 0 -0.0126197  0.109004 0 0.230571 0 0 0.145433  0 0 0 0 0 0  
93.7765 2.23635 0.0204934 -6.69062 0 4 0 0 -6.01093  -6.77088 0 3.73489 0 0 -6.14116  -0.0307501 0 0.0362016 0 0 -0.0146226  0.111006 0 0.228911 0 0 0.144852  0 0 0 0 0 0  
94.2478 2.24584 0.0196463 -6.86393 0 4 0 0 -6.14473  -6.93831 0 3.74368 0 0 -6.27081  -0.0280294 0 0.0339367 0 0 -0.0152824  0.102404 0 0.222386 0 0 0.141356  0 0 0 0 0 0  
94.719 2.25484 0.0189887 -7.07356 0 4 0 0 -6.23276  -7.13429 0 3.75842 0 0 -6.34018  -0.0249848 0 0.0332574 0 0 -0.0118922  0.085712 0 0.208327 0 0 0.119314  0 0 0 0 0 0  
95.1903 2.26372 0.0189914 -7.22354 0 4 0 0 -6.31543  -7.2833 0 3.76755 0 0 -6.41489  -0.0248246 0 0.033619 0 0 -0.0122924  0.0845806 0 0.198835 0 0 0.11175  0 0 0 0 0 0  
95.6615 2.27254 0.0183853 -7.37311 0 4 0 0 -6.35324  -7.42948 0 3.77215 0 0 -6.45056  -0.0223912 0 0.0336467 0 0 -0.0153533  0.0787543 0 0.194204 0 0 0.112668  0 0 0 0 0 0  
96.1327 2.281 0.0177607 -7.44631 0 4 0 0 -6.46643  -7.50513 0 3.78923 0 0 -6.56019  -0.0172043 0 0.0304621 0 0 -0.0116936  0.0760196 0 0.180304 0 0 0.105451  0 0 0 0 0 0  
96.604 2.28943 0.0178605 -7.46582 0 4 0 0 -6.66041  -7.53982 0 3.78201 0 0 -6.76249  -0.019714 0 0.0307533 0 0 -0.0132624  0.0937166 0 0.187237 0 0 0.115343  0 0 0 0 0 0  
97.0752 2.29775 0.0175424 -7.51191 0 4 0 0 -6.89562  -7.57909 0 3.78355 0 0 -6.9876  -0.0160751 0 0.0306887 0 0 -0.0104362  0.0832532 0 0.185762 0 0 0.102414  0 0 0 0 0 0  
97.5465 2.30619 0.0181935 -7.58622 0 4 0 0 -7.10713  -7.64932 0 3.77791 0 0 -7.18285  -0.0141681 0 0.0342415 0 0 -0.00900122  0.0772756 0 0.187845 0 0 0.0847257  0 0 0 0 0 0  
98.0177 2.31465 0.0176693 -7.60247 0 4 0 0 -7.2833  -7.65596 0 3.78781 0 0 -7.35709  -0.0128732 0 0.032756 0 0 -0.0072154  0.0663554 0 0.179434 0 0 0.081005  0 0 0 0 0 0  
98.4889 2.32298 0.0179682 -7.47045 0 4 0 0 -7.27169  -7.52591 0 3.78588 0 0 -7.35259  -0.0166722 0 0.0299279 0 0 -0.00843139  0.0721277 0 0.184188 0 0 0.0893249  0 0 0 0 0 0  
98.9602 2.33159 0.0185474 -7.38377 0 4 0 0 -7.2696  -7.43238 0 3.77788 0 0 -7.34684  -0.0247198 0 0.0321707 0 0 -0.00837903  0.0733353 0 0.189951 0 0 0.0856202  0 0 0 0 0 0  
99.4314 2.34057 0.0192434 -7.39266 0 4 0 0 -7.29151  -7.44017 0 3.77638 0 0 -7.37945  -0.0281404 0 0.0326271 0 0 -0.00650509  0.0756408 0 0.190988 0 0 0.0944481  0 0 0 0 0 0  
99.9026 2.34966 0.0196726 -7.42275 0 4 0 0 -7.26112  -7.46726 0 3.77032 0 0 -7.35355  -0.0283796 0 0.0324464 0 0 -0.0102484  0.0728873 0 0.197231 0 0 0.102688  0 0 0 0 0 0  
100.374 2.35896 0.0195079 -7.39109 0 4 0 0 -7.24216  -7.44307 0 3.77663 0 0 -7.33218  -0.0306166 0 0.0312399 0 0 -0.0126231  0.0825941 0 0.192126 0 0 0.102641  0 0 0 0 0 0  
100.845 2.36835 0.0200258 -7.32068 0 4 0 0 -7.25129  -7.36537 0 3.76333 0 0 -7.34196  -0.0302008 0 0.0329122 0 0 -0.011695  0.0748912 0 0.203761 0 0 0.102358  0 0 0 0 0 0  
101.316 2.37785 0.0207484 -7.21431 0 4 0 0 -7.34059  -7.26849 0 3.75201 0 0 -7.43318  -0.0332253 0 0.0335663 0 0 -0.0183626  0.0874046 0 0.214422 0 0 0.110952  0 0 0 0 0 0  
101.788 2.38788 0.0216544 -7.159 0 4 0 0 -7.39628  -7.2196 0 3.73331 0 0 -7.48798  -0.0270272 0 0.0358752 0 0 -0.0213876  0.0876267 0 0.230819 0 0 0.113079  0 0 0 0 0 0  
102.259 2.39831 0.0226295 -7.03137 0 4 0 0 -7.44269  -7.08528 0 3.71868 0 0 -7.53807  -0.0318246 0 0.0362843 0 0 -0.0239408  0.085735 0 0.245036 0 0 0.11932  0 0 0 0 0 0  
102.73 2.40926 0.0239505 -6.96616 0 4 0 0 -7.46207  -7.02995 0 3.69409 0 0 -7.57112  -0.0363538 0 0.0411653 0 0 -0.0288493  0.100142 0 0.264741 0 0 0.137899  0 0 0 0 0 0  
103.201 2.42044 0.0236662 -6.96379 0 4 0 0 -7.42629  -7.02793 0 3.71169 0 0 -7.5479  -0.0298739 0 0.0379568 0 0 -0.0229968  0.0940117 0 0.250352 0 0 0.144608  0 0 0 0 0 0  
103.673 2.43106 0.0215669 -7.01821 0 4 0 0 -7.38744  -7.08717 0 3.73511 0 0 -7.51889  -0.0247928 0 0.0373617 0 0 -0.0140727  0.0937572 0 0.227526 0 0 0.14553  0 0 0 0 0 0  
104.144 2.44114 0.0206802 -7.09141 0 4 0 0 -7.34881  -7.15614 0 3.75995 0 0 -7.48547  -0.0236062 0 0.0339578 0 0 -0.0153936  0.0883349 0 0.206092 0 0 0.152056  0 0 0 0 0 0  
104.615 2.45067 0.019807 -7.27815 0 4 0 0 -7.26175  -7.3444 0 3.76695 0 0 -7.39359  -0.0188456 0 0.0358459 0 0 -0.0131518  0.0850882 0 0.1972 0 0 0.144995  0 0 0 0 0 0  
105.086 2.46024 0.0212814 -7.45487 0 4 0 0 -7.26311  -7.53758 0 3.7558 0 0 -7.39995  -0.0186839 0 0.0369834 0 0 -0.0124255  0.10139 0 0.207215 0 0 0.149267  0 0 0 0 0 0  
105.558 2.47005 0.0205302 -7.63553 0 4 0 0 -7.3094  -7.699 0 3.76077 0 0 -7.41733  -0.0220544 0 0.0374494 0 0 -0.0142493  0.0855232 0 0.201776 0 0 0.122178  0 0 0 0 0 0  
106.029 2.47998 0.0214528 -7.62311 0 4 0 0 -7.30392  -7.69982 0 3.74696 0 0 -7.42444  -0.0188709 0 0.039375 0 0 -0.00950599  0.0955782 0 0.213662 0 0 0.13002  0 0 0 0 0 0  
106.5 2.49 0.0209944 -7.56473 0 4 0 0 -7.38642  -7.6421 0 3.74876 0 0 -7.50388  -0.0178606 0 0.0393423 0 0 -0.00938595  0.0952312 0 0.211897 0 0 0.126842  0 0 0 0 0 0  
106.971 2.49992 0.020801 -7.44832 0 4 0 0 -7.34167  -7.53142 0 3.75042 0 0 -7.46395  -0.0172896 0 0.0346024 0 0 -0.0181035  0.10039 0 0.214978 0 0 0.140383  0 0 0 0 0 0  
107.442 2.50957 0.0204215 -7.46339 0 4 0 0 -7.21514  -7.5453 0 3.74785 0 0 -7.33805  -0.0182629 0 0.0348173 0 0 -0.0127308  0.100171 0 0.217329 0 0 0.135643  0 0 0 0 0 0  
107.914 2.51928 0.0208748 -7.39102 0 4 0 0 -7.20408  -7.48278 0 3.74047 0 0 -7.32874  -0.0156447 0 0.0333239 0 0 -0.0153872  0.107403 0 0.226204 0 0 0.140039  0 0 0 0 0 0  
108.385 2.52934 0.0222041 -7.16004 0 4 0 0 -7.06442  -7.24715 0 3.72115 0 0 -7.18118  -0.0163694 0 0.0402599 0 0 -0.0141145  0.103485 0 0.238593 0 0 0.13087  0 0 0 0 0 0  
108.856 2.54007 0.0239221 -7.01682 0 4 0 0 -6.93302  -7.11491 0 3.69022 0 0 -7.06772  -0.0189869 0 0.0433456 0 0 -0.0123151  0.117075 0 0.266434 0 0 0.147018  0 0 0 0 0 0  
109.327 2.55119 0.0235385 -7.06447 0 4 0 0 -6.94349  -7.1565 0 3.68922 0 0 -7.07224  -0.0270356 0 0.0464794 0 0 -0.0193372  0.119068 0 0.264305 0 0 0.148091  0 0 0 0 0 0  
109.799 2.56241 0.0237343 -7.05168 0 4 0 0 -6.92559  -7.15051 0 3.68355 0 0 -7.06097  -0.021211 0 0.0412808 0 0 -0.0143424  0.120035 0 0.275169 0 0 0.149724  0 0 0 0 0 0  
110.27 2.57336 0.0229062 -7.07439 0 4 0 0 -6.85473  -7.16351 0 3.68835 0 0 -6.97829  -0.0271147 0 0.038839 0 0 -0.0211408  0.116232 0 0.272816 0 0 0.144697  0 0 0 0 0 0  
110.741 2.58402 0.0220243 -7.23015 0 4 0 0 -6.94552  -7.29864 0 3.70716 0 0 -7.05498  -0.0276677 0 0.0403306 0 0 -0.0182989  0.0961596 0 0.252507 0 0 0.127752  0 0 0 0 0 0  
111.212 2.59408 0.0205367 -7.38453 0 4 0 0 -7.06192  -7.45675 0 3.73148 0 0 -7.1674  -0.0225833 0 0.0393039 0 0 -0.0159134  0.0948077 0 0.229213 0 0 0.121393  0 0 0 0 0 0  
111.684 2.60373 0.0198337 -7.37026 0 4 0 0 -7.09946  -7.45148 0 3.74828 0 0 -7.21304  -0.0158144 0 0.0297353 0 0 -0.0164218  0.0970307 0 0.221988 0 0 0.129996  0 0 0 0 0 0  
112.155 2.61297 0.0203224 -7.39981 0 4 0 0 -7.1789  -7.46822 0 3.74598 0 0 -7.28217  -0.0204241 0 0.0327144 0 0 -0.020429  0.0888369 0 0.221306 0 0 0.123699  0 0 0 0 0 0  
112.626 2.62246 0.0197642 -7.50114 0 4 0 0 -7.21791  -7.55574 0 3.75522 0 0 -7.30812  -0.0209894 0 0.032789 0 0 -0.0197646  0.0755913 0 0.211988 0 0 0.109972  0 0 0 0 0 0  
113.097 2.63188 0.0202333 -7.4619 0 4 0 0 -7.25361  -7.50434 0 3.75064 0 0 -7.34899  -0.0233332 0 0.0323443 0 0 -0.0190265  0.0657734 0 0.217012 0 0 0.114413  0 0 0 0 0 0  
113.569 2.64176 0.0218576 -7.419 0 4 0 0 -7.14764  -7.46004 0 3.72934 0 0 -7.2518  -0.0216882 0 0.0380834 0 0 -0.0176621  0.0627199 0 0.232575 0 0 0.121821  0 0 0 0 0 0  
114.04 2.65197 0.0221564 -7.30078 0 4 0 0 -7.03023  -7.34362 0 3.73034 0 0 -7.13057  -0.0234835 0 0.0354904 0 0 -0.0215551  0.0663177 0 0.234165 0 0 0.121902  0 0 0 0 0 0  
114.511 2.66288 0.0235513 -7.09952 0 4 0 0 -6.87552  -7.14654 0 3.71295 0 0 -6.97902  -0.0273075 0 0.0407095 0 0 -0.0208853  0.0743287 0 0.246342 0 0 0.124386  0 0 0 0 0 0  
114.982 2.67453 0.0250189 -6.9884 0 4 0 0 -6.64371  -7.04522 0 3.68381 0 0 -6.75195  -0.037561 0 0.0405531 0 0 -0.0315992  0.0943801 0 0.275636 0 0 0.139836  0 0 0 0 0 0  
115.454 2.68647 0.0258071 -6.96575 0 4 0 0 -6.45217  -7.05514 0 3.67541 0 0 -6.58599  -0.0401117 0 0.0382213 0 0 -0.0316712  0.129499 0 0.286369 0 0 0.165498  0 0 0 0 0 0  
115.925 2.69855 0.0249808 -7.07767 0 4 0 0 -6.29565  -7.18161 0 3.67887 0 0 -6.4289  -0.0311642 0 0.0398147 0 0 -0.035491  0.135097 0 0.281313 0 0 0.16874  0 0 0 0 0 0  
116.396 2.71044 0.0246391 -6.92944 0 4 0 0 -6.09084  -7.04303 0 3.66753 0 0 -6.2296  -0.0301291 0 0.0393798 0 0 -0.0312743  0.143724 0 0.293087 0 0 0.170031  0 0 0 0 0 0  
116.867 2.72211 0.0243826 -6.79548 0 4 0 0 -6.07474  -6.89788 0 3.67493 0 0 -6.21062  -0.0276964 0 0.0397188 0 0 -0.031691  0.130095 0 0.28535 0 0 0.167569  0 0 0 0 0 0  
117.338 2.73386 0.0253572 -6.44823 0 4 0 0 -6.09242  -6.56256 0 3.66082 0 0 -6.24661  -0.0342338 0 0.0402682 0 0 -0.0328692  0.148556 0 0.29891 0 0 0.187059  0 0 0 0 0 0  
117.81 2.7461 0.0262409 -6.14369 0 4 0 0 -6.07597  -6.24483 0 3.64211 0 0 -6.23023  -0.0375637 0 0.0437501 0 0 -0.0340315  0.138705 0 0.314137 0 0 0.188294  0 0 0 0 0 0  
118.281 2.75864 0.0269241 -5.94125 0 4 0 0 -5.8959  -6.07427 0 3.63268 0 0 -6.10151  -0.027965 0 0.0405508 0 0 -0.0196769  0.160983 0 0.326771 0 0 0.225284  0 0 0 0 0 0  
118.752 2.77139 0.0269182 -6.01275 0 4 0 0 -5.90121  -6.14876 0 3.63885 0 0 -6.10281  -0.0253321 0 0.0423832 0 0 -0.0109496  0.161346 0 0.318766 0 0 0.212552  0 0 0 0 0 0  
119.223 2.78399 0.0269706 -6.1684 0 4 0 0 -5.84762  -6.29047 0 3.63177 0 0 -6.03487  -0.0285102 0 0.04358 0 0 -0.0180108  0.150577 0 0.324653 0 0 0.205252  0 0 0 0 0 0  
119.695 2.79677 0.0273144 -6.30984 0 4 0 0 -5.79165  -6.43327 0 3.62748 0 0 -5.96799  -0.0305622 0 0.0476531 0 0 -0.0213986  0.153984 0 0.324863 0 0 0.197736  0 0 0 0 0 0  
120.166 2.80947 0.0262924 -6.4636 0 4 0 0 -5.79243  -6.57355 0 3.63406 0 0 -5.94306  -0.033045 0 0.0461862 0 0 -0.024007  0.142989 0 0.319755 0 0 0.174641  0 0 0 0 0 0  
120.637 2.82161 0.025503 -6.5228 0 4 0 0 -5.78164  -6.63049 0 3.64754 0 0 -5.92104  -0.0306869 0 0.0431875 0 0 -0.028269  0.138377 0 0.30927 0 0 0.167668  0 0 0 0 0 0  
121.108 2.83379 0.0256459 -6.53865 0 4 0 0 -5.81371  -6.65251 0 3.65513 0 0 -5.95433  -0.0300551 0 0.0446363 0 0 -0.032038  0.14392 0 0.300232 0 0 0.17266  0 0 0 0 0 0  
121.58 2.84595 0.0264519 -6.46597 0 4 0 0 -5.87289  -6.5935 0 3.63634 0 0 -6.02973  -0.0337903 0 0.0440006 0 0 -0.0378544  0.161317 0 0.319656 0 0 0.194695  0 0 0 0 0 0  
122.051 2.85819 0.0257448 -6.3601 0 4 0 0 -6.03911  -6.47837 0 3.64183 0 0 -6.18552  -0.0358851 0 0.0437438 0 0 -0.0338429  0.154158 0 0.314426 0 0 0.180248  0 0 0 0 0 0  
122.522 2.86992 0.0240136 -6.34376 0 4 0 0 -6.2829  -6.43481 0 3.67721 0 0 -6.41658  -0.037666 0 0.0387187 0 0 -0.0264569  0.128722 0 0.284067 0 0 0.16014  0 0 0 0 0 0  
122.993 2.8812 0.0234242 -6.28955 0 4 0 0 -6.42729  -6.38374 0 3.68607 0 0 -6.5683  -0.035151 0 0.0360677 0 0 -0.0256841  0.129334 0 0.277865 0 0 0.166693  0 0 0 0 0 0  
123.465 2.89195 0.0219179 -6.39276 0 4 0 0 -6.60069  -6.47646 0 3.7169 0 0 -6.7201  -0.0280104 0 0.0340141 0 0 -0.0212156  0.111708 0 0.249089 0 0 0.140621  0 0 0 0 0 0  
123.936 2.90188 0.0205786 -6.56345 0 4 0 0 -6.63137  -6.63787 0 3.73939 0 0 -6.73499  -0.0177092 0 0.0328024 0 0 -0.00936792  0.0921251 0 0.227811 0 0 0.112987  0 0 0 0 0 0  
124.407 2.91155 0.0204584 -6.6691 0 4 0 0 -6.67617  -6.73432 0 3.73743 0 0 -6.76534  -0.0261772 0 0.0314347 0 0 -0.0175827  0.0913953 0 0.231137 0 0 0.106752  0 0 0 0 0 0  
124.878 2.92111 0.0206351 -6.77095 0 4 0 0 -6.74153  -6.82532 0 3.73452 0 0 -6.81626  -0.0253157 0 0.0328005 0 0 -0.020554  0.0796825 0 0.23268 0 0 0.0952836  0 0 0 0 0 0  
125.35 2.93105 0.0219881 -6.81721 0 4 0 0 -6.8574  -6.86904 0 3.73471 0 0 -6.92765  -0.0238799 0 0.0397811 0 0 -0.0182194  0.0757148 0 0.225508 0 0 0.0884634  0 0 0 0 0 0  
125.821 2.94126 0.0214963 -6.85151 0 4 0 0 -6.96605  -6.90868 0 3.74587 0 0 -7.04779  -0.0188656 0 0.0389763 0 0 -0.014949  0.076038 0 0.215157 0 0 0.0966927  0 0 0 0 0 0  
126.292 2.95132 0.0213857 -6.90623 0 4 0 0 -6.93746  -6.97371 0 3.74623 0 0 -7.03045  -0.0175684 0 0.0387318 0 0 -0.0175627  0.0850478 0 0.215043 0 0 0.110554  0 0 0 0 0 0  
126.763 2.9617 0.0226952 -6.92692 0 4 0 0 -6.95187  -7.0042 0 3.72902 0 0 -7.05008  -0.0200068 0 0.0401928 0 0 -0.0208457  0.0972949 0 0.230787 0 0 0.11906  0 0 0 0 0 0  
127.235 2.97229 0.0222731 -7.0088 0 4 0 0 -7.04976  -7.08906 0 3.72867 0 0 -7.14188  -0.0253937 0 0.0373832 0 0 -0.0294881  0.10566 0 0.233945 0 0 0.121603  0 0 0 0 0 0  
127.706 2.9828 0.0229057 -7.11697 0 4 0 0 -7.23402  -7.1775 0 3.72371 0 0 -7.31907  -0.0273145 0 0.0396754 0 0 -0.0276187  0.0878501 0 0.236613 0 0 0.11267  0 0 0 0 0 0  
128.177 2.99319 0.0216431 -7.23891 0 4 0 0 -7.40301  -7.2832 0 3.73951 0 0 -7.47285  -0.0352138 0 0.0402475 0 0 -0.0277706  0.0794978 0 0.22024 0 0 0.0976076  0 0 0 0 0 0  
128.648 3.00318 0.0204558 -7.33017 0 4 0 0 -7.60665  -7.37371 0 3.75581 0 0 -7.6694  -0.0309427 0 0.0382135 0 0 -0.0250841  0.0744791 0 0.205976 0 0 0.0878387  0 0 0 0 0 0  
129.119 3.01265 0.0201056 -7.42315 0 4 0 0 -7.69523  -7.4687 0 3.77002 0 0 -7.75403  -0.0278496 0 0.0343696 0 0 -0.0212547  0.0734022 0 0.195606 0 0 0.0800635  0 0 0 0 0 0  
129.591 3.02201 0.0197672 -7.56058 0 4 0 0 -7.79268  -7.59266 0 3.77873 0 0 -7.84525  -0.0282962 0 0.0344067 0 0 -0.0174288  0.0603753 0 0.186863 0 0 0.069997  0 0 0 0 0 0  
130.062 3.03116 0.0196087 -7.64756 0 4 0 0 -7.82048  -7.67529 0 3.78448 0 0 -7.8693  -0.0288987 0 0.034833 0 0 -0.0178697  0.0566247 0 0.180686 0 0 0.06669  0 0 0 0 0 0  
130.533 3.04056 0.0203655 -7.60487 0 4 0 0 -7.76034  -7.64585 0 3.78036 0 0 -7.82916  -0.0242624 0 0.035388 0 0 -0.0124916  0.0652413 0 0.184251 0 0 0.0813113  0 0 0 0 0 0  
131.004 3.05029 0.0209552 -7.60499 0 4 0 0 -7.64945  -7.65463 0 3.76613 0 0 -7.72579  -0.0266667 0 0.0356909 0 0 -0.020373  0.0763079 0 0.198175 0 0 0.0967066  0 0 0 0 0 0  
131.476 3.06067 0.0226262 -7.64079 0 4 0 0 -7.68359  -7.70276 0 3.74169 0 0 -7.76316  -0.0246575 0 0.0408475 0 0 -0.0192172  0.0866255 0 0.217467 0 0 0.0987871  0 0 0 0 0 0  
131.947 3.07134 0.022363 -7.65293 0 4 0 0 -7.65076  -7.73648 0 3.73924 0 0 -7.73365  -0.0247231 0 0.0403885 0 0 -0.0184997  0.108275 0 0.220368 0 0 0.101388  0 0 0 0 0 0  
132.418 3.082 0.0224671 -7.72728 0 4 0 0 -7.61321  -7.81265 0 3.73794 0 0 -7.70506  -0.0219743 0 0.0401091 0 0 -0.0174505  0.107346 0 0.221955 0 0 0.109298  0 0 0 0 0 0  
132.889 3.09292 0.0230476 -7.7301 0 4 0 0 -7.42474  -7.80742 0 3.74147 0 0 -7.52046  -0.0210828 0 0.0376454 0 0 -0.0120459  0.0984014 0 0.220888 0 0 0.107762  0 0 0 0 0 0  
133.361 3.10365 0.0226546 -7.6701 0 4 0 0 -7.23106  -7.74333 0 3.72727 0 0 -7.32537  -0.0282815 0 0.0379839 0 0 -0.0169364  0.10151 0 0.234749 0 0 0.111247  0 0 0 0 0 0  
133.832 3.11458 0.0245875 -7.44851 0 4 0 0 -6.89486  -7.51716 0 3.70768 0 0 -6.99288  -0.0322359 0 0.0405789 0 0 -0.0222833  0.100883 0 0.251737 0 0 0.120306  0 0 0 0 0 0  
134.303 3.12626 0.0249426 -7.1778 0 4 0 0 -6.61017  -7.26232 0 3.70134 0 0 -6.72474  -0.035344 0 0.0420449 0 0 -0.0255363  0.11986 0 0.256616 0 0 0.140112  0 0 0 0 0 0  
134.774 3.13825 0.0256109 -6.84666 0 4 0 0 -6.47228  -6.93447 0 3.66877 0 0 -6.61517  -0.0367111 0 0.0408853 0 0 -0.022651  0.124515 0 0.290343 0 0 0.165539  0 0 0 0 0 0  
135.246 3.15036 0.025907 -6.62532 0 4 0 0 -6.40806  -6.73941 0 3.64672 0 0 -6.58495  -0.039517 0 0.0403433 0 0 -0.0226892  0.153606 0 0.312932 0 0 0.199573  0 0 0 0 0 0  
135.717 3.16227 0.0247028 -6.55309 0 4 0 0 -6.57229  -6.66621 0 3.67275 0 0 -6.73123  -0.0366707 0 0.0417188 0 0 -0.0218174  0.149798 0 0.285529 0 0 0.180748  0 0 0 0 0 0  
136.188 3.17413 0.0248452 -6.5212 0 4 0 0 -6.69745  -6.64228 0 3.6655 0 0 -6.8783  -0.0376046 0 0.0375313 0 0 -0.027066  0.158684 0 0.296971 0 0 0.207912  0 0 0 0 0 0  
136.659 3.18604 0.025341 -6.60227 0 4 0 0 -6.93739  -6.71318 0 3.66644 0 0 -7.08971  -0.0408473 0 0.0410697 0 0 -0.0349469  0.151756 0 0.292494 0 0 0.187265  0 0 0 0 0 0  
137.131 3.19771 0.0239856 -6.74824 0 4 0 0 -7.17598  -6.83327 0 3.6936 0 0 -7.2867  -0.0422172 0 0.0364967 0 0 -0.0363253  0.127253 0 0.269906 0 0 0.147043  0 0 0 0 0 0  
137.602 3.20832 0.0215883 -6.82101 0 4 0 0 -7.19299  -6.89054 0 3.71601 0 0 -7.28606  -0.0461574 0 0.0323333 0 0 -0.0376674  0.11569 0 0.251661 0 0 0.130744  0 0 0 0 0 0  
138.073 3.21818 0.0205222 -6.87975 0 4 0 0 -7.3211  -6.94247 0 3.74079 0 0 -7.40557  -0.0398835 0 0.0311054 0 0 -0.026325  0.102601 0 0.228108 0 0 0.110792  0 0 0 0 0 0  
138.544 3.22753 0.0196768 -6.92697 0 4 0 0 -7.49167  -6.9717 0 3.7626 0 0 -7.56123  -0.0406652 0 0.031168 0 0 -0.0224137  0.0853967 0 0.20623 0 0 0.0919712  0 0 0 0 0 0  
139.015 3.23701 0.0199258 -6.96985 0 4 0 0 -7.58122  -7.03197 0 3.76018 0 0 -7.65566  -0.0348438 0 0.029633 0 0 -0.0238226  0.0969629 0 0.210184 0 0 0.098258  0 0 0 0 0 0  
139.487 3.24653 0.0205909 -7.10635 0 4 0 0 -7.58889  -7.16512 0 3.76008 0 0 -7.65671  -0.0378923 0 0.0322627 0 0 -0.0239447  0.0966641 0 0.207657 0 0 0.0917695  0 0 0 0 0 0  
139.958 3.25649 0.0219653 -7.26112 0 4 0 0 -7.61536  -7.32962 0 3.75404 0 0 -7.68564  -0.0361977 0 0.0315797 0 0 -0.0279214  0.104697 0 0.214377 0 0 0.0982078  0 0 0 0 0 0  
140.429 3.2669 0.0220873 -7.34805 0 4 0 0 -7.74158  -7.41595 0 3.75022 0 0 -7.81519  -0.0309773 0 0.0318939 0 0 -0.022465  0.0988816 0 0.217888 0 0 0.0960836  0 0 0 0 0 0  
140.9 3.27713 0.0214535 -7.47768 0 4 0 0 -7.83194  -7.54028 0 3.75731 0 0 -7.90172  -0.0243221 0 0.0315093 0 0 -0.0199615  0.0869232 0 0.211176 0 0 0.0897335  0 0 0 0 0 0  
141.372 3.28745 0.0221242 -7.53821 0 4 0 0 -7.80079  -7.59466 0 3.7462 0 0 -7.86797  -0.027004 0 0.032942 0 0 -0.0218256  0.0834481 0 0.220853 0 0 0.0890027  0 0 0 0 0 0  
141.843 3.29801 0.0229443 -7.58438 0 4 0 0 -7.80903  -7.64075 0 3.7343 0 0 -7.889  -0.0289154 0 0.0353315 0 0 -0.0209995  0.0852839 0 0.230372 0 0 0.100969  0 0 0 0 0 0  
142.314 3.309 0.0234311 -7.51342 0 4 0 0 -7.67921  -7.57916 0 3.73618 0 0 -7.76094  -0.025877 0 0.0368558 0 0 -0.0204988  0.0916261 0 0.226961 0 0 0.102222  0 0 0 0 0 0  
142.785 3.32022 0.0244877 -7.44072 0 4 0 0 -7.52941  -7.51757 0 3.71785 0 0 -7.6173  -0.0249887 0 0.0381592 0 0 -0.0188076  0.101843 0 0.243991 0 0 0.106696  0 0 0 0 0 0  
143.257 3.33169 0.0244417 -7.4602 0 4 0 0 -7.4323  -7.53342 0 3.71595 0 0 -7.516  -0.0280688 0 0.0407697 0 0 -0.0233308  0.101285 0 0.243279 0 0 0.107037  0 0 0 0 0 0  
143.728 3.34304 0.0232988 -7.4195 0 4 0 0 -7.32559  -7.49736 0 3.72121 0 0 -7.39963  -0.0308857 0 0.0381461 0 0 -0.0238412  0.108743 0 0.240645 0 0 0.0978873  0 0 0 0 0 0  
144.199 3.35405 0.0227631 -7.28739 0 4 0 0 -7.11208  -7.37798 0 3.72191 0 0 -7.21666  -0.025005 0 0.0357308 0 0 -0.0166074  0.115586 0 0.242359 0 0 0.12119  0 0 0 0 0 0  
144.67 3.365 0.023539 -7.30415 0 4 0 0 -6.96444  -7.39357 0 3.71098 0 0 -7.07835  -0.0260506 0 0.0387499 0 0 -0.0139425  0.115464 0 0.250265 0 0 0.127848  0 0 0 0 0 0  
145.142 3.37621 0.0244491 -7.22566 0 4 0 0 -6.75795  -7.31308 0 3.70879 0 0 -6.88143  -0.0262286 0 0.0341888 0 0 -0.0197579  0.113649 0 0.257017 0 0 0.143236  0 0 0 0 0 0  
145.613 3.3878 0.0252914 -7.1684 0 4 0 0 -6.8252  -7.24301 0 3.70286 0 0 -6.94404  -0.0262309 0 0.038383 0 0 -0.0220212  0.100848 0 0.258762 0 0 0.140864  0 0 0 0 0 0  
146.084 3.40001 0.026329 -7.17673 0 4 0 0 -6.80309  -7.25725 0 3.68908 0 0 -6.92888  -0.0274503 0 0.0385695 0 0 -0.0271218  0.107975 0 0.272346 0 0 0.152911  0 0 0 0 0 0  
146.555 3.41288 0.0279502 -7.16343 0 4 0 0 -6.72896  -7.25685 0 3.66568 0 0 -6.85972  -0.0277639 0 0.0400723 0 0 -0.0310438  0.121185 0 0.294249 0 0 0.161808  0 0 0 0 0 0  
147.027 3.42646 0.0293915 -7.22221 0 4 0 0 -6.68835  -7.31531 0 3.65435 0 0 -6.82408  -0.028148 0 0.0416054 0 0 -0.0351365  0.121246 0 0.304043 0 0 0.170869  0 0 0 0 0 0  
147.498 3.44018 0.0298002 -7.31929 0 4 0 0 -6.70289  -7.43266 0 3.64338 0 0 -6.84422  -0.0303797 0 0.0424861 0 0 -0.0382125  0.143749 0 0.314135 0 0 0.179536  0 0 0 0 0 0  
147.969 3.4537 0.0282941 -7.32853 0 4 0 0 -6.71034  -7.43356 0 3.65584 0 0 -6.84332  -0.0304484 0 0.0399068 0 0 -0.0358476  0.135477 0 0.304254 0 0 0.168827  0 0 0 0 0 0  
148.44 3.46691 0.0276946 -7.32439 0 4 0 0 -6.73835  -7.41631 0 3.67052 0 0 -6.85851  -0.0293371 0 0.0403064 0 0 -0.0318686  0.121254 0 0.28917 0 0 0.152032  0 0 0 0 0 0  
148.911 3.48008 0.0280359 -7.35511 0 4 0 0 -6.63643  -7.45112 0 3.66167 0 0 -6.75649  -0.0295903 0 0.0453529 0 0 -0.0299884  0.125599 0 0.292973 0 0 0.150048  0 0 0 0 0 0  
149.383 3.49306 0.0267084 -7.39829 0 4 0 0 -6.58513  -7.51587 0 3.66555 0 0 -6.72612  -0.0278756 0 0.0455035 0 0 -0.0313521  0.14545 0 0.288944 0 0 0.17234  0 0 0 0 0 0  
149.854 3.5056 0.0256515 -7.52094 0 4 0 0 -6.65954  -7.64098 0 3.6769 0 0 -6.82091  -0.0209994 0 0.0432003 0 0 -0.0284877  0.141042 0 0.279895 0 0 0.189851  0 0 0 0 0 0  
150.325 3.51747 0.0251243 -7.56186 0 4 0 0 -6.80794  -7.67293 0 3.69303 0 0 -6.9615  -0.0162189 0 0.0440985 0 0 -0.0159582  0.127294 0 0.262871 0 0 0.169516  0 0 0 0 0 0  
150.796 3.52944 0.0260461 -7.66384 0 4 0 0 -6.98165  -7.7812 0 3.68531 0 0 -7.14646  -0.015736 0 0.0431583 0 0 -0.0118912  0.133096 0 0.271527 0 0 0.176702  0 0 0 0 0 0  
151.268 3.54173 0.0263811 -7.62058 0 4 0 0 -7.18223  -7.74271 0 3.66788 0 0 -7.35941  -0.0151994 0 0.0434414 0 0 -0.0127547  0.137327 0 0.288682 0 0 0.189941  0 0 0 0 0 0  
151.739 3.55426 0.0267001 -7.71093 0 4 0 0 -7.31909  -7.83493 0 3.66711 0 0 -7.49318  -0.0205905 0 0.0425744 0 0 -0.0152261  0.14459 0 0.290312 0 0 0.189314  0 0 0 0 0 0  
152.21 3.56722 0.0278681 -7.66609 0 4 0 0 -7.33093  -7.78763 0 3.65286 0 0 -7.5001  -0.0188373 0 0.0463699 0 0 -0.0155512  0.140372 0 0.300775 0 0 0.184715  0 0 0 0 0 0  
152.681 3.5801 0.0279794 -7.55707 0 4 0 0 -7.18669  -7.68836 0 3.64102 0 0 -7.36473  -0.0325904 0 0.0450015 0 0 -0.0195802  0.163886 0 0.313975 0 0 0.197621  0 0 0 0 0 0  
153.153 3.5931 0.0275601 -7.21633 0 4 0 0 -6.99064  -7.33449 0 3.64592 0 0 -7.16746  -0.0351254 0 0.0455845 0 0 -0.0119755  0.15328 0 0.308493 0 0 0.188801  0 0 0 0 0 0  
153.624 3.60625 0.027549 -7.08157 0 4 0 0 -7.05722  -7.19101 0 3.63659 0 0 -7.22869  -0.0424797 0 0.0478088 0 0 -0.0166814  0.151913 0 0.3156 0 0 0.188148  0 0 0 0 0 0  
154.095 3.61919 0.0273691 -7.07405 0 4 0 0 -7.0588  -7.17587 0 3.6402 0 0 -7.23239  -0.0393093 0 0.0458482 0 0 -0.0100446  0.141125 0 0.313948 0 0 0.183629  0 0 0 0 0 0  
154.566 3.63179 0.0262328 -7.14464 0 4 0 0 -7.10268  -7.25486 0 3.65561 0 0 -7.2765  -0.0277557 0 0.0463845 0 0 -0.00876141  0.137976 0 0.298004 0 0 0.182579  0 0 0 0 0 0  
155.038 3.64401 0.0254816 -7.24005 0 4 0 0 -7.1424  -7.33951 0 3.66742 0 0 -7.29908  -0.0302069 0 0.0460965 0 0 -0.00839622  0.129663 0 0.286487 0 0 0.165082  0 0 0 0 0 0  
155.509 3.65571 0.0244839 -7.40072 0 4 0 0 -7.35784  -7.47762 0 3.68712 0 0 -7.49132  -0.0220259 0 0.0456889 0 0 -0.011769  0.0989314 0 0.267195 0 0 0.145244  0 0 0 0 0 0  
155.98 3.66754 0.024772 -7.54053 0 4 0 0 -7.45201  -7.61521 0 3.696 0 0 -7.58751  -0.0248378 0 0.0469248 0 0 -0.0124593  0.0995159 0 0.257075 0 0 0.147964  0 0 0 0 0 0  
156.451 3.67901 0.0240351 -7.64061 0 4 0 0 -7.44527  -7.72132 0 3.69883 0 0 -7.58498  -0.0264454 0 0.0484078 0 0 -0.0132848  0.10716 0 0.25276 0 0 0.152991  0 0 0 0 0 0  
156.923 3.69016 0.022998 -7.76638 0 4 0 0 -7.41446  -7.84513 0 3.71468 0 0 -7.5544  -0.0272356 0 0.0449933 0 0 -0.0163702  0.105982 0 0.240326 0 0 0.156305  0 0 0 0 0 0  
157.394 3.70056 0.0215208 -7.83505 0 4 0 0 -7.43114  -7.9018 0 3.73579 0 0 -7.54186  -0.0260627 0 0.0436541 0 0 -0.0150476  0.0928146 0 0.220553 0 0 0.125765  0 0 0 0 0 0  
157.865 3.71033 0.0203729 -7.85492 0 4 0 0 -7.36455  -7.9217 0 3.75201 0 0 -7.46645  -0.0263921 0 0.0388748 0 0 -0.0128625  0.0931724 0 0.209115 0 0 0.114757  0 0 0 0 0 0  
158.336 3.72002 0.0209817 -7.61304 0 4 0 0 -7.3536  -7.67707 0 3.74539 0 0 -7.44659  -0.0277664 0 0.0391594 0 0 -0.0138297  0.0918021 0 0.215446 0 0 0.106828  0 0 0 0 0 0  
158.808 3.73003 0.0217887 -7.61045 0 4 0 0 -7.37527  -7.67553 0 3.72983 0 0 -7.48182  -0.0282942 0 0.0382534 0 0 -0.0105237  0.0933664 0 0.231918 0 0 0.117074  0 0 0 0 0 0  
159.279 3.74041 0.022766 -7.63905 0 4 0 0 -7.48788  -7.70296 0 3.72128 0 0 -7.59111  -0.0278016 0 0.0386577 0 0 -0.0167469  0.0917155 0 0.240058 0 0 0.11997  0 0 0 0 0 0  
159.75 3.75106 0.0228222 -7.7366 0 4 0 0 -7.65346  -7.7975 0 3.72388 0 0 -7.74404  -0.0262392 0 0.0414428 0 0 -0.0181785  0.0871385 0 0.234675 0 0 0.108752  0 0 0 0 0 0  
160.221 3.76156 0.0221952 -7.819 0 4 0 0 -7.77673  -7.87612 0 3.73539 0 0 -7.86482  -0.0239292 0 0.0393511 0 0 -0.0110306  0.0810551 0 0.225264 0 0 0.0991203  0 0 0 0 0 0  
160.692 3.77202 0.0220014 -7.79567 0 4 0 0 -7.69588  -7.84441 0 3.73989 0 0 -7.77933  -0.020596 0 0.0397228 0 0 -0.0124699  0.0693407 0 0.220389 0 0 0.0959233  0 0 0 0 0 0  
161.164 3.78247 0.0223868 -7.62923 0 4 0 0 -7.59084  -7.68085 0 3.74036 0 0 -7.67033  -0.0251598 0 0.0403834 0 0 -0.0195487  0.0767865 0 0.219259 0 0 0.0990363  0 0 0 0 0 0  
161.635 3.79309 0.0229319 -7.51328 0 4 0 0 -7.39664  -7.57443 0 3.73242 0 0 -7.4901  -0.0243828 0 0.0397682 0 0 -0.0145124  0.0855316 0 0.22781 0 0 0.107978  0 0 0 0 0 0  
162.106 3.80375 0.0226036 -7.52697 0 4 0 0 -7.38654  -7.58177 0 3.73418 0 0 -7.47982  -0.0228603 0 0.0404632 0 0 -0.010555  0.0776589 0 0.22536 0 0 0.103832  0 0 0 0 0 0  
162.577 3.81427 0.0217801 -7.51281 0 4 0 0 -7.40176  -7.56599 0 3.74973 0 0 -7.49215  -0.0170345 0 0.0381995 0 0 -0.014483  0.0702117 0 0.212068 0 0 0.104871  0 0 0 0 0 0  
163.049 3.82471 0.0227623 -7.32994 0 4 0 0 -7.2958  -7.39924 0 3.72736 0 0 -7.41142  -0.0244163 0 0.041421 0 0 -0.0155567  0.0937163 0 0.231215 0 0 0.13118  0 0 0 0 0 0  
163.52 3.83558 0.0232776 -7.28667 0 4 0 0 -7.171  -7.36895 0 3.72003 0 0 -7.29358  -0.0193228 0 0.0408523 0 0 -0.0144078  0.101604 0 0.239113 0 0 0.136997  0 0 0 0 0 0  
163.991 3.84656 0.0230603 -7.28902 0 4 0 0 -6.99296  -7.37939 0 3.72517 0 0 -7.13269  -0.0205457 0 0.0384673 0 0 -0.012096  0.110922 0 0.236363 0 0 0.151827  0 0 0 0 0 0  
164.462 3.85746 0.0230005 -7.27896 0 4 0 0 -6.91184  -7.35906 0 3.72807 0 0 -7.03797  -0.0219732 0 0.0385193 0 0 -0.016591  0.102071 0 0.233412 0 0 0.142727  0 0 0 0 0 0  
164.934 3.86841 0.0234947 -7.22906 0 4 0 0 -6.9069  -7.31052 0 3.72752 0 0 -7.03165  -0.0183751 0 0.0390753 0 0 -0.0139146  0.0998287 0 0.233405 0 0 0.138661  0 0 0 0 0 0  
165.405 3.87934 0.0228055 -7.26183 0 4 0 0 -6.98034  -7.34066 0 3.7373 0 0 -7.0979  -0.0186649 0 0.037702 0 0 -0.0148807  0.0974991 0 0.224995 0 0 0.132447  0 0 0 0 0 0  
165.876 3.89 0.02297 -7.19893 0 4 0 0 -6.86263  -7.27478 0 3.73546 0 0 -6.97335  -0.0220783 0 0.038127 0 0 -0.0152263  0.0979346 0 0.22641 0 0 0.125949  0 0 0 0 0 0  
166.347 3.90086 0.0231357 -7.01753 0 4 0 0 -6.72395  -7.09782 0 3.71975 0 0 -6.83458  -0.0208924 0 0.042118 0 0 -0.0185498  0.101184 0 0.238136 0 0 0.129189  0 0 0 0 0 0  
166.819 3.9118 0.0230748 -7.04807 0 4 0 0 -6.66033  -7.1247 0 3.71793 0 0 -6.77464  -0.0281658 0 0.0404812 0 0 -0.0190083  0.104797 0 0.241584 0 0 0.133318  0 0 0 0 0 0  
167.29 3.92269 0.0234022 -7.09784 0 4 0 0 -6.69676  -7.19285 0 3.71546 0 0 -6.82485  -0.0323291 0 0.0353863 0 0 -0.021245  0.127343 0 0.249152 0 0 0.149339  0 0 0 0 0 0  
167.761 3.93359 0.0223664 -7.21702 0 4 0 0 -6.76282  -7.28504 0 3.72701 0 0 -6.87409  -0.0360059 0 0.0367039 0 0 -0.0242653  0.10403 0 0.236291 0 0 0.135538  0 0 0 0 0 0  
168.232 3.94383 0.0208955 -7.42151 0 4 0 0 -6.82126  -7.47446 0 3.73921 0 0 -6.91795  -0.0348288 0 0.0382005 0 0 -0.0174256  0.0877777 0 0.222586 0 0 0.114112  0 0 0 0 0 0  
168.704 3.95369 0.0209409 -7.65745 0 4 0 0 -7.04614  -7.72026 0 3.74692 0 0 -7.15026  -0.0311692 0 0.0378141 0 0 -0.0179643  0.0939811 0 0.215263 0 0 0.122086  0 0 0 0 0 0  
169.175 3.96374 0.0214839 -7.80284 0 4 0 0 -7.11772  -7.87371 0 3.76324 0 0 -7.23434  -0.0276245 0 0.0352807 0 0 -0.0145016  0.0984891 0 0.201482 0 0 0.131122  0 0 0 0 0 0  
169.646 3.97401 0.0220133 -7.76966 0 4 0 0 -7.18457  -7.82953 0 3.75136 0 0 -7.28408  -0.0310719 0 0.0382114 0 0 -0.0176677  0.0909441 0 0.21043 0 0 0.117177  0 0 0 0 0 0  
170.117 3.98436 0.0216596 -7.80599 0 4 0 0 -7.37044  -7.86109 0 3.75586 0 0 -7.46738  -0.0331912 0 0.0371969 0 0 -0.0227332  0.0882921 0 0.206941 0 0 0.11967  0 0 0 0 0 0  
170.588 3.99458 0.021441 -7.57552 0 4 0 0 -7.44781  -7.62825 0 3.75549 0 0 -7.53714  -0.0336674 0 0.0362409 0 0 -0.0219333  0.0863993 0 0.20827 0 0 0.111267  0 0 0 0 0 0  
171.06 4.00487 0.0219648 -7.47171 0 4 0 0 -7.48319  -7.53485 0 3.74559 0 0 -7.58847  -0.0310177 0 0.0359775 0 0 -0.0217041  0.0941593 0 0.218433 0 0 0.126987  0 0 0 0 0 0  
171.531 4.01531 0.0224428 -7.34595 0 4 0 0 -7.49593  -7.40751 0 3.73572 0 0 -7.59741  -0.0302864 0 0.0394074 0 0 -0.0241201  0.0918454 0 0.22487 0 0 0.1256  0 0 0 0 0 0  
172.002 4.02595 0.0220551 -7.21214 0 4 0 0 -7.43546  -7.27956 0 3.73519 0 0 -7.53464  -0.0271408 0 0.0388967 0 0 -0.0231813  0.0945632 0 0.225915 0 0 0.122358  0 0 0 0 0 0  
172.473 4.03638 0.0218375 -7.0286 0 4 0 0 -7.33623  -7.0964 0 3.73497 0 0 -7.43615  -0.0282506 0 0.0387112 0 0 -0.0197593  0.0960477 0 0.226314 0 0 0.119688  0 0 0 0 0 0  
172.945 4.0465 0.0219495 -6.83555 0 4 0 0 -7.19071  -6.90097 0 3.72138 0 0 -7.30986  -0.0222606 0 0.0384473 0 0 -0.0171401  0.0876885 0 0.240175 0 0 0.136295  0 0 0 0 0 0  
173.416 4.05667 0.0212813 -6.74668 0 4 0 0 -7.11754  -6.81351 0 3.72267 0 0 -7.23294  -0.0271027 0 0.0378261 0 0 -0.0205191  0.0939258 0 0.239509 0 0 0.135924  0 0 0 0 0 0  
173.887 4.06684 0.0217201 -6.72702 0 4 0 0 -7.07868  -6.80603 0 3.7227 0 0 -7.19183  -0.0259397 0 0.0373356 0 0 -0.0233333  0.104959 0 0.239963 0 0 0.136489  0 0 0 0 0 0  
174.358 4.077 0.0218503 -6.69923 0 4 0 0 -7.04972  -6.79613 0 3.72737 0 0 -7.1669  -0.0231493 0 0.0338068 0 0 -0.027263  0.120055 0 0.238825 0 0 0.144443  0 0 0 0 0 0  
174.83 4.08738 0.0225528 -6.70804 0 4 0 0 -7.117  -6.8117 0 3.72014 0 0 -7.23369  -0.0212706 0 0.0368799 0 0 -0.0276208  0.12493 0 0.242978 0 0 0.144318  0 0 0 0 0 0  
175.301 4.09814 0.0229506 -6.72147 0 4 0 0 -7.10787  -6.82511 0 3.71611 0 0 -7.20316  -0.0220977 0 0.0408624 0 0 -0.0243188  0.125741 0 0.243024 0 0 0.119605  0 0 0 0 0 0  
175.772 4.10932 0.0239997 -6.68382 0 4 0 0 -7.20137  -6.78902 0 3.69934 0 0 -7.2875  -0.0217631 0 0.0440776 0 0 -0.0274524  0.126962 0 0.256586 0 0 0.113583  0 0 0 0 0 0  
176.243 4.12109 0.0252704 -6.64061 0 4 0 0 -7.30008  -6.74935 0 3.68616 0 0 -7.38648  -0.0302814 0 0.0455681 0 0 -0.0240975  0.139025 0 0.268271 0 0 0.110502  0 0 0 0 0 0  
176.715 4.1326 0.0235019 -6.59384 0 4 0 0 -7.4139  -6.68567 0 3.70418 0 0 -7.49851  -0.0302448 0 0.0438639 0 0 -0.0220553  0.122069 0 0.25196 0 0 0.106666  0 0 0 0 0 0  
177.186 4.14339 0.0221189 -6.57394 0 4 0 0 -7.47626  -6.66206 0 3.72676 0 0 -7.56116  -0.028075 0 0.0410542 0 0 -0.0194787  0.116199 0 0.232182 0 0 0.104382  0 0 0 0 0 0  
177.657 4.15385 0.0208433 -6.45804 0 4 0 0 -7.3817  -6.55806 0 3.73912 0 0 -7.48515  -0.0230988 0 0.038298 0 0 -0.0237929  0.123112 0 0.222584 0 0 0.127241  0 0 0 0 0 0  
178.128 4.16323 0.0191949 -6.28 0 4 0 0 -7.27088  -6.38701 0 3.74665 0 0 -7.36993  -0.0235265 0 0.0292153 0 0 -0.0217904  0.130542 0 0.224137 0 0 0.120843  0 0 0 0 0 0  
178.6 4.17214 0.0191661 -6.27059 0 4 0 0 -7.42087  -6.37951 0 3.74722 0 0 -7.52896  -0.0163926 0 0.0297967 0 0 -0.0210922  0.125308 0 0.222982 0 0 0.129181  0 0 0 0 0 0  
179.071 4.18118 0.0196146 -6.22381 0 4 0 0 -7.43773  -6.3231 0 3.7531 0 0 -7.54918  -0.011986 0 0.0285079 0 0 -0.0180979  0.111273 0 0.218397 0 0 0.129544  0 0 0 0 0 0  
179.542 4.19048 0.0197228 -6.26169 0 4 0 0 -7.50195  -6.35002 0 3.7453 0 0 -7.60015  -0.00888173 0 0.0288911 0 0 -0.0159508  0.0972145 0 0.225804 0 0 0.114155  0 0 0 0 0 0  
180.013 4.19987 0.0202091 -6.3489 0 4 0 0 -7.57194  -6.43209 0 3.74022 0 0 -7.65465  -0.0135758 0 0.0320213 0 0 -0.016124  0.0967689 0 0.227756 0 0 0.0988372  0 0 0 0 0 0  
180.484 4.20951 0.0202587 -6.50781 0 4 0 0 -7.60839  -6.59144 0 3.74279 0 0 -7.70773  -0.0118368 0 0.0341143 0 0 -0.0161578  0.0954641 0 0.223099 0 0 0.115504  0 0 0 0 0 0  
180.956 4.21906 0.0205204 -6.66298 0 4 0 0 -7.63141  -6.74678 0 3.74368 0 0 -7.7369  -0.0124426 0 0.0344272 0 0 -0.0174382  0.0962416 0 0.221891 0 0 0.122929  0 0 0 0 0 0  
181.427 4.22862 0.0206457 -6.70637 0 4 0 0 -7.62518  -6.79433 0 3.7468 0 0 -7.74001  -0.010687 0 0.0333962 0 0 -0.0115335  0.0986401 0 0.2198 0 0 0.126361  0 0 0 0 0 0  
181.898 4.23838 0.0209035 -6.73487 0 4 0 0 -7.53898  -6.82285 0 3.74695 0 0 -7.65836  -0.0123588 0 0.0333772 0 0 -0.00885731  0.100332 0 0.21967 0 0 0.128241  0 0 0 0 0 0  
182.369 4.24795 0.0201917 -6.71354 0 4 0 0 -7.35784  -6.80241 0 3.76404 0 0 -7.48242  -0.00388128 0 0.0329245 0 0 0.00234436  0.0927572 0 0.203035 0 0 0.122235  0 0 0 0 0 0  
182.841 4.25753 0.0197439 -6.70905 0 4 0 0 -7.33104  -6.80469 0 3.75841 0 0 -7.45998  -0.00247079 0 0.0336619 0 0 0.000681782  0.098119 0 0.207928 0 0 0.128261  0 0 0 0 0 0  
183.312 4.26648 0.0182849 -6.66441 0 4 0 0 -7.32415  -6.75762 0 3.77433 0 0 -7.44584  -0.0042124 0 0.027832 0 0 -0.00531652  0.0974185 0 0.197838 0 0 0.127013  0 0 0 0 0 0  
183.783 4.27491 0.0176752 -6.60964 0 4 0 0 -7.37361  -6.70537 0 3.78762 0 0 -7.48625  0.000503982 0 0.0269539 0 0 -0.00285812  0.0952229 0 0.185422 0 0 0.115503  0 0 0 0 0 0  
184.254 4.28317 0.0173881 -6.51393 0 4 0 0 -7.33651  -6.59495 0 3.78981 0 0 -7.43328  -0.00142226 0 0.0269552 0 0 -0.00535516  0.0824404 0 0.183236 0 0 0.102128  0 0 0 0 0 0  
184.726 4.29165 0.0184893 -6.41458 0 4 0 0 -7.28733  -6.49735 0 3.78394 0 0 -7.38309  -0.00467954 0 0.0299993 0 0 -0.00430939  0.0874453 0 0.186057 0 0 0.100063  0 0 0 0 0 0  
185.197 4.30083 0.0200605 -6.36729 0 4 0 0 -7.23946  -6.45151 0 3.76137 0 0 -7.34176  -0.00850853 0 0.0351229 0 0 -0.00888572  0.0927198 0 0.203511 0 0 0.111189  0 0 0 0 0 0  
185.668 4.31047 0.0211502 -6.33198 0 4 0 0 -7.17726  -6.41027 0 3.74228 0 0 -7.28189  -0.0164604 0 0.0358946 0 0 -0.0150319  0.0947465 0 0.221823 0 0 0.11966  0 0 0 0 0 0  
186.139 4.32093 0.0229858 -6.34221 0 4 0 0 -7.05834  -6.41506 0 3.71481 0 0 -7.16764  -0.0205064 0 0.0381271 0 0 -0.0265483  0.0933642 0 0.247062 0 0 0.135842  0 0 0 0 0 0  
186.611 4.3321 0.0237959 -6.44142 0 4 0 0 -7.11059  -6.51259 0 3.70939 0 0 -7.22095  -0.0263555 0 0.0415536 0 0 -0.0229093  0.0975208 0 0.249053 0 0 0.133268  0 0 0 0 0 0  
187.082 4.34339 0.0230752 -6.50005 0 4 0 0 -7.09179  -6.58321 0 3.71772 0 0 -7.20577  -0.0235292 0 0.0394448 0 0 -0.0199743  0.10669 0 0.242833 0 0 0.133955  0 0 0 0 0 0  
187.553 4.35426 0.0229234 -6.51205 0 4 0 0 -7.1  -6.60414 0 3.70729 0 0 -7.21905  -0.0231443 0 0.0384857 0 0 -0.0243731  0.115238 0 0.254225 0 0 0.143423  0 0 0 0 0 0  
188.024 4.3648 0.0221081 -6.54943 0 4 0 0 -7.24477  -6.64722 0 3.71095 0 0 -7.37024  -0.0219116 0 0.0347951 0 0 -0.0298768  0.119702 0 0.254259 0 0 0.155337  0 0 0 0 0 0  
188.496 4.37505 0.0211007 -6.57736 0 4 0 0 -7.45934  -6.68084 0 3.70743 0 0 -7.58887  -0.0254688 0 0.0326326 0 0 -0.0306804  0.128944 0 0.259941 0 0 0.160215  0 0 0 0 0 0  
188.967 4.38501 0.0201953 -6.71988 0 4 0 0 -7.57983  -6.82506 0 3.72638 0 0 -7.69453  -0.0188964 0 0.0304362 0 0 -0.0247887  0.124076 0 0.243185 0 0 0.139487  0 0 0 0 0 0  
189.438 4.39466 0.0207056 -6.93743 0 4 0 0 -7.73476  -7.02109 0 3.73434 0 0 -7.84017  -0.0153517 0 0.0327851 0 0 -0.0195542  0.0990155 0 0.232872 0 0 0.124966  0 0 0 0 0 0  
189.909 4.4045 0.0209793 -7.12131 0 4 0 0 -7.95891  -7.18739 0 3.7361 0 0 -8.046  -0.0154659 0 0.034976 0 0 -0.0156533  0.0815431 0 0.228919 0 0 0.102742  0 0 0 0 0 0  
190.381 4.41436 0.0209604 -7.27711 0 4 0 0 -8.13414  -7.3439 0 3.75389 0 0 -8.21875  -0.0107829 0 0.0337552 0 0 -0.00624226  0.077575 0 0.212358 0 0 0.0908541  0 0 0 0 0 0  
190.852 4.42423 0.0209951 -7.38726 0 4 0 0 -8.05803  -7.45117 0 3.76075 0 0 -8.14723  -0.0148442 0 0.03738 0 0 -0.0108479  0.0787519 0 0.201874 0 0 0.100045  0 0 0 0 0 0  
191.323 4.4342 0.0216907 -7.4056 0 4 0 0 -7.83451  -7.46865 0 3.75197 0 0 -7.93179  -0.0115491 0 0.0408794 0 0 -0.0119264  0.0745935 0 0.207153 0 0 0.109215  0 0 0 0 0 0  
191.794 4.44453 0.022237 -7.39462 0 4 0 0 -7.67896  -7.46483 0 3.73835 0 0 -7.79251  -0.0186253 0 0.0390078 0 0 -0.0173463  0.0888407 0 0.222642 0 0 0.130904  0 0 0 0 0 0  
192.265 4.45489 0.0227703 -7.28801 0 4 0 0 -7.61512  -7.37631 0 3.72516 0 0 -7.73946  -0.0182924 0 0.0386044 0 0 -0.0140386  0.106596 0 0.23624 0 0 0.13838  0 0 0 0 0 0  
192.737 4.46587 0.023072 -6.97247 0 4 0 0 -7.37813  -7.08076 0 3.7089 0 0 -7.51343  -0.0190675 0 0.0377822 0 0 -0.0174624  0.127363 0 0.253317 0 0 0.152767  0 0 0 0 0 0  
193.208 4.47676 0.0235088 -6.89299 0 4 0 0 -7.27934  -6.99405 0 3.71721 0 0 -7.40072  -0.021519 0 0.039911 0 0 -0.0174705  0.122573 0 0.242874 0 0 0.13885  0 0 0 0 0 0  
193.679 4.48768 0.0230357 -6.87539 0 4 0 0 -7.08602  -6.97581 0 3.71316 0 0 -7.20229  -0.0185581 0 0.036882 0 0 -0.0172957  0.118978 0 0.249957 0 0 0.133574  0 0 0 0 0 0  
194.15 4.49862 0.024193 -6.87443 0 4 0 0 -6.99472  -6.9941 0 3.68383 0 0 -7.12336  -0.0255944 0 0.0371176 0 0 -0.0274553  0.145262 0 0.279052 0 0 0.156098  0 0 0 0 0 0  
194.622 4.50995 0.0241281 -6.90258 0 4 0 0 -6.97835  -7.02834 0 3.67423 0 0 -7.12336  -0.0324521 0 0.0381351 0 0 -0.0276394  0.15821 0 0.287636 0 0 0.172642  0 0 0 0 0 0  
195.093 4.52113 0.0236456 -7.02788 0 4 0 0 -7.05845  -7.14606 0 3.68164 0 0 -7.19345  -0.0350632 0 0.039708 0 0 -0.028559  0.153241 0 0.278656 0 0 0.163558  0 0 0 0 0 0  
195.564 4.53201 0.0224848 -7.29069 0 4 0 0 -7.28589  -7.38878 0 3.7078 0 0 -7.39899  -0.0228691 0 0.0407398 0 0 -0.026405  0.120959 0 0.251459 0 0 0.139502  0 0 0 0 0 0  
196.035 4.54246 0.0224626 -7.35537 0 4 0 0 -7.44476  -7.46329 0 3.72041 0 0 -7.56177  -0.0174971 0 0.0376628 0 0 -0.0221316  0.125418 0 0.241928 0 0 0.139142  0 0 0 0 0 0  
196.507 4.55268 0.0212047 -7.4642 0 4 0 0 -7.7352  -7.55443 0 3.72441 0 0 -7.84183  -0.0169166 0 0.0364835 0 0 -0.0253805  0.107139 0 0.239111 0 0 0.132013  0 0 0 0 0 0  
196.978 4.56269 0.0211612 -7.59869 0 4 0 0 -7.89818  -7.6802 0 3.73237 0 0 -8.00387  -0.0170675 0 0.0362343 0 0 -0.0154104  0.0985724 0 0.2314 0 0 0.121101  0 0 0 0 0 0  
197.449 4.57276 0.0215143 -7.63658 0 4 0 0 -7.9559  -7.71745 0 3.7297 0 0 -8.05547  -0.0161593 0 0.0376021 0 0 -0.0135935  0.0970378 0 0.232696 0 0 0.113159  0 0 0 0 0 0  
197.92 4.58293 0.0219507 -7.70369 0 4 0 0 -7.96319  -7.77604 0 3.72775 0 0 -8.05485  -0.016563 0 0.0393002 0 0 -0.0172057  0.0889155 0 0.232946 0 0 0.108868  0 0 0 0 0 0  
198.392 4.59292 0.0208485 -7.6949 0 4 0 0 -7.93654  -7.76137 0 3.73475 0 0 -8.01956  -0.0144577 0 0.0369958 0 0 -0.018741  0.0809219 0 0.228255 0 0 0.101764  0 0 0 0 0 0  
198.863 4.60254 0.0203117 -7.68872 0 4 0 0 -8.02018  -7.74928 0 3.74357 0 0 -8.09406  -0.0205226 0 0.0364834 0 0 -0.0206883  0.0810847 0 0.219949 0 0 0.0945727  0 0 0 0 0 0  
199.334 4.61229 0.0210487 -7.73524 0 4 0 0 -7.94112  -7.79313 0 3.73931 0 0 -7.99646  -0.0218936 0 0.0362191 0 0 -0.0216762  0.0797884 0 0.224472 0 0 0.0770166  0 0 0 0 0 0  
199.805 4.62219 0.0213115 -7.67216 0 4 0 0 -7.71547  -7.74148 0 3.74239 0 0 -7.77577  -0.0232791 0 0.0360507 0 0 -0.0209608  0.0926058 0 0.221562 0 0 0.0812676  0 0 0 0 0 0  
200.277 4.63262 0.022232 -7.43948 0 4 0 0 -7.42878  -7.51101 0 3.72457 0 0 -7.49898  -0.023737 0 0.0420489 0 0 -0.0216557  0.0952671 0 0.233378 0 0 0.0918507  0 0 0 0 0 0  
200.748 4.64322 0.0223596 -7.29706 0 4 0 0 -7.16335  -7.38763 0 3.7094 0 0 -7.26949  -0.0251177 0 0.0433327 0 0 -0.0216532  0.115688 0 0.247263 0 0 0.127796  0 0 0 0 0 0  
201.219 4.6536 0.0216438 -6.92474 0 4 0 0 -6.97314  -7.04233 0 3.70835 0 0 -7.0846  -0.0202934 0 0.0402093 0 0 -0.0246775  0.137891 0 0.25144 0 0 0.13614  0 0 0 0 0 0  
201.69 4.66384 0.0216335 -6.79055 0 4 0 0 -6.74382  -6.90651 0 3.70465 0 0 -6.84924  -0.0181037 0 0.0412567 0 0 -0.0235027  0.134063 0 0.254092 0 0 0.128927  0 0 0 0 0 0  
202.161 4.67387 0.0209339 -6.59688 0 4 0 0 -6.6907  -6.71393 0 3.71667 0 0 -6.80889  -0.0233918 0 0.0394853 0 0 -0.0188826  0.140441 0 0.243847 0 0 0.137075  0 0 0 0 0 0  
202.633 4.6836 0.0205231 -6.59078 0 4 0 0 -6.72416  -6.7058 0 3.72304 0 0 -6.8433  -0.0231621 0 0.0366417 0 0 -0.0190769  0.138182 0 0.240316 0 0 0.138216  0 0 0 0 0 0  
203.104 4.69309 0.0198613 -6.62531 0 4 0 0 -6.74599  -6.7275 0 3.73932 0 0 -6.85503  -0.0173231 0 0.0357791 0 0 -0.01134  0.119517 0 0.224899 0 0 0.120384  0 0 0 0 0 0  
203.575 4.7024 0.0193036 -6.60976 0 4 0 0 -6.74959  -6.70586 0 3.74096 0 0 -6.8427  -0.0208309 0 0.0350125 0 0 -0.0156701  0.116923 0 0.224029 0 0 0.10878  0 0 0 0 0 0  
204.046 4.71165 0.0198738 -6.55377 0 4 0 0 -6.77851  -6.64896 0 3.73862 0 0 -6.87628  -0.0219069 0 0.0343891 0 0 -0.0177275  0.117098 0 0.226988 0 0 0.115499  0 0 0 0 0 0  
204.518 4.72127 0.0214757 -6.57549 0 4 0 0 -6.76869  -6.66669 0 3.72565 0 0 -6.86689  -0.0221548 0 0.0407909 0 0 -0.0172203  0.113354 0 0.233564 0 0 0.115415  0 0 0 0 0 0  
204.989 4.73146 0.0216324 -6.69185 0 4 0 0 -6.7111  -6.78788 0 3.72134 0 0 -6.81727  -0.0218738 0 0.0411823 0 0 -0.0180123  0.117898 0 0.237477 0 0 0.12418  0 0 0 0 0 0  
205.46 4.74161 0.0215269 -6.82108 0 4 0 0 -6.71933  -6.92493 0 3.72117 0 0 -6.83953  -0.0229285 0 0.0406442 0 0 -0.0221568  0.126787 0 0.238183 0 0 0.142356  0 0 0 0 0 0  
205.931 4.75175 0.0213427 -6.80801 0 4 0 0 -6.69899  -6.90636 0 3.7244 0 0 -6.81063  -0.0210454 0 0.0401332 0 0 -0.024276  0.119398 0 0.235471 0 0 0.135918  0 0 0 0 0 0  
206.403 4.76185 0.0215576 -6.90942 0 4 0 0 -6.67525  -7.01474 0 3.72276 0 0 -6.79706  -0.0228788 0 0.0373566 0 0 -0.0273238  0.128199 0 0.239881 0 0 0.14913  0 0 0 0 0 0  
206.874 4.77232 0.0226101 -7.00944 0 4 0 0 -6.68536  -7.10365 0 3.71631 0 0 -6.81042  -0.0196406 0 0.0396039 0 0 -0.0271799  0.113858 0 0.244088 0 0 0.152233  0 0 0 0 0 0  
207.345 4.78312 0.023261 -7.10947 0 4 0 0 -6.63759  -7.19772 0 3.71311 0 0 -6.7514  -0.0172027 0 0.0418654 0 0 -0.0189422  0.105453 0 0.245022 0 0 0.132748  0 0 0 0 0 0  
207.816 4.79446 0.0249555 -7.14015 0 4 0 0 -6.50142  -7.22473 0 3.69728 0 0 -6.62856  -0.0196342 0 0.0409694 0 0 -0.0276734  0.104211 0 0.261748 0 0 0.154813  0 0 0 0 0 0  
208.288 4.80649 0.0257837 -7.09387 0 4 0 0 -6.41075  -7.18533 0 3.67989 0 0 -6.5482  -0.0308194 0 0.0420379 0 0 -0.0357206  0.122281 0 0.27807 0 0 0.173163  0 0 0 0 0 0  
208.759 4.8189 0.0267869 -6.98381 0 4 0 0 -6.4783  -7.06852 0 3.66622 0 0 -6.61768  -0.0385409 0 0.0402715 0 0 -0.043885  0.123253 0 0.293507 0 0 0.183264  0 0 0 0 0 0  
209.23 4.83166 0.0273292 -6.95555 0 4 0 0 -6.55422  -7.02617 0 3.67908 0 0 -6.67754  -0.0465108 0 0.042479 0 0 -0.0438348  0.117133 0 0.278436 0 0 0.167149  0 0 0 0 0 0  
209.701 4.84459 0.0276669 -6.96262 0 4 0 0 -6.57448  -7.04912 0 3.67541 0 0 -6.71727  -0.0463311 0 0.0403165 0 0 -0.0409833  0.132832 0 0.284273 0 0 0.183765  0 0 0 0 0 0  
210.173 4.85737 0.0267042 -7.01328 0 4 0 0 -6.69616  -7.08467 0 3.6822 0 0 -6.8299  -0.0523087 0 0.0387118 0 0 -0.043022  0.123698 0 0.27909 0 0 0.176761  0 0 0 0 0 0  
210.644 4.86972 0.0247609 -7.05574 0 4 0 0 -6.75986  -7.10722 0 3.71584 0 0 -6.86664  -0.0438712 0 0.0398758 0 0 -0.0354448  0.0953432 0 0.244284 0 0 0.142227  0 0 0 0 0 0  
211.115 4.88101 0.0229732 -7.16924 0 4 0 0 -6.71072  -7.21966 0 3.72978 0 0 -6.81356  -0.0456971 0 0.0381255 0 0 -0.0304859  0.0961111 0 0.232096 0 0 0.133321  0 0 0 0 0 0  
211.586 4.89139 0.0214154 -7.2669 0 4 0 0 -6.69737  -7.32468 0 3.74355 0 0 -6.79711  -0.0419565 0 0.0366052 0 0 -0.0261873  0.0997328 0 0.219846 0 0 0.125929  0 0 0 0 0 0  
212.058 4.90128 0.020631 -7.23352 0 4 0 0 -6.6303  -7.30217 0 3.75653 0 0 -6.72146  -0.0320733 0 0.0335525 0 0 -0.0283585  0.100716 0 0.209921 0 0 0.11952  0 0 0 0 0 0  
212.529 4.91083 0.0201104 -7.43354 0 4 0 0 -6.6412  -7.49903 0 3.76193 0 0 -6.71844  -0.0298374 0 0.0346495 0 0 -0.0297162  0.0953281 0 0.20342 0 0 0.106954  0 0 0 0 0 0  
213 4.92016 0.0193887 -7.64167 0 4 0 0 -6.76004  -7.69798 0 3.77545 0 0 -6.83008  -0.0299902 0 0.0308083 0 0 -0.026519  0.0862934 0 0.193745 0 0 0.0965539  0 0 0 0 0 0  
213.471 4.92928 0.0196387 -7.73804 0 4 0 0 -6.81574  -7.79116 0 3.78131 0 0 -6.8899  -0.0276886 0 0.0298877 0 0 -0.0215212  0.0808037 0 0.188804 0 0 0.0956768  0 0 0 0 0 0  
213.942 4.93869 0.020045 -7.89719 0 4 0 0 -6.96142  -7.94829 0 3.78415 0 0 -7.02794  -0.0254274 0 0.0311312 0 0 -0.0184763  0.0765319 0 0.184717 0 0 0.0849994  0 0 0 0 0 0  
214.414 4.94836 0.0204127 -8.00951 0 4 0 0 -7.10937  -8.06394 0 3.78249 0 0 -7.175  -0.0215288 0 0.0317228 0 0 -0.0204177  0.0759536 0 0.18579 0 0 0.0860512  0 0 0 0 0 0  
214.885 4.95772 0.0193177 -8.0328 0 4 0 0 -7.17728  -8.07737 0 3.79374 0 0 -7.24277  -0.0174665 0 0.0316889 0 0 -0.0155216  0.06204 0 0.174572 0 0 0.0810148  0 0 0 0 0 0  
215.356 4.9668 0.0192911 -7.88682 0 4 0 0 -7.19168  -7.93861 0 3.79156 0 0 -7.26289  -0.0147962 0 0.0304599 0 0 -0.0166699  0.0665893 0 0.177979 0 0 0.0878815  0 0 0 0 0 0  
215.827 4.97574 0.0188726 -7.85729 0 4 0 0 -7.24925  -7.91229 0 3.80175 0 0 -7.3173  -0.0140907 0 0.0283188 0 0 -0.014631  0.0690905 0 0.169928 0 0 0.0826812  0 0 0 0 0 0  
216.299 4.98452 0.0183166 -7.6495 0 4 0 0 -7.18618  -7.70336 0 3.80161 0 0 -7.25535  -0.0140283 0 0.0298451 0 0 -0.0185039  0.0678895 0 0.168546 0 0 0.0876707  0 0 0 0 0 0  
216.77 4.99337 0.018911 -7.60421 0 4 0 0 -7.20265  -7.65257 0 3.79078 0 0 -7.27047  -0.013755 0 0.0325831 0 0 -0.0157361  0.0621222 0 0.17664 0 0 0.0835537  0 0 0 0 0 0  
217.241 5.00203 0.0180573 -7.59697 0 4 0 0 -7.10124  -7.6503 0 3.79858 0 0 -7.17417  -0.010763 0 0.0304424 0 0 -0.0124977  0.0640964 0 0.17098 0 0 0.0854247  0 0 0 0 0 0  
