# LF_DEM version v3.0-126-gb72fb1a
# np 1000
# VF 0.76
# Lx 73.993
# Ly 0
# Lz 73.993
# flow_type shear
# data in cl units.
#1: time
#2: cumulated strain
#3: shear rate
#4-9: total stress tensor (xx, xy, xz, yz, yy, zz)
#10-15: contact stress tensor (xx, xy, xz, yz, yy, zz)
#16-21: dashpot stress tensor (xx, xy, xz, yz, yy, zz)
#22-27: hydro stress tensor (xx, xy, xz, yz, yy, zz)
#28-33: repulsion stress tensor (xx, xy, xz, yz, yy, zz)

0.00942478 0.000468869 0.0497486 -2.54276 0 2 0 0 -2.16387  -2.76324 0 1.33992 0 0 -2.52589  -0.108823 0 0.0512933 0 0 -0.132505  0.329306 0 0.608784 0 0 0.494523  0 0 0 0 0 0  
0.942478 0.0393432 0.0385805 -2.64494 0 2 0 0 -2.41041  -2.82529 0 1.46328 0 0 -2.65975  -0.091645 0 0.0471901 0 0 -0.107911  0.271996 0 0.489535 0 0 0.357245  0 0 0 0 0 0  
1.88496 0.0737122 0.034176 -2.83644 0 2 0 0 -2.81041  -2.98421 0 1.55445 0 0 -3.02055  -0.0670774 0 0.0473462 0 0 -0.0786375  0.214843 0 0.398202 0 0 0.288776  0 0 0 0 0 0  
2.82743 0.105353 0.0326742 -2.92754 0 2 0 0 -3.02671  -3.0567 0 1.61363 0 0 -3.21765  -0.0447416 0 0.0410383 0 0 -0.0483145  0.173896 0 0.345333 0 0 0.239257  0 0 0 0 0 0  
3.76991 0.135575 0.0311712 -2.98341 0 2 0 0 -3.06184  -3.08554 0 1.63631 0 0 -3.2364  -0.0494685 0 0.0364576 0 0 -0.0401685  0.1516 0 0.32723 0 0 0.21472  0 0 0 0 0 0  
4.71239 0.165407 0.0317569 -3.0304 0 2 0 0 -3.04945  -3.11167 0 1.61701 0 0 -3.19617  -0.0633727 0 0.0424379 0 0 -0.0385498  0.144648 0 0.340556 0 0 0.185273  0 0 0 0 0 0  
5.65487 0.194895 0.0312158 -3.08165 0 2 0 0 -3.05887  -3.1575 0 1.62158 0 0 -3.21019  -0.043578 0 0.0451224 0 0 -0.0374432  0.119436 0 0.333294 0 0 0.188763  0 0 0 0 0 0  
6.59734 0.22399 0.0306666 -3.05017 0 2 0 0 -2.91749  -3.16765 0 1.61954 0 0 -3.09217  -0.0468505 0 0.0355158 0 0 -0.0510048  0.164336 0 0.344944 0 0 0.225685  0 0 0 0 0 0  
7.53982 0.252499 0.030159 -2.97781 0 2 0 0 -2.8302  -3.10463 0 1.62508 0 0 -3.01342  -0.0448101 0 0.0389892 0 0 -0.0464383  0.171638 0 0.335927 0 0 0.229665  0 0 0 0 0 0  
8.4823 0.281453 0.0302606 -2.96029 0 2 0 0 -2.70788  -3.09507 0 1.60233 0 0 -2.90859  -0.0603725 0 0.0377282 0 0 -0.0706995  0.19515 0 0.359945 0 0 0.271406  0 0 0 0 0 0  
9.42478 0.30961 0.0292962 -2.87565 0 2 0 0 -2.60264  -3.01616 0 1.60719 0 0 -2.7994  -0.0617093 0 0.0354736 0 0 -0.0651192  0.202214 0 0.357333 0 0 0.261878  0 0 0 0 0 0  
10.3673 0.336233 0.027645 -2.88797 0 2 0 0 -2.59394  -3.01174 0 1.61812 0 0 -2.78761  -0.0594094 0 0.036072 0 0 -0.0510164  0.183184 0 0.345803 0 0 0.244691  0 0 0 0 0 0  
11.3097 0.361609 0.0269724 -2.98274 0 2 0 0 -2.72634  -3.08861 0 1.61272 0 0 -2.9175  -0.0609881 0 0.0356416 0 0 -0.0625834  0.166863 0 0.351635 0 0 0.253741  0 0 0 0 0 0  
12.2522 0.386704 0.026668 -3.09271 0 2 0 0 -2.79912  -3.18215 0 1.62077 0 0 -2.98814  -0.0526985 0 0.0361522 0 0 -0.0553948  0.142131 0 0.34308 0 0 0.244418  0 0 0 0 0 0  
13.1947 0.411997 0.0272719 -3.10487 0 2 0 0 -2.83364  -3.18972 0 1.62334 0 0 -3.01553  -0.0506101 0 0.0410388 0 0 -0.0503545  0.135463 0 0.335623 0 0 0.232243  0 0 0 0 0 0  
14.1372 0.43817 0.0283747 -3.02432 0 2 0 0 -2.7367  -3.12077 0 1.59844 0 0 -2.95136  -0.0513554 0 0.0398245 0 0 -0.0561596  0.147808 0 0.361738 0 0 0.270816  0 0 0 0 0 0  
15.0796 0.465321 0.0286285 -3.00926 0 2 0 0 -2.69743  -3.11836 0 1.59108 0 0 -2.89968  -0.0526494 0 0.0377036 0 0 -0.0508625  0.161749 0 0.371216 0 0 0.253112  0 0 0 0 0 0  
16.0221 0.492432 0.0290958 -3.00133 0 2 0 0 -2.70008  -3.11036 0 1.61126 0 0 -2.90522  -0.0485693 0 0.0408203 0 0 -0.0397116  0.157603 0 0.347919 0 0 0.24485  0 0 0 0 0 0  
16.9646 0.519535 0.0285982 -2.94423 0 2 0 0 -2.80955  -3.04983 0 1.61527 0 0 -2.99505  -0.0569377 0 0.0391575 0 0 -0.0588939  0.16254 0 0.345571 0 0 0.244393  0 0 0 0 0 0  
17.9071 0.5461 0.0277036 -2.82837 0 2 0 0 -2.96702  -2.93611 0 1.62382 0 0 -3.13914  -0.0597899 0 0.0363012 0 0 -0.0690236  0.167526 0 0.339883 0 0 0.241146  0 0 0 0 0 0  
18.8496 0.572262 0.0271695 -2.77816 0 2 0 0 -3.05951  -2.88712 0 1.62095 0 0 -3.22419  -0.0528376 0 0.0396476 0 0 -0.063361  0.161796 0 0.339401 0 0 0.228042  0 0 0 0 0 0  
19.792 0.597629 0.0278938 -2.83653 0 2 0 0 -3.1456  -2.97297 0 1.62411 0 0 -3.33442  -0.0521027 0 0.0341517 0 0 -0.0590382  0.188542 0 0.341736 0 0 0.247856  0 0 0 0 0 0  
20.7345 0.623368 0.0272462 -2.90111 0 2 0 0 -3.04747  -3.02252 0 1.62703 0 0 -3.23976  -0.0525946 0 0.0370716 0 0 -0.0477634  0.173998 0 0.3359 0 0 0.240048  0 0 0 0 0 0  
21.677 0.648959 0.0271041 -3.04287 0 2 0 0 -2.99957  -3.15343 0 1.63879 0 0 -3.18291  -0.0537816 0 0.0366319 0 0 -0.0421689  0.16434 0 0.324577 0 0 0.225504  0 0 0 0 0 0  
22.6195 0.675132 0.0282104 -3.08184 0 2 0 0 -2.94605  -3.20158 0 1.62765 0 0 -3.12099  -0.0504789 0 0.0352323 0 0 -0.0440479  0.170219 0 0.337119 0 0 0.218988  0 0 0 0 0 0  
23.5619 0.701768 0.028794 -3.11065 0 2 0 0 -2.85837  -3.21896 0 1.61252 0 0 -3.038  -0.058076 0 0.0371439 0 0 -0.0539336  0.166391 0 0.350335 0 0 0.23357  0 0 0 0 0 0  
24.5044 0.72927 0.0293934 -3.0658 0 2 0 0 -2.72487  -3.1887 0 1.59349 0 0 -2.93297  -0.0520074 0 0.0383962 0 0 -0.0589724  0.174907 0 0.368113 0 0 0.267076  0 0 0 0 0 0  
25.4469 0.756285 0.0281992 -3.07889 0 2 0 0 -2.74253  -3.17485 0 1.6119 0 0 -2.9136  -0.0519986 0 0.0447476 0 0 -0.0537649  0.147957 0 0.34335 0 0 0.22484  0 0 0 0 0 0  
26.3894 0.78304 0.0283289 -3.06093 0 2 0 0 -2.75126  -3.17137 0 1.62807 0 0 -2.89457  -0.0550181 0 0.0399738 0 0 -0.0470109  0.165459 0 0.331956 0 0 0.190327  0 0 0 0 0 0  
27.3319 0.809588 0.0277262 -2.99809 0 2 0 0 -2.80449  -3.09898 0 1.62743 0 0 -2.94802  -0.0530716 0 0.0420336 0 0 -0.0503582  0.153965 0 0.330536 0 0 0.193885  0 0 0 0 0 0  
28.2743 0.835612 0.0274539 -2.94628 0 2 0 0 -2.88339  -3.04872 0 1.63426 0 0 -3.03709  -0.0475351 0 0.0384893 0 0 -0.0512574  0.149972 0 0.32725 0 0 0.20496  0 0 0 0 0 0  
29.2168 0.861332 0.0265798 -2.90467 0 2 0 0 -3.04495  -2.9881 0 1.64447 0 0 -3.18204  -0.047756 0 0.0410433 0 0 -0.0462438  0.131188 0 0.314486 0 0 0.183326  0 0 0 0 0 0  
30.1593 0.886369 0.0260947 -2.81665 0 2 0 0 -3.19704  -2.91785 0 1.6576 0 0 -3.3623  -0.0439546 0 0.0334448 0 0 -0.04911  0.145156 0 0.308957 0 0 0.214368  0 0 0 0 0 0  
31.1018 0.910305 0.0245929 -2.84339 0 2 0 0 -3.29044  -2.93299 0 1.67581 0 0 -3.42685  -0.0336871 0 0.0363176 0 0 -0.0346863  0.123286 0 0.28787 0 0 0.171089  0 0 0 0 0 0  
32.0442 0.933303 0.0239354 -2.87989 0 2 0 0 -3.30652  -2.99814 0 1.68435 0 0 -3.45802  -0.0365535 0 0.0290601 0 0 -0.0382004  0.154804 0 0.286594 0 0 0.189708  0 0 0 0 0 0  
32.9867 0.955396 0.0231353 -3.01259 0 2 0 0 -3.3039  -3.12361 0 1.69851 0 0 -3.44104  -0.0360044 0 0.0298766 0 0 -0.0320543  0.147016 0 0.271617 0 0 0.169186  0 0 0 0 0 0  
33.9292 0.977045 0.0230303 -3.15463 0 2 0 0 -3.34643  -3.26886 0 1.69532 0 0 -3.48189  -0.0311649 0 0.030971 0 0 -0.0314307  0.145393 0 0.273705 0 0 0.166891  0 0 0 0 0 0  
34.8717 0.99905 0.0235778 -3.28862 0 2 0 0 -3.31089  -3.38218 0 1.70081 0 0 -3.44731  -0.0249074 0 0.0364979 0 0 -0.0202769  0.118475 0 0.262696 0 0 0.156692  0 0 0 0 0 0  
35.8142 1.02165 0.0241602 -3.35477 0 2 0 0 -3.17384  -3.4561 0 1.69898 0 0 -3.32484  -0.0267983 0 0.0323416 0 0 -0.022471  0.128129 0 0.268675 0 0 0.173472  0 0 0 0 0 0  
36.7566 1.04501 0.0253762 -3.48107 0 2 0 0 -3.23895  -3.57211 0 1.69189 0 0 -3.36534  -0.0219435 0 0.0351449 0 0 -0.0280913  0.112982 0 0.272963 0 0 0.154479  0 0 0 0 0 0  
37.6991 1.0692 0.0255934 -3.58358 0 2 0 0 -3.2731  -3.69322 0 1.68181 0 0 -3.38355  -0.0278173 0 0.0376701 0 0 -0.0411011  0.137448 0 0.280519 0 0 0.15156  0 0 0 0 0 0  
38.6416 1.09335 0.0254673 -3.62912 0 2 0 0 -3.32574  -3.74934 0 1.68026 0 0 -3.43762  -0.0367848 0 0.036877 0 0 -0.0402903  0.156998 0 0.282866 0 0 0.152175  0 0 0 0 0 0  
39.5841 1.1172 0.0252745 -3.49751 0 2 0 0 -3.311  -3.61582 0 1.67728 0 0 -3.43684  -0.0437534 0 0.0373011 0 0 -0.0451393  0.162067 0 0.285419 0 0 0.170978  0 0 0 0 0 0  
40.5265 1.14067 0.0238684 -3.39879 0 2 0 0 -3.19526  -3.5274 0 1.68608 0 0 -3.33882  -0.0491901 0 0.0326659 0 0 -0.0406251  0.177806 0 0.281252 0 0 0.184191  0 0 0 0 0 0  
41.469 1.16292 0.0231698 -3.38853 0 2 0 0 -3.08778  -3.51575 0 1.69326 0 0 -3.23692  -0.0430746 0 0.0297377 0 0 -0.0431926  0.170295 0 0.277006 0 0 0.192327  0 0 0 0 0 0  
42.4115 1.18496 0.0232199 -3.41902 0 2 0 0 -3.01201  -3.53409 0 1.6937 0 0 -3.17123  -0.0348479 0 0.0292347 0 0 -0.0464963  0.149916 0 0.277066 0 0 0.205717  0 0 0 0 0 0  
43.354 1.20749 0.0243563 -3.27424 0 2 0 0 -2.88313  -3.40399 0 1.68428 0 0 -3.03731  -0.0324019 0 0.0347359 0 0 -0.028106  0.162148 0 0.280983 0 0 0.182285  0 0 0 0 0 0  
44.2965 1.2311 0.0259039 -3.0948 0 2 0 0 -2.73135  -3.22429 0 1.64889 0 0 -2.89206  -0.0399378 0 0.0434986 0 0 -0.0279961  0.169434 0 0.307612 0 0 0.188706  0 0 0 0 0 0  
45.2389 1.25549 0.02563 -2.99731 0 2 0 0 -2.78985  -3.12042 0 1.64232 0 0 -2.95837  -0.0403486 0 0.0425116 0 0 -0.0281862  0.163465 0 0.315167 0 0 0.196707  0 0 0 0 0 0  
46.1814 1.27983 0.026307 -2.85845 0 2 0 0 -2.84354  -2.98512 0 1.63216 0 0 -3.01638  -0.0447639 0 0.0402438 0 0 -0.0285797  0.171439 0 0.327596 0 0 0.201418  0 0 0 0 0 0  
47.1239 1.30453 0.0261399 -2.76286 0 2 0 0 -2.90526  -2.93113 0 1.61918 0 0 -3.11656  -0.0514357 0 0.0322222 0 0 -0.0404012  0.219699 0 0.348602 0 0 0.251702  0 0 0 0 0 0  
48.0664 1.32924 0.0269021 -2.70984 0 2 0 0 -3.01308  -2.87722 0 1.61062 0 0 -3.21274  -0.052771 0 0.0331727 0 0 -0.046727  0.220142 0 0.356203 0 0 0.246379  0 0 0 0 0 0  
49.0088 1.35485 0.0273337 -2.69095 0 2 0 0 -3.07313  -2.84577 0 1.6162 0 0 -3.26945  -0.0413135 0 0.037676 0 0 -0.0410436  0.196132 0 0.346126 0 0 0.23736  0 0 0 0 0 0  
49.9513 1.38113 0.0283559 -2.57709 0 2 0 0 -3.07397  -2.72706 0 1.59873 0 0 -3.28066  -0.0480323 0 0.0392556 0 0 -0.0430979  0.198001 0 0.362019 0 0 0.249794  0 0 0 0 0 0  
50.8938 1.40853 0.0292824 -2.51684 0 2 0 0 -3.04131  -2.68252 0 1.56254 0 0 -3.25532  -0.0627404 0 0.0382225 0 0 -0.050683  0.228423 0 0.399237 0 0 0.264692  0 0 0 0 0 0  
51.8363 1.43625 0.02957 -2.52933 0 2 0 0 -2.91764  -2.70345 0 1.56329 0 0 -3.14914  -0.0598413 0 0.037488 0 0 -0.049423  0.233955 0 0.399219 0 0 0.28092  0 0 0 0 0 0  
52.7788 1.4631 0.0276541 -2.54214 0 2 0 0 -2.79348  -2.70321 0 1.60099 0 0 -3.02653  -0.0606409 0 0.0292995 0 0 -0.0517266  0.221704 0 0.369709 0 0 0.284777  0 0 0 0 0 0  
53.7212 1.48829 0.026343 -2.51344 0 2 0 0 -2.88497  -2.64788 0 1.62444 0 0 -3.09273  -0.0590835 0 0.0331072 0 0 -0.0473945  0.193522 0 0.342454 0 0 0.25516  0 0 0 0 0 0  
54.6637 1.51318 0.0269349 -2.5553 0 2 0 0 -2.8465  -2.68069 0 1.62381 0 0 -3.03925  -0.054153 0 0.0314974 0 0 -0.0430344  0.179544 0 0.344688 0 0 0.235788  0 0 0 0 0 0  
55.6062 1.53922 0.0278426 -2.51874 0 2 0 0 -2.78537  -2.64752 0 1.59947 0 0 -2.97448  -0.0543414 0 0.0365791 0 0 -0.0592348  0.183126 0 0.363947 0 0 0.248349  0 0 0 0 0 0  
56.5487 1.56576 0.0277514 -2.47893 0 2 0 0 -2.72333  -2.64148 0 1.58238 0 0 -2.93993  -0.0598604 0 0.0306623 0 0 -0.0597672  0.222411 0 0.386959 0 0 0.276364  0 0 0 0 0 0  
57.4911 1.59202 0.0282494 -2.53954 0 2 0 0 -2.73705  -2.69267 0 1.57701 0 0 -2.95214  -0.0666979 0 0.0310775 0 0 -0.0520745  0.219826 0 0.391913 0 0 0.267164  0 0 0 0 0 0  
58.4336 1.61759 0.0262018 -2.54685 0 2 0 0 -2.86927  -2.68701 0 1.61872 0 0 -3.06637  -0.0622631 0 0.0291052 0 0 -0.0477567  0.202424 0 0.352175 0 0 0.244853  0 0 0 0 0 0  
59.3761 1.6422 0.0260714 -2.57398 0 2 0 0 -3.01552  -2.7 0 1.63693 0 0 -3.18766  -0.0424755 0 0.0402677 0 0 -0.0381234  0.168493 0 0.322806 0 0 0.210266  0 0 0 0 0 0  
60.3186 1.66623 0.0248653 -2.55899 0 2 0 0 -3.14735  -2.69136 0 1.66076 0 0 -3.30063  -0.0452324 0 0.0339003 0 0 -0.0394808  0.177608 0 0.305345 0 0 0.192761  0 0 0 0 0 0  
61.2611 1.68931 0.0240294 -2.56575 0 2 0 0 -3.16573  -2.69849 0 1.66852 0 0 -3.31257  -0.0470386 0 0.0306285 0 0 -0.0420263  0.17978 0 0.300853 0 0 0.188861  0 0 0 0 0 0  
62.2035 1.71146 0.0229883 -2.61289 0 2 0 0 -3.16041  -2.73132 0 1.6878 0 0 -3.29536  -0.0404527 0 0.0337851 0 0 -0.0381978  0.158886 0 0.278415 0 0 0.173147  0 0 0 0 0 0  
63.146 1.73255 0.0221455 -2.74916 0 2 0 0 -3.19072  -2.84675 0 1.70634 0 0 -3.31354  -0.0404626 0 0.0325778 0 0 -0.0402711  0.138051 0 0.261087 0 0 0.163099  0 0 0 0 0 0  
64.0885 1.75364 0.0222313 -2.81555 0 2 0 0 -3.17894  -2.9108 0 1.71942 0 0 -3.30782  -0.0319068 0 0.0287622 0 0 -0.0357192  0.127161 0 0.251815 0 0 0.164596  0 0 0 0 0 0  
65.031 1.77466 0.0224393 -2.79554 0 2 0 0 -3.206  -2.88667 0 1.70632 0 0 -3.33313  -0.0335133 0 0.0327701 0 0 -0.0317626  0.124643 0 0.260907 0 0 0.158895  0 0 0 0 0 0  
65.9734 1.79574 0.0228035 -2.78921 0 2 0 0 -3.24797  -2.87924 0 1.7009 0 0 -3.39542  -0.0318463 0 0.0310805 0 0 -0.0255506  0.121881 0 0.268021 0 0 0.173009  0 0 0 0 0 0  
66.9159 1.81737 0.0230724 -2.72709 0 2 0 0 -3.23114  -2.83425 0 1.67727 0 0 -3.39754  -0.0361931 0 0.0296322 0 0 -0.0278596  0.143355 0 0.293093 0 0 0.194267  0 0 0 0 0 0  
67.8584 1.83969 0.0242307 -2.68375 0 2 0 0 -3.06046  -2.81284 0 1.66261 0 0 -3.26401  -0.0437063 0 0.0291914 0 0 -0.0317681  0.172795 0 0.308198 0 0 0.235313  0 0 0 0 0 0  
68.8009 1.8625 0.0245799 -2.64334 0 2 0 0 -2.88347  -2.7675 0 1.66081 0 0 -3.10904  -0.0522272 0 0.0317143 0 0 -0.029025  0.17638 0 0.30748 0 0 0.2546  0 0 0 0 0 0  
69.7434 1.88575 0.0248781 -2.65827 0 2 0 0 -2.73649  -2.79859 0 1.65794 0 0 -2.97966  -0.0556062 0 0.025053 0 0 -0.0398525  0.195927 0 0.317009 0 0 0.283026  0 0 0 0 0 0  
70.6858 1.90994 0.0264417 -2.66203 0 2 0 0 -2.73193  -2.79998 0 1.63614 0 0 -2.98603  -0.049014 0 0.0269882 0 0 -0.0418056  0.186965 0 0.336867 0 0 0.295903  0 0 0 0 0 0  
71.6283 1.93533 0.0271888 -2.65115 0 2 0 0 -2.69669  -2.79703 0 1.61832 0 0 -2.91604  -0.0477346 0 0.0321939 0 0 -0.044225  0.193613 0 0.349488 0 0 0.263567  0 0 0 0 0 0  
72.5708 1.96098 0.0271663 -2.74911 0 2 0 0 -2.78517  -2.87918 0 1.60456 0 0 -2.97894  -0.0516366 0 0.0326415 0 0 -0.0541496  0.181709 0 0.362799 0 0 0.247921  0 0 0 0 0 0  
73.5133 1.98662 0.0272886 -2.75621 0 2 0 0 -2.88429  -2.88311 0 1.61455 0 0 -3.0592  -0.0474382 0 0.033612 0 0 -0.0642539  0.174333 0 0.351839 0 0 0.239158  0 0 0 0 0 0  
74.4557 2.01198 0.0264902 -2.78744 0 2 0 0 -3.0415  -2.90343 0 1.62197 0 0 -3.2085  -0.0585983 0 0.0333446 0 0 -0.0674295  0.174589 0 0.34469 0 0 0.234429  0 0 0 0 0 0  
75.3982 2.03693 0.0255013 -2.82532 0 2 0 0 -3.15751  -2.9327 0 1.65576 0 0 -3.31618  -0.0471565 0 0.0293209 0 0 -0.0531503  0.154541 0 0.314915 0 0 0.211818  0 0 0 0 0 0  
76.3407 2.06064 0.0249563 -2.8968 0 2 0 0 -3.2425  -2.99916 0 1.67553 0 0 -3.38753  -0.046604 0 0.0315772 0 0 -0.037757  0.148967 0 0.292892 0 0 0.182789  0 0 0 0 0 0  
77.2832 2.0837 0.0243759 -2.87295 0 2 0 0 -3.29457  -2.96849 0 1.6738 0 0 -3.42374  -0.0536283 0 0.0347132 0 0 -0.0437205  0.149167 0 0.291485 0 0 0.172893  0 0 0 0 0 0  
78.2257 2.10706 0.0253539 -2.91215 0 2 0 0 -3.2898  -3.01298 0 1.66468 0 0 -3.41452  -0.0505958 0 0.0363958 0 0 -0.0425102  0.151433 0 0.298929 0 0 0.167234  0 0 0 0 0 0  
79.1681 2.13139 0.0260778 -2.88076 0 2 0 0 -3.11209  -2.99681 0 1.64536 0 0 -3.27406  -0.0527987 0 0.0358613 0 0 -0.0472684  0.168852 0 0.318775 0 0 0.209243  0 0 0 0 0 0  
80.1106 2.15626 0.0269005 -2.83179 0 2 0 0 -3.01625  -2.94095 0 1.63236 0 0 -3.19724  -0.0513846 0 0.0365254 0 0 -0.0457429  0.160549 0 0.331118 0 0 0.226725  0 0 0 0 0 0  
81.0531 2.18223 0.0281646 -2.91192 0 2 0 0 -2.85204  -3.01873 0 1.61331 0 0 -3.05359  -0.0576999 0 0.0345781 0 0 -0.059846  0.16451 0 0.352108 0 0 0.261391  0 0 0 0 0 0  
81.9956 2.20942 0.0284057 -3.01184 0 2 0 0 -2.69372  -3.10959 0 1.60509 0 0 -2.86193  -0.0590203 0 0.0404265 0 0 -0.0630367  0.156768 0 0.354485 0 0 0.23124  0 0 0 0 0 0  
82.938 2.23541 0.0269607 -3.03495 0 2 0 0 -2.66492  -3.14456 0 1.62127 0 0 -2.8319  -0.0559604 0 0.0379752 0 0 -0.0543156  0.165561 0 0.340759 0 0 0.221293  0 0 0 0 0 0  
83.8805 2.2608 0.0263978 -3.05665 0 2 0 0 -2.70277  -3.1762 0 1.64181 0 0 -2.85866  -0.0434575 0 0.0358487 0 0 -0.0522504  0.163005 0 0.322343 0 0 0.208142  0 0 0 0 0 0  
84.823 2.28605 0.0271608 -3.03452 0 2 0 0 -2.75822  -3.15849 0 1.63121 0 0 -2.92723  -0.0521446 0 0.0365898 0 0 -0.0559505  0.176114 0 0.332197 0 0 0.224964  0 0 0 0 0 0  
85.7655 2.31195 0.0279729 -2.92761 0 2 0 0 -2.82046  -3.05652 0 1.63393 0 0 -2.99126  -0.0539586 0 0.0342606 0 0 -0.0597051  0.182865 0 0.331812 0 0 0.230504  0 0 0 0 0 0  
86.708 2.3393 0.0293789 -2.78198 0 2 0 0 -2.79629  -2.91035 0 1.619 0 0 -2.98029  -0.0615598 0 0.0319048 0 0 -0.0748218  0.189928 0 0.34909 0 0 0.258819  0 0 0 0 0 0  
87.6504 2.36732 0.030091 -2.72488 0 2 0 0 -2.77168  -2.83117 0 1.60698 0 0 -2.95192  -0.063847 0 0.0401007 0 0 -0.0688967  0.170139 0 0.35292 0 0 0.249128  0 0 0 0 0 0  
88.5929 2.39594 0.0301599 -2.69621 0 2 0 0 -2.69407  -2.81925 0 1.58682 0 0 -2.91092  -0.0684343 0 0.0446787 0 0 -0.0696465  0.191466 0 0.368503 0 0 0.286492  0 0 0 0 0 0  
89.5354 2.42462 0.0299699 -2.61115 0 2 0 0 -2.58964  -2.75499 0 1.58938 0 0 -2.82645  -0.0543855 0 0.0353813 0 0 -0.05975  0.198232 0 0.375239 0 0 0.296553  0 0 0 0 0 0  
90.4779 2.45237 0.029696 -2.72335 0 2 0 0 -2.65583  -2.86465 0 1.58899 0 0 -2.86564  -0.0584413 0 0.0332408 0 0 -0.0639955  0.199741 0 0.377766 0 0 0.273809  0 0 0 0 0 0  
91.4203 2.48016 0.0283762 -2.87811 0 2 0 0 -2.76185  -2.98719 0 1.61683 0 0 -2.96104  -0.054537 0 0.0375938 0 0 -0.0493372  0.163619 0 0.345581 0 0 0.248528  0 0 0 0 0 0  
92.3628 2.50594 0.0260262 -2.96773 0 2 0 0 -2.78415  -3.07187 0 1.6593 0 0 -2.96148  -0.0505582 0 0.038631 0 0 -0.0433564  0.1547 0 0.302067 0 0 0.220688  0 0 0 0 0 0  
93.3053 2.53031 0.0258995 -3.00154 0 2 0 0 -2.82383  -3.09876 0 1.66805 0 0 -2.99553  -0.0489258 0 0.0366653 0 0 -0.0417853  0.146151 0 0.295286 0 0 0.213489  0 0 0 0 0 0  
94.2478 2.55517 0.0267584 -2.94703 0 2 0 0 -2.80583  -3.05193 0 1.64568 0 0 -3.00014  -0.0585275 0 0.0365755 0 0 -0.0523595  0.163432 0 0.317743 0 0 0.246665  0 0 0 0 0 0  
95.1903 2.57985 0.0256407 -2.97636 0 2 0 0 -2.83941  -3.07515 0 1.65874 0 0 -3.02488  -0.0591065 0 0.0397555 0 0 -0.053372  0.157899 0 0.301506 0 0 0.238841  0 0 0 0 0 0  
96.1327 2.60417 0.0260544 -2.97238 0 2 0 0 -2.76122  -3.0724 0 1.66006 0 0 -2.94721  -0.0590883 0 0.0386561 0 0 -0.0461132  0.159111 0 0.301285 0 0 0.2321  0 0 0 0 0 0  
97.0752 2.62892 0.0265283 -3.04101 0 2 0 0 -2.73579  -3.14696 0 1.64817 0 0 -2.93774  -0.0632824 0 0.0335478 0 0 -0.0450588  0.16923 0 0.318283 0 0 0.247008  0 0 0 0 0 0  
98.0177 2.65364 0.0259953 -3.10252 0 2 0 0 -2.73216  -3.2215 0 1.64983 0 0 -2.91224  -0.0557291 0 0.034425 0 0 -0.0524362  0.174703 0 0.315749 0 0 0.232511  0 0 0 0 0 0  
98.9602 2.67765 0.025324 -3.10539 0 2 0 0 -2.60195  -3.21113 0 1.64823 0 0 -2.76899  -0.0506686 0 0.0328189 0 0 -0.0424181  0.156405 0 0.318948 0 0 0.209457  0 0 0 0 0 0  
99.9026 2.70172 0.0264103 -3.09224 0 2 0 0 -2.53353  -3.20174 0 1.63903 0 0 -2.70701  -0.0519916 0 0.032625 0 0 -0.0522053  0.161497 0 0.328347 0 0 0.225693  0 0 0 0 0 0  
100.845 2.72619 0.0258342 -3.11427 0 2 0 0 -2.5421  -3.22709 0 1.65226 0 0 -2.69829  -0.0519489 0 0.0317115 0 0 -0.0549077  0.164769 0 0.316033 0 0 0.2111  0 0 0 0 0 0  
101.788 2.75063 0.0256578 -3.24091 0 2 0 0 -2.59463  -3.35974 0 1.66378 0 0 -2.74643  -0.0472817 0 0.0300882 0 0 -0.0541224  0.166112 0 0.306136 0 0 0.205925  0 0 0 0 0 0  
102.73 2.77477 0.0252622 -3.32142 0 2 0 0 -2.65142  -3.43984 0 1.67214 0 0 -2.79947  -0.0451653 0 0.0305034 0 0 -0.0501994  0.163589 0 0.297354 0 0 0.19825  0 0 0 0 0 0  
103.673 2.79824 0.0247583 -3.30184 0 2 0 0 -2.66777  -3.43285 0 1.67985 0 0 -2.82199  -0.0358501 0 0.0273748 0 0 -0.043982  0.16686 0 0.292776 0 0 0.198203  0 0 0 0 0 0  
104.615 2.82098 0.0236589 -3.25613 0 2 0 0 -2.76602  -3.38142 0 1.69643 0 0 -2.91849  -0.0354719 0 0.0274655 0 0 -0.0468491  0.160763 0 0.276106 0 0 0.199317  0 0 0 0 0 0  
105.558 2.84343 0.0239945 -3.10327 0 2 0 0 -2.84952  -3.21642 0 1.69943 0 0 -2.98811  -0.0343681 0 0.0319199 0 0 -0.0459108  0.147521 0 0.268654 0 0 0.184507  0 0 0 0 0 0  
106.5 2.8665 0.0246694 -3.02273 0 2 0 0 -3.0315  -3.12838 0 1.69481 0 0 -3.15165  -0.0367966 0 0.0356366 0 0 -0.0394965  0.142447 0 0.269551 0 0 0.159646  0 0 0 0 0 0  
107.442 2.88978 0.0244321 -2.9509 0 2 0 0 -3.13233  -3.0398 0 1.68845 0 0 -3.26499  -0.0383601 0 0.0360559 0 0 -0.0421857  0.127253 0 0.275489 0 0 0.174845  0 0 0 0 0 0  
108.385 2.9124 0.0236601 -2.98864 0 2 0 0 -3.2502  -3.06966 0 1.69479 0 0 -3.36925  -0.035829 0 0.0360433 0 0 -0.0362759  0.116848 0 0.269169 0 0 0.155328  0 0 0 0 0 0  
109.327 2.93412 0.0223507 -3.11227 0 2 0 0 -3.34274  -3.18653 0 1.7179 0 0 -3.45106  -0.0303345 0 0.0338669 0 0 -0.0310038  0.104602 0 0.248236 0 0 0.139328  0 0 0 0 0 0  
110.27 2.95516 0.0222938 -3.20746 0 2 0 0 -3.27019  -3.28594 0 1.71613 0 0 -3.37554  -0.0310473 0 0.031311 0 0 -0.0344699  0.109528 0 0.252556 0 0 0.139827  0 0 0 0 0 0  
111.212 2.97644 0.022651 -3.22974 0 2 0 0 -3.28905  -3.30146 0 1.70693 0 0 -3.37931  -0.0330297 0 0.030946 0 0 -0.0411067  0.104747 0 0.262127 0 0 0.131365  0 0 0 0 0 0  
112.155 2.99818 0.023153 -3.23833 0 2 0 0 -3.22344  -3.33152 0 1.68839 0 0 -3.33205  -0.041381 0 0.0340153 0 0 -0.0430908  0.134566 0 0.277594 0 0 0.151699  0 0 0 0 0 0  
113.097 3.01969 0.0225506 -3.20501 0 2 0 0 -3.15229  -3.30574 0 1.70111 0 0 -3.27931  -0.0416517 0 0.0330538 0 0 -0.0433806  0.142381 0 0.265835 0 0 0.170401  0 0 0 0 0 0  
114.04 3.04114 0.0222573 -3.08403 0 2 0 0 -3.08116  -3.16318 0 1.70048 0 0 -3.20056  -0.043238 0 0.0303907 0 0 -0.0418583  0.122387 0 0.269133 0 0 0.161254  0 0 0 0 0 0  
114.982 3.06182 0.0216418 -2.95305 0 2 0 0 -3.05287  -3.04211 0 1.69886 0 0 -3.18364  -0.0417266 0 0.0330602 0 0 -0.0407831  0.130785 0 0.268085 0 0 0.171546  0 0 0 0 0 0  
115.925 3.08261 0.0222168 -2.93578 0 2 0 0 -2.9913  -3.04075 0 1.68583 0 0 -3.14875  -0.0484708 0 0.0308119 0 0 -0.0501906  0.153438 0 0.28336 0 0 0.207635  0 0 0 0 0 0  
116.867 3.10354 0.0224288 -2.94392 0 2 0 0 -2.98129  -3.06151 0 1.68987 0 0 -3.15878  -0.0415404 0 0.0291519 0 0 -0.048895  0.159125 0 0.280977 0 0 0.226392  0 0 0 0 0 0  
117.81 3.12529 0.0240018 -2.95806 0 2 0 0 -2.96519  -3.07507 0 1.67768 0 0 -3.15066  -0.044322 0 0.032638 0 0 -0.0454297  0.161327 0 0.289683 0 0 0.2309  0 0 0 0 0 0  
118.752 3.1484 0.0243664 -2.92784 0 2 0 0 -2.94976  -3.04587 0 1.68861 0 0 -3.11821  -0.0427775 0 0.0312215 0 0 -0.0435163  0.1608 0 0.280164 0 0 0.211971  0 0 0 0 0 0  
119.695 3.17167 0.0246724 -2.91054 0 2 0 0 -2.90077  -3.0191 0 1.68018 0 0 -3.05694  -0.0412962 0 0.0359004 0 0 -0.0461633  0.149862 0 0.283915 0 0 0.202334  0 0 0 0 0 0  
120.637 3.19496 0.0243034 -2.89399 0 2 0 0 -2.88107  -3.01064 0 1.69643 0 0 -3.03637  -0.0316544 0 0.0345875 0 0 -0.0333939  0.148299 0 0.268978 0 0 0.188694  0 0 0 0 0 0  
121.58 3.21688 0.022713 -2.97778 0 2 0 0 -2.92004  -3.08213 0 1.72397 0 0 -3.04428  -0.0245546 0 0.0308077 0 0 -0.0311203  0.1289 0 0.245219 0 0 0.155359  0 0 0 0 0 0  
122.522 3.23806 0.0229565 -3.04366 0 2 0 0 -2.99692  -3.1348 0 1.71744 0 0 -3.10873  -0.0251829 0 0.0297967 0 0 -0.0304915  0.116321 0 0.252762 0 0 0.142301  0 0 0 0 0 0  
123.465 3.25959 0.0229368 -3.05779 0 2 0 0 -3.01412  -3.15011 0 1.70501 0 0 -3.10291  -0.0269755 0 0.030005 0 0 -0.0224749  0.119299 0 0.26498 0 0 0.111265  0 0 0 0 0 0  
124.407 3.28116 0.0229783 -3.05166 0 2 0 0 -2.95264  -3.1525 0 1.70558 0 0 -3.06261  -0.0262169 0 0.0320615 0 0 -0.0168979  0.127061 0 0.262355 0 0 0.126868  0 0 0 0 0 0  
125.35 3.30237 0.0224224 -3.07329 0 2 0 0 -2.9501  -3.16875 0 1.70976 0 0 -3.06705  -0.0280077 0 0.0360191 0 0 -0.0165905  0.123471 0 0.254218 0 0 0.133539  0 0 0 0 0 0  
126.292 3.32323 0.0217457 -3.09715 0 2 0 0 -3.02752  -3.1849 0 1.71449 0 0 -3.155  -0.0331751 0 0.036874 0 0 -0.0247719  0.120928 0 0.248641 0 0 0.152256  0 0 0 0 0 0  
127.235 3.3438 0.0223129 -3.04653 0 2 0 0 -3.12192  -3.14611 0 1.70536 0 0 -3.25306  -0.0413647 0 0.0343704 0 0 -0.0291841  0.140951 0 0.260272 0 0 0.160326  0 0 0 0 0 0  
128.177 3.36445 0.021774 -2.98056 0 2 0 0 -3.2194  -3.07967 0 1.71716 0 0 -3.35243  -0.0398043 0 0.0344952 0 0 -0.029923  0.138914 0 0.248346 0 0 0.16295  0 0 0 0 0 0  
129.119 3.3851 0.0221914 -2.98272 0 2 0 0 -3.2926  -3.07001 0 1.72094 0 0 -3.40652  -0.0394436 0 0.0365935 0 0 -0.0249857  0.126729 0 0.242469 0 0 0.138904  0 0 0 0 0 0  
130.062 3.40655 0.0236941 -2.90445 0 2 0 0 -3.20698  -3.0039 0 1.70975 0 0 -3.32318  -0.0424267 0 0.0389795 0 0 -0.0288328  0.141876 0 0.25127 0 0 0.145029  0 0 0 0 0 0  
131.004 3.42888 0.0233087 -2.67528 0 2 0 0 -3.07905  -2.78881 0 1.69861 0 0 -3.20615  -0.0425478 0 0.034419 0 0 -0.0340894  0.156081 0 0.266974 0 0 0.161182  0 0 0 0 0 0  
131.947 3.45072 0.0227125 -2.60276 0 2 0 0 -3.01801  -2.70902 0 1.69245 0 0 -3.15862  -0.03862 0 0.0352396 0 0 -0.0365634  0.144875 0 0.272311 0 0 0.177177  0 0 0 0 0 0  
132.889 3.47177 0.0222162 -2.60903 0 2 0 0 -3.02967  -2.71031 0 1.69852 0 0 -3.16883  -0.0410384 0 0.0343151 0 0 -0.0409174  0.142322 0 0.267161 0 0 0.18008  0 0 0 0 0 0  
133.832 3.49249 0.0219633 -2.65695 0 2 0 0 -2.98361  -2.74833 0 1.68844 0 0 -3.1232  -0.0414216 0 0.0356234 0 0 -0.038564  0.132801 0 0.275932 0 0 0.17815  0 0 0 0 0 0  
134.774 3.51329 0.0222936 -2.67251 0 2 0 0 -2.89026  -2.78405 0 1.68138 0 0 -3.05026  -0.0470685 0 0.0308676 0 0 -0.0413365  0.15861 0 0.287748 0 0 0.201336  0 0 0 0 0 0  
135.717 3.5343 0.0221216 -2.70754 0 2 0 0 -2.85736  -2.82122 0 1.67331 0 0 -3.01553  -0.0418981 0 0.0320206 0 0 -0.0463436  0.155584 0 0.294674 0 0 0.204517  0 0 0 0 0 0  
136.659 3.55543 0.0227969 -2.71904 0 2 0 0 -2.82293  -2.83523 0 1.6773 0 0 -2.98588  -0.0347731 0 0.0322296 0 0 -0.036189  0.150969 0 0.290468 0 0 0.199142  0 0 0 0 0 0  
137.602 3.57686 0.0229978 -2.69743 0 2 0 0 -2.72739  -2.834 0 1.66344 0 0 -2.90711  -0.0398333 0 0.0299516 0 0 -0.0472265  0.176398 0 0.306613 0 0 0.226946  0 0 0 0 0 0  
138.544 3.59918 0.0243602 -2.73611 0 2 0 0 -2.79774  -2.84949 0 1.65441 0 0 -2.96195  -0.0458479 0 0.0321215 0 0 -0.0548193  0.159226 0 0.313472 0 0 0.21903  0 0 0 0 0 0  
139.487 3.62287 0.0258794 -2.70664 0 2 0 0 -2.82425  -2.834 0 1.63698 0 0 -3.00323  -0.0511988 0 0.0368936 0 0 -0.0536133  0.178556 0 0.326127 0 0 0.232591  0 0 0 0 0 0  
140.429 3.64755 0.0263874 -2.63078 0 2 0 0 -2.84883  -2.77821 0 1.63705 0 0 -3.03943  -0.0506425 0 0.0344796 0 0 -0.0516398  0.198075 0 0.328466 0 0 0.242239  0 0 0 0 0 0  
141.372 3.6732 0.0278602 -2.51255 0 2 0 0 -2.92521  -2.65581 0 1.62636 0 0 -3.10912  -0.0487503 0 0.0396357 0 0 -0.0503094  0.192017 0 0.334007 0 0 0.234214  0 0 0 0 0 0  
142.314 3.69969 0.0284852 -2.47863 0 2 0 0 -2.93654  -2.62788 0 1.60772 0 0 -3.13156  -0.059431 0 0.0371199 0 0 -0.055328  0.208679 0 0.355164 0 0 0.250348  0 0 0 0 0 0  
143.257 3.72658 0.0290532 -2.47094 0 2 0 0 -2.81781  -2.63162 0 1.59379 0 0 -3.05864  -0.0572373 0 0.0379259 0 0 -0.053915  0.217918 0 0.368289 0 0 0.294747  0 0 0 0 0 0  
144.199 3.75447 0.0299649 -2.50564 0 2 0 0 -2.66431  -2.66351 0 1.57647 0 0 -2.90714  -0.069193 0 0.0376694 0 0 -0.0617825  0.227059 0 0.38586 0 0 0.304621  0 0 0 0 0 0  
145.142 3.78304 0.0305212 -2.54259 0 2 0 0 -2.51215  -2.69873 0 1.5722 0 0 -2.75198  -0.0858575 0 0.0326921 0 0 -0.0786044  0.241989 0 0.395112 0 0 0.318431  0 0 0 0 0 0  
146.084 3.81148 0.030143 -2.59149 0 2 0 0 -2.62104  -2.7339 0 1.59394 0 0 -2.84093  -0.0771726 0 0.0324801 0 0 -0.0674516  0.219586 0 0.373583 0 0 0.287339  0 0 0 0 0 0  
147.027 3.83936 0.029201 -2.67477 0 2 0 0 -2.71837  -2.78441 0 1.60251 0 0 -2.90769  -0.0751876 0 0.0375584 0 0 -0.0634362  0.184826 0 0.359927 0 0 0.252756  0 0 0 0 0 0  
147.969 3.86703 0.0290403 -2.79277 0 2 0 0 -2.73039  -2.8826 0 1.62508 0 0 -2.9169  -0.0727051 0 0.039393 0 0 -0.0532087  0.162531 0 0.335528 0 0 0.239723  0 0 0 0 0 0  
148.911 3.89441 0.0289965 -2.89345 0 2 0 0 -2.72336  -3.00265 0 1.61688 0 0 -2.91985  -0.0707659 0 0.0350731 0 0 -0.0573948  0.179971 0 0.348043 0 0 0.253887  0 0 0 0 0 0  
149.854 3.92189 0.0292579 -2.96544 0 2 0 0 -2.69635  -3.08522 0 1.60878 0 0 -2.89753  -0.0656754 0 0.0343904 0 0 -0.0548305  0.185449 0 0.356827 0 0 0.256008  0 0 0 0 0 0  
150.796 3.94991 0.0305185 -3.0032 0 2 0 0 -2.61117  -3.1247 0 1.59218 0 0 -2.84338  -0.0656517 0 0.032478 0 0 -0.0609244  0.187149 0 0.375345 0 0 0.29313  0 0 0 0 0 0  
151.739 3.97831 0.029519 -3.1122 0 2 0 0 -2.52854  -3.2184 0 1.59038 0 0 -2.79953  -0.0783173 0 0.0271274 0 0 -0.0672271  0.184521 0 0.382492 0 0 0.338226  0 0 0 0 0 0  
152.681 4.0051 0.0275492 -3.1754 0 2 0 0 -2.57764  -3.30514 0 1.61712 0 0 -2.80934  -0.0674985 0 0.0287996 0 0 -0.061822  0.197236 0 0.354085 0 0 0.293521  0 0 0 0 0 0  
153.624 4.03111 0.0279464 -3.17489 0 2 0 0 -2.60339  -3.30575 0 1.59834 0 0 -2.8369  -0.0685798 0 0.0332992 0 0 -0.0600782  0.199433 0 0.368361 0 0 0.293586  0 0 0 0 0 0  
154.566 4.05751 0.0282177 -3.12816 0 2 0 0 -2.5872  -3.27776 0 1.59819 0 0 -2.83578  -0.0625009 0 0.0324223 0 0 -0.0569898  0.212097 0 0.36939 0 0 0.305572  0 0 0 0 0 0  
155.509 4.08456 0.028437 -3.10013 0 2 0 0 -2.50259  -3.26881 0 1.58257 0 0 -2.77471  -0.0612158 0 0.0343919 0 0 -0.0561733  0.229904 0 0.383038 0 0 0.328293  0 0 0 0 0 0  
156.451 4.11027 0.0263206 -3.09491 0 2 0 0 -2.50436  -3.22905 0 1.60521 0 0 -2.73214  -0.0576327 0 0.0347359 0 0 -0.0572492  0.191776 0 0.360057 0 0 0.28503  0 0 0 0 0 0  
157.394 4.13464 0.0253289 -3.10329 0 2 0 0 -2.54914  -3.23865 0 1.62461 0 0 -2.76756  -0.0576111 0 0.0281397 0 0 -0.0632126  0.192969 0 0.347252 0 0 0.281628  0 0 0 0 0 0  
158.336 4.1583 0.0250365 -3.04933 0 2 0 0 -2.61902  -3.17861 0 1.65486 0 0 -2.81947  -0.054769 0 0.0247415 0 0 -0.0535409  0.184057 0 0.320401 0 0 0.25399  0 0 0 0 0 0  
159.279 4.18175 0.0245107 -3.03795 0 2 0 0 -2.76337  -3.15496 0 1.68261 0 0 -2.93154  -0.0624944 0 0.0274664 0 0 -0.0481617  0.179507 0 0.289919 0 0 0.21633  0 0 0 0 0 0  
160.221 4.20486 0.0243028 -3.08173 0 2 0 0 -2.87851  -3.18706 0 1.68498 0 0 -3.03585  -0.059668 0 0.0325342 0 0 -0.0444576  0.164992 0 0.282487 0 0 0.201791  0 0 0 0 0 0  
161.164 4.22764 0.0237555 -3.25621 0 2 0 0 -2.92008  -3.34136 0 1.70377 0 0 -3.07078  -0.0547635 0 0.0324489 0 0 -0.0405527  0.139909 0 0.263782 0 0 0.191255  0 0 0 0 0 0  
162.106 4.24982 0.0235639 -3.36897 0 2 0 0 -2.95888  -3.4428 0 1.71031 0 0 -3.08503  -0.0460209 0 0.0356251 0 0 -0.0393993  0.119846 0 0.254067 0 0 0.165555  0 0 0 0 0 0  
163.049 4.27206 0.0238756 -3.38486 0 2 0 0 -2.9557  -3.4548 0 1.72141 0 0 -3.07882  -0.0460294 0 0.033908 0 0 -0.0403698  0.11597 0 0.244683 0 0 0.163486  0 0 0 0 0 0  
163.991 4.29421 0.0231298 -3.39108 0 2 0 0 -3.05286  -3.44704 0 1.73185 0 0 -3.17091  -0.0495864 0 0.03211 0 0 -0.0379107  0.105543 0 0.236037 0 0 0.155956  0 0 0 0 0 0  
164.934 4.31594 0.023078 -3.36635 0 2 0 0 -3.052  -3.42927 0 1.71592 0 0 -3.16381  -0.058094 0 0.0328088 0 0 -0.0426096  0.121018 0 0.251271 0 0 0.154419  0 0 0 0 0 0  
165.876 4.33762 0.0234484 -3.42388 0 2 0 0 -3.09906  -3.48789 0 1.7159 0 0 -3.20288  -0.048788 0 0.0310663 0 0 -0.0340672  0.112804 0 0.253034 0 0 0.137892  0 0 0 0 0 0  
166.819 4.36027 0.0243625 -3.41789 0 2 0 0 -3.13766  -3.48424 0 1.70746 0 0 -3.2409  -0.0546618 0 0.033924 0 0 -0.0419077  0.121016 0 0.258618 0 0 0.145147  0 0 0 0 0 0  
167.761 4.3824 0.0227322 -3.38042 0 2 0 0 -3.1336  -3.45 0 1.72221 0 0 -3.22886  -0.0424302 0 0.0325558 0 0 -0.0331853  0.112014 0 0.245237 0 0 0.128445  0 0 0 0 0 0  
168.704 4.40295 0.0208999 -3.23932 0 2 0 0 -3.06271  -3.3136 0 1.73459 0 0 -3.16294  -0.0391095 0 0.0302255 0 0 -0.0284515  0.113391 0 0.235185 0 0 0.128683  0 0 0 0 0 0  
169.646 4.42269 0.0205041 -3.23034 0 2 0 0 -2.95676  -3.30973 0 1.74344 0 0 -3.05569  -0.0344794 0 0.0290712 0 0 -0.0247016  0.11387 0 0.227485 0 0 0.12364  0 0 0 0 0 0  
170.588 4.44228 0.0211597 -3.22024 0 2 0 0 -2.82763  -3.30571 0 1.72581 0 0 -2.93246  -0.0301511 0 0.0311483 0 0 -0.0340635  0.115623 0 0.243044 0 0 0.138889  0 0 0 0 0 0  
171.531 4.46233 0.0211473 -3.09832 0 2 0 0 -2.78405  -3.20353 0 1.70713 0 0 -2.90559  -0.031787 0 0.034384 0 0 -0.036365  0.137002 0 0.258484 0 0 0.157907  0 0 0 0 0 0  
172.473 4.48232 0.021373 -3.00535 0 2 0 0 -2.8845  -3.11927 0 1.71386 0 0 -3.01696  -0.0320335 0 0.0342404 0 0 -0.0322856  0.145955 0 0.251901 0 0 0.164741  0 0 0 0 0 0  
173.416 4.50268 0.0221446 -2.94329 0 2 0 0 -2.97529  -3.04643 0 1.70325 0 0 -3.10417  -0.0285411 0 0.0380416 0 0 -0.0257568  0.13168 0 0.258704 0 0 0.154636  0 0 0 0 0 0  
174.358 4.52334 0.021758 -2.91017 0 2 0 0 -3.03585  -3.01291 0 1.71252 0 0 -3.17139  -0.0328013 0 0.0326032 0 0 -0.027802  0.135545 0 0.254872 0 0 0.163338  0 0 0 0 0 0  
175.301 4.54408 0.0227576 -2.92226 0 2 0 0 -3.10118  -3.03016 0 1.71171 0 0 -3.24542  -0.0322481 0 0.0330478 0 0 -0.0309329  0.140146 0 0.255242 0 0 0.175172  0 0 0 0 0 0  
176.243 4.56617 0.0239264 -2.9045 0 2 0 0 -3.05109  -3.02057 0 1.69532 0 0 -3.19823  -0.0422109 0 0.034207 0 0 -0.0317165  0.158273 0 0.270476 0 0 0.178855  0 0 0 0 0 0  
177.186 4.58899 0.0243156 -2.83422 0 2 0 0 -2.99486  -2.93951 0 1.6902 0 0 -3.1262  -0.03409 0 0.0354781 0 0 -0.0366033  0.139385 0 0.274325 0 0 0.167945  0 0 0 0 0 0  
178.128 4.61217 0.0245348 -2.74639 0 2 0 0 -2.76109  -2.88057 0 1.6527 0 0 -2.94851  -0.0435597 0 0.0311914 0 0 -0.0435305  0.177736 0 0.316105 0 0 0.23095  0 0 0 0 0 0  
179.071 4.63465 0.0234242 -2.77142 0 2 0 0 -2.72548  -2.89666 0 1.66267 0 0 -2.91874  -0.0346576 0 0.0303946 0 0 -0.0466194  0.159894 0 0.306933 0 0 0.239883  0 0 0 0 0 0  
180.013 4.65626 0.0224775 -2.82297 0 2 0 0 -2.75581  -2.9319 0 1.67199 0 0 -2.93601  -0.0412001 0 0.0278108 0 0 -0.0451053  0.150126 0 0.300195 0 0 0.225305  0 0 0 0 0 0  
180.956 4.67746 0.0228176 -2.863 0 2 0 0 -2.82442  -2.97292 0 1.64918 0 0 -2.99221  -0.0403446 0 0.0272108 0 0 -0.045465  0.150256 0 0.323608 0 0 0.213252  0 0 0 0 0 0  
181.898 4.69943 0.0240074 -2.96466 0 2 0 0 -2.79112  -3.0742 0 1.64054 0 0 -2.95459  -0.0560974 0 0.0335489 0 0 -0.0514206  0.165635 0 0.325915 0 0 0.214896  0 0 0 0 0 0  
182.841 4.72243 0.0246934 -3.01487 0 2 0 0 -2.67437  -3.12516 0 1.64144 0 0 -2.85554  -0.0598665 0 0.0328524 0 0 -0.049039  0.17016 0 0.325707 0 0 0.230214  0 0 0 0 0 0  
183.783 4.74569 0.0244666 -3.05851 0 2 0 0 -2.63532  -3.1832 0 1.64096 0 0 -2.82832  -0.0470059 0 0.0313842 0 0 -0.0481927  0.171689 0 0.32766 0 0 0.241197  0 0 0 0 0 0  
184.726 4.76841 0.0236079 -3.1065 0 2 0 0 -2.61881  -3.22858 0 1.64549 0 0 -2.80285  -0.0497041 0 0.0315859 0 0 -0.0436875  0.171782 0 0.322928 0 0 0.227723  0 0 0 0 0 0  
185.668 4.79007 0.0223411 -2.99715 0 2 0 0 -2.74413  -3.10451 0 1.67387 0 0 -2.8957  -0.0440662 0 0.0320485 0 0 -0.0357829  0.151421 0 0.294086 0 0 0.187352  0 0 0 0 0 0  
186.611 4.81069 0.0215001 -2.96249 0 2 0 0 -2.87846  -3.07469 0 1.69398 0 0 -3.02975  -0.0409849 0 0.0302365 0 0 -0.0325762  0.153187 0 0.275781 0 0 0.183867  0 0 0 0 0 0  
187.553 4.83002 0.0198273 -2.95013 0 2 0 0 -3.04493  -3.06398 0 1.717 0 0 -3.18953  -0.0375932 0 0.0279748 0 0 -0.033595  0.151444 0 0.255022 0 0 0.17819  0 0 0 0 0 0  
188.496 4.84802 0.0183541 -2.91284 0 2 0 0 -3.11501  -3.04168 0 1.73963 0 0 -3.26665  -0.0309929 0 0.0229137 0 0 -0.03629  0.159829 0 0.237452 0 0 0.187931  0 0 0 0 0 0  
189.438 4.86505 0.0181825 -2.8322 0 2 0 0 -3.06689  -2.95216 0 1.75183 0 0 -3.21102  -0.0243786 0 0.0220934 0 0 -0.0331694  0.14434 0 0.22608 0 0 0.177296  0 0 0 0 0 0  
190.381 4.8824 0.0187764 -2.73245 0 2 0 0 -3.00205  -2.84167 0 1.73847 0 0 -3.14157  -0.028038 0 0.0248632 0 0 -0.0327587  0.137251 0 0.236666 0 0 0.172274  0 0 0 0 0 0  
191.323 4.90052 0.0196893 -2.62884 0 2 0 0 -2.93081  -2.73511 0 1.72288 0 0 -3.0792  -0.0298011 0 0.0281163 0 0 -0.03711  0.136067 0 0.249006 0 0 0.185504  0 0 0 0 0 0  
192.265 4.91942 0.0206953 -2.62921 0 2 0 0 -2.85014  -2.73117 0 1.69894 0 0 -3.01075  -0.0436143 0 0.0271817 0 0 -0.0451863  0.145576 0 0.273876 0 0 0.20579  0 0 0 0 0 0  
193.208 4.93926 0.0208843 -2.6913 0 2 0 0 -2.80799  -2.79737 0 1.70329 0 0 -2.96577  -0.0398336 0 0.0252042 0 0 -0.0451699  0.145904 0 0.271504 0 0 0.202946  0 0 0 0 0 0  
194.15 4.95867 0.0204173 -2.82078 0 2 0 0 -2.8277  -2.91479 0 1.71983 0 0 -2.97452  -0.0385569 0 0.0265777 0 0 -0.0347587  0.132563 0 0.253592 0 0 0.181584  0 0 0 0 0 0  
195.093 4.97748 0.0198617 -2.94919 0 2 0 0 -2.89602  -3.04359 0 1.72211 0 0 -3.03508  -0.0375939 0 0.0254683 0 0 -0.038627  0.131993 0 0.25242 0 0 0.177685  0 0 0 0 0 0  
196.035 4.99597 0.0197889 -3.03722 0 2 0 0 -3.01283  -3.12591 0 1.73017 0 0 -3.15612  -0.0341904 0 0.0281012 0 0 -0.0346834  0.12288 0 0.241729 0 0 0.177972  0 0 0 0 0 0  
196.978 5.01442 0.0192765 -3.04749 0 2 0 0 -3.02513  -3.13213 0 1.72143 0 0 -3.16884  -0.0344949 0 0.0322328 0 0 -0.0329866  0.119135 0 0.246337 0 0 0.176702  0 0 0 0 0 0  
