# LF_DEM version v3.0-126-gb72fb1a
# np 1000
# VF 0.76
# Lx 73.993
# Ly 0
# Lz 73.993
# flow_type shear
# data in cl units.
#1: time
#2: cumulated strain
#3: shear rate
#4-9: total stress tensor (xx, xy, xz, yz, yy, zz)
#10-15: contact stress tensor (xx, xy, xz, yz, yy, zz)
#16-21: dashpot stress tensor (xx, xy, xz, yz, yy, zz)
#22-27: hydro stress tensor (xx, xy, xz, yz, yy, zz)
#28-33: repulsion stress tensor (xx, xy, xz, yz, yy, zz)

0.00628319 0.000468869 0.0746228 -3.81414 0 3 0 0 -3.24581  -4.14486 0 2.00988 0 0 -3.78884  -0.163235 0 0.0769399 0 0 -0.198757  0.493959 0 0.913177 0 0 0.741785  0 0 0 0 0 0  
0.628319 0.0334077 0.0475268 -4.00829 0 3 0 0 -3.79021  -4.21391 0 2.35545 0 0 -4.08036  -0.113153 0 0.0563724 0 0 -0.118186  0.31877 0 0.588174 0 0 0.408342  0 0 0 0 0 0  
1.25664 0.0607572 0.0407806 -4.2981 0 3 0 0 -4.46778  -4.47537 0 2.46567 0 0 -4.70264  -0.0785142 0 0.0574879 0 0 -0.0899411  0.255785 0 0.476838 0 0 0.324805  0 0 0 0 0 0  
1.88496 0.0849212 0.03786 -4.495 0 3 0 0 -4.90775  -4.64634 0 2.54136 0 0 -5.12845  -0.0562721 0 0.0520256 0 0 -0.0533122  0.20761 0 0.406614 0 0 0.27401  0 0 0 0 0 0  
2.51327 0.107438 0.0341429 -4.77092 0 3 0 0 -5.19191  -4.87768 0 2.60744 0 0 -5.3693  -0.045183 0 0.047618 0 0 -0.0378047  0.151947 0 0.344944 0 0 0.215196  0 0 0 0 0 0  
3.14159 0.128524 0.0329798 -4.87595 0 3 0 0 -5.26506  -4.9576 0 2.63067 0 0 -5.42482  -0.0481632 0 0.0468762 0 0 -0.036321  0.129806 0 0.32245 0 0 0.196075  0 0 0 0 0 0  
3.76991 0.148979 0.0318396 -4.80619 0 3 0 0 -5.28915  -4.87689 0 2.63963 0 0 -5.42538  -0.0478354 0 0.0480471 0 0 -0.0283816  0.118538 0 0.312325 0 0 0.164614  0 0 0 0 0 0  
4.39823 0.168839 0.0315932 -4.71049 0 3 0 0 -5.31737  -4.7961 0 2.64123 0 0 -5.46519  -0.0441098 0 0.045705 0 0 -0.0296612  0.129723 0 0.313067 0 0 0.177478  0 0 0 0 0 0  
5.02655 0.188343 0.0302697 -4.80589 0 3 0 0 -5.28619  -4.87894 0 2.65202 0 0 -5.44023  -0.0504062 0 0.0413485 0 0 -0.0374002  0.123458 0 0.306636 0 0 0.191435  0 0 0 0 0 0  
5.65487 0.207712 0.0317887 -4.90869 0 3 0 0 -5.2195  -4.95724 0 2.64393 0 0 -5.36499  -0.0536219 0 0.0446729 0 0 -0.0398666  0.102172 0 0.311397 0 0 0.185355  0 0 0 0 0 0  
6.28319 0.227952 0.0330687 -4.92741 0 3 0 0 -5.03417  -5.00151 0 2.62 0 0 -5.19654  -0.0533372 0 0.0454048 0 0 -0.0541393  0.127436 0 0.334595 0 0 0.216511  0 0 0 0 0 0  
6.9115 0.249143 0.034466 -4.92489 0 3 0 0 -4.78509  -5.01304 0 2.59096 0 0 -4.95964  -0.052654 0 0.050734 0 0 -0.0519333  0.140797 0 0.358309 0 0 0.226475  0 0 0 0 0 0  
7.53982 0.270529 0.0338066 -4.86445 0 3 0 0 -4.48682  -4.95368 0 2.58381 0 0 -4.66983  -0.0494217 0 0.0438639 0 0 -0.0606509  0.138652 0 0.372329 0 0 0.243659  0 0 0 0 0 0  
8.16814 0.291202 0.0323718 -4.75558 0 3 0 0 -4.33624  -4.86638 0 2.59566 0 0 -4.54629  -0.0583525 0 0.033165 0 0 -0.0588824  0.169154 0 0.371171 0 0 0.268931  0 0 0 0 0 0  
8.79646 0.310963 0.030923 -4.92522 0 3 0 0 -4.40855  -5.0133 0 2.61342 0 0 -4.61034  -0.0532696 0 0.034815 0 0 -0.0525046  0.141345 0 0.351766 0 0 0.254293  0 0 0 0 0 0  
9.42478 0.330363 0.0309512 -5.1385 0 3 0 0 -4.56148  -5.22278 0 2.60908 0 0 -4.75506  -0.0554854 0 0.0370281 0 0 -0.0496858  0.13977 0 0.353889 0 0 0.24327  0 0 0 0 0 0  
10.0531 0.349579 0.0301817 -5.21438 0 3 0 0 -4.67731  -5.3103 0 2.61618 0 0 -4.85152  -0.0463396 0 0.0388425 0 0 -0.0521714  0.142262 0 0.344973 0 0 0.226376  0 0 0 0 0 0  
10.6814 0.368128 0.029069 -5.24045 0 3 0 0 -4.75634  -5.31344 0 2.62635 0 0 -4.91066  -0.049989 0 0.0439211 0 0 -0.0453004  0.122982 0 0.329731 0 0 0.199621  0 0 0 0 0 0  
11.3097 0.385936 0.027417 -5.36918 0 3 0 0 -4.96244  -5.43247 0 2.64315 0 0 -5.09818  -0.0464745 0 0.0470486 0 0 -0.0355398  0.109762 0 0.309806 0 0 0.171288  0 0 0 0 0 0  
11.9381 0.402595 0.0261217 -5.51086 0 3 0 0 -5.13853  -5.5619 0 2.66427 0 0 -5.25366  -0.0363934 0 0.0472784 0 0 -0.0284544  0.0874282 0 0.288447 0 0 0.143584  0 0 0 0 0 0  
12.5664 0.418426 0.0252091 -5.63408 0 3 0 0 -5.25525  -5.6829 0 2.68724 0 0 -5.37151  -0.0274132 0 0.0434716 0 0 -0.0161129  0.0762396 0 0.269288 0 0 0.132368  0 0 0 0 0 0  
13.1947 0.433633 0.0233051 -5.68905 0 3 0 0 -5.40057  -5.72976 0 2.70796 0 0 -5.51401  -0.0240227 0 0.0392596 0 0 -0.0145144  0.0647333 0 0.252782 0 0 0.127949  0 0 0 0 0 0  
13.823 0.448004 0.0226357 -5.76348 0 3 0 0 -5.52141  -5.80663 0 2.7229 0 0 -5.63387  -0.0252289 0 0.035869 0 0 -0.0208549  0.0683782 0 0.241227 0 0 0.133315  0 0 0 0 0 0  
14.4513 0.462125 0.0222768 -5.77915 0 3 0 0 -5.60247  -5.83184 0 2.7267 0 0 -5.70651  -0.0262107 0 0.0359811 0 0 -0.0168956  0.0789011 0 0.237316 0 0 0.120936  0 0 0 0 0 0  
15.0796 0.476345 0.0231909 -5.71923 0 3 0 0 -5.60489  -5.76642 0 2.71019 0 0 -5.69883  -0.0284553 0 0.0411385 0 0 -0.02285  0.0756518 0 0.24867 0 0 0.116797  0 0 0 0 0 0  
15.708 0.490749 0.0226748 -5.71884 0 3 0 0 -5.59205  -5.76149 0 2.70822 0 0 -5.66653  -0.0282561 0 0.0433461 0 0 -0.0250339  0.0709133 0 0.248434 0 0 0.0995171  0 0 0 0 0 0  
16.3363 0.504301 0.0206311 -5.75063 0 3 0 0 -5.61462  -5.77342 0 2.73295 0 0 -5.68166  -0.023021 0 0.0402178 0 0 -0.0190267  0.0458172 0 0.226835 0 0 0.086069  0 0 0 0 0 0  
16.9646 0.516819 0.0200341 -5.77437 0 3 0 0 -5.57265  -5.8033 0 2.74282 0 0 -5.63958  -0.019481 0 0.0365537 0 0 -0.0165495  0.0484129 0 0.220622 0 0 0.0834844  0 0 0 0 0 0  
17.5929 0.529365 0.0206018 -5.61678 0 3 0 0 -5.4568  -5.65835 0 2.73977 0 0 -5.52469  -0.0137843 0 0.0367493 0 0 -0.00950524  0.0553528 0 0.223476 0 0 0.0773877  0 0 0 0 0 0  
18.2212 0.542466 0.0212398 -5.36759 0 3 0 0 -5.23726  -5.41969 0 2.72255 0 0 -5.31576  -0.0213518 0 0.0375066 0 0 -0.0245783  0.0734497 0 0.239939 0 0 0.103079  0 0 0 0 0 0  
18.8496 0.555997 0.0220151 -5.22986 0 3 0 0 -5.26096  -5.28158 0 2.71661 0 0 -5.33982  -0.0227313 0 0.0414602 0 0 -0.0245946  0.0744479 0 0.241932 0 0 0.103456  0 0 0 0 0 0  
19.4779 0.569356 0.0210485 -5.15518 0 3 0 0 -5.38327  -5.2079 0 2.73748 0 0 -5.45767  -0.0251017 0 0.0378033 0 0 -0.0237856  0.0778189 0 0.224719 0 0 0.098183  0 0 0 0 0 0  
20.1062 0.582804 0.0217355 -5.0789 0 3 0 0 -5.39958  -5.1405 0 2.73954 0 0 -5.4857  -0.0242636 0 0.0397273 0 0 -0.0211731  0.0858586 0 0.220732 0 0 0.107293  0 0 0 0 0 0  
20.7345 0.596489 0.0216111 -5.08089 0 3 0 0 -5.36895  -5.15188 0 2.73541 0 0 -5.47001  -0.0276855 0 0.0369648 0 0 -0.0249572  0.0986789 0 0.227627 0 0 0.12602  0 0 0 0 0 0  
21.3628 0.610415 0.0228331 -5.04047 0 3 0 0 -5.25269  -5.11124 0 2.72318 0 0 -5.37966  -0.0232875 0 0.0397668 0 0 -0.0166412  0.0940573 0 0.237051 0 0 0.143611  0 0 0 0 0 0  
21.9911 0.624429 0.0225563 -5.06152 0 3 0 0 -5.27141  -5.12782 0 2.71761 0 0 -5.39221  -0.0285829 0 0.0385779 0 0 -0.0222384  0.0948776 0 0.24381 0 0 0.143042  0 0 0 0 0 0  
22.6195 0.638458 0.0220718 -5.11718 0 3 0 0 -5.27273  -5.1816 0 2.72711 0 0 -5.37928  -0.0246705 0 0.0372734 0 0 -0.0147546  0.0890899 0 0.235614 0 0 0.121306  0 0 0 0 0 0  
23.2478 0.652223 0.0217658 -5.19245 0 3 0 0 -5.29229  -5.27451 0 2.73438 0 0 -5.41131  -0.0226163 0 0.0365382 0 0 -0.0159444  0.104669 0 0.229082 0 0 0.134968  0 0 0 0 0 0  
23.8761 0.665871 0.0219955 -5.23729 0 3 0 0 -5.27607  -5.31586 0 2.72977 0 0 -5.38886  -0.0175633 0 0.0355482 0 0 -0.00741359  0.0961393 0 0.234683 0 0 0.120201  0 0 0 0 0 0  
24.5044 0.679868 0.0226288 -5.17276 0 3 0 0 -5.15438  -5.25338 0 2.722 0 0 -5.26277  -0.0168334 0 0.0379503 0 0 -0.00918441  0.0974572 0 0.240047 0 0 0.117574  0 0 0 0 0 0  
25.1327 0.694108 0.0227339 -5.02857 0 3 0 0 -5.04137  -5.11532 0 2.7108 0 0 -5.15367  -0.0208403 0 0.0393799 0 0 -0.00880688  0.107584 0 0.249817 0 0 0.121108  0 0 0 0 0 0  
25.7611 0.708519 0.0224627 -4.96403 0 3 0 0 -4.97051  -5.07018 0 2.71756 0 0 -5.08564  -0.0130673 0 0.038617 0 0 -0.0131128  0.119222 0 0.243827 0 0 0.128251  0 0 0 0 0 0  
26.3894 0.722295 0.021868 -4.8699 0 3 0 0 -4.85313  -4.97096 0 2.72199 0 0 -4.97734  -0.0158687 0 0.0378839 0 0 -0.0136132  0.116928 0 0.240124 0 0 0.137825  0 0 0 0 0 0  
27.0177 0.735893 0.0215151 -4.90559 0 3 0 0 -4.77404  -4.99995 0 2.72763 0 0 -4.89691  -0.0158789 0 0.0397321 0 0 -0.0103704  0.11024 0 0.232637 0 0 0.133235  0 0 0 0 0 0  
27.646 0.749475 0.0218451 -4.95769 0 3 0 0 -4.70975  -5.06791 0 2.71721 0 0 -4.85269  -0.018574 0 0.0354899 0 0 -0.014815  0.128791 0 0.247305 0 0 0.157756  0 0 0 0 0 0  
28.2743 0.76326 0.0215249 -5.06855 0 3 0 0 -4.60372  -5.19497 0 2.72688 0 0 -4.75919  -0.0176075 0 0.0306888 0 0 -0.0120852  0.144029 0 0.242432 0 0 0.167558  0 0 0 0 0 0  
28.9027 0.77668 0.0210014 -5.21148 0 3 0 0 -4.59085  -5.33787 0 2.73012 0 0 -4.73806  -0.0244833 0 0.0280956 0 0 -0.0181374  0.150869 0 0.241787 0 0 0.165351  0 0 0 0 0 0  
29.531 0.790438 0.0228189 -5.18155 0 3 0 0 -4.67431  -5.32364 0 2.69856 0 0 -4.82984  -0.0305219 0 0.0294094 0 0 -0.0273539  0.172609 0 0.272036 0 0 0.182887  0 0 0 0 0 0  
30.1593 0.805202 0.0241148 -5.17889 0 3 0 0 -4.67735  -5.30124 0 2.68713 0 0 -4.80991  -0.0296704 0 0.0334617 0 0 -0.0203206  0.15202 0 0.279411 0 0 0.152882  0 0 0 0 0 0  
30.7876 0.820892 0.0258575 -5.18053 0 3 0 0 -4.66493  -5.29599 0 2.66722 0 0 -4.80744  -0.0295326 0 0.0388167 0 0 -0.0258477  0.144991 0 0.293965 0 0 0.168362  0 0 0 0 0 0  
31.4159 0.837475 0.027027 -5.23347 0 3 0 0 -4.63669  -5.35435 0 2.64083 0 0 -4.78237  -0.0280351 0 0.0440443 0 0 -0.028489  0.148909 0 0.315122 0 0 0.174175  0 0 0 0 0 0  
32.0442 0.854747 0.0281727 -5.28092 0 3 0 0 -4.50773  -5.40293 0 2.62634 0 0 -4.65574  -0.023979 0 0.0458922 0 0 -0.0227061  0.145981 0 0.327765 0 0 0.170724  0 0 0 0 0 0  
32.6726 0.872726 0.0288362 -5.33312 0 3 0 0 -4.50131  -5.45077 0 2.61756 0 0 -4.65011  -0.0245763 0 0.0484477 0 0 -0.0316745  0.142229 0 0.333996 0 0 0.180477  0 0 0 0 0 0  
33.3009 0.890483 0.0281606 -5.32345 0 3 0 0 -4.54392  -5.44327 0 2.62849 0 0 -4.66862  -0.0214601 0 0.0479817 0 0 -0.0263125  0.141285 0 0.323527 0 0 0.151011  0 0 0 0 0 0  
33.9292 0.908006 0.0279635 -5.32522 0 3 0 0 -4.50833  -5.44414 0 2.63956 0 0 -4.63288  -0.0272583 0 0.0456534 0 0 -0.0339222  0.146172 0 0.314785 0 0 0.158474  0 0 0 0 0 0  
34.5575 0.925402 0.027212 -5.24213 0 3 0 0 -4.62657  -5.36521 0 2.65279 0 0 -4.74656  -0.0203641 0 0.0460459 0 0 -0.0292784  0.14345 0 0.301164 0 0 0.149268  0 0 0 0 0 0  
35.1858 0.942399 0.0264803 -5.01632 0 3 0 0 -4.7751  -5.15464 0 2.66222 0 0 -4.9137  -0.0228385 0 0.0405247 0 0 -0.0247311  0.161161 0 0.297251 0 0 0.163329  0 0 0 0 0 0  
35.8142 0.958736 0.0254714 -4.91767 0 3 0 0 -4.99449  -5.04526 0 2.6815 0 0 -5.12246  -0.0258471 0 0.0353404 0 0 -0.0289933  0.15343 0 0.283163 0 0 0.156963  0 0 0 0 0 0  
36.4425 0.974517 0.0254676 -4.81803 0 3 0 0 -5.19975  -4.94321 0 2.68056 0 0 -5.31605  -0.0264328 0 0.0367392 0 0 -0.0290609  0.151613 0 0.282697 0 0 0.145358  0 0 0 0 0 0  
37.0708 0.990508 0.0253195 -4.78111 0 3 0 0 -5.4346  -4.90304 0 2.70018 0 0 -5.54161  -0.0312645 0 0.0396916 0 0 -0.0306177  0.153197 0 0.26013 0 0 0.137619  0 0 0 0 0 0  
37.6991 1.00623 0.0246545 -4.68984 0 3 0 0 -5.58918  -4.82075 0 2.6972 0 0 -5.70215  -0.0323761 0 0.0372244 0 0 -0.0242838  0.163284 0 0.265574 0 0 0.13725  0 0 0 0 0 0  
38.3274 1.02164 0.0245377 -4.6449 0 3 0 0 -5.76175  -4.75246 0 2.70167 0 0 -5.85814  -0.0232139 0 0.0365842 0 0 -0.0227823  0.130774 0 0.261749 0 0 0.119174  0 0 0 0 0 0  
38.9557 1.03677 0.0237997 -4.6867 0 3 0 0 -5.85795  -4.77293 0 2.71716 0 0 -5.94157  -0.0253455 0 0.0374174 0 0 -0.0259774  0.111569 0 0.24542 0 0 0.109598  0 0 0 0 0 0  
39.5841 1.05155 0.0233575 -4.83704 0 3 0 0 -5.9946  -4.91931 0 2.73165 0 0 -6.07043  -0.0279599 0 0.0370583 0 0 -0.0269701  0.110237 0 0.231294 0 0 0.102794  0 0 0 0 0 0  
40.2124 1.06591 0.0223753 -4.93315 0 3 0 0 -6.12053  -5.01366 0 2.75018 0 0 -6.19993  -0.029049 0 0.0332735 0 0 -0.0242839  0.109559 0 0.216544 0 0 0.103687  0 0 0 0 0 0  
40.8407 1.07995 0.0223823 -5.05921 0 3 0 0 -6.14608  -5.1224 0 2.75164 0 0 -6.21511  -0.0294826 0 0.0331638 0 0 -0.0188245  0.0926705 0 0.215192 0 0 0.0878458  0 0 0 0 0 0  
41.469 1.09422 0.0227 -5.12459 0 3 0 0 -6.10526  -5.17611 0 2.75017 0 0 -6.16759  -0.0363555 0 0.0392878 0 0 -0.0192644  0.0878745 0 0.210542 0 0 0.0815951  0 0 0 0 0 0  
42.0973 1.10808 0.0213138 -5.13238 0 3 0 0 -6.0031  -5.18836 0 2.75676 0 0 -6.06118  -0.0306921 0 0.0376182 0 0 -0.0226801  0.0866721 0 0.205624 0 0 0.0807593  0 0 0 0 0 0  
42.7257 1.12103 0.0204192 -5.12526 0 3 0 0 -5.9375  -5.17748 0 2.77486 0 0 -5.99299  -0.0268404 0 0.035048 0 0 -0.0183552  0.0790576 0 0.19009 0 0 0.0738532  0 0 0 0 0 0  
43.354 1.13363 0.019579 -5.02191 0 3 0 0 -5.91871  -5.07503 0 2.77843 0 0 -5.98032  -0.0295437 0 0.0330987 0 0 -0.0203353  0.0826696 0 0.188473 0 0 0.0819505  0 0 0 0 0 0  
43.9823 1.14604 0.0200018 -4.96291 0 3 0 0 -5.82537  -5.01537 0 2.7806 0 0 -5.89265  -0.0262105 0 0.0374565 0 0 -0.0199503  0.0786652 0 0.181947 0 0 0.0872341  0 0 0 0 0 0  
44.6106 1.15849 0.0195055 -4.99707 0 3 0 0 -5.87984  -5.04209 0 2.78026 0 0 -5.94451  -0.0250764 0 0.0371615 0 0 -0.0184464  0.0700919 0 0.182575 0 0 0.0831168  0 0 0 0 0 0  
45.2389 1.1708 0.0195681 -5.05033 0 3 0 0 -5.83547  -5.09211 0 2.77771 0 0 -5.90586  -0.0326566 0 0.0360733 0 0 -0.0180171  0.0744331 0 0.186221 0 0 0.088412  0 0 0 0 0 0  
45.8673 1.18321 0.0197875 -5.12439 0 3 0 0 -5.88831  -5.16723 0 2.77176 0 0 -5.96215  -0.0336524 0 0.0354399 0 0 -0.0215386  0.0764932 0 0.192799 0 0 0.0953748  0 0 0 0 0 0  
46.4956 1.19581 0.0202312 -5.30537 0 3 0 0 -5.92135  -5.34237 0 2.76138 0 0 -5.99604  -0.0385951 0 0.0384968 0 0 -0.020359  0.0755954 0 0.200128 0 0 0.0950544  0 0 0 0 0 0  
47.1239 1.20834 0.0197214 -5.45953 0 3 0 0 -5.95691  -5.49462 0 2.77406 0 0 -6.02085  -0.031871 0 0.0352522 0 0 -0.0172811  0.0669646 0 0.190688 0 0 0.0812218  0 0 0 0 0 0  
47.7522 1.22091 0.0203955 -5.41484 0 3 0 0 -5.91086  -5.47272 0 2.7714 0 0 -5.98366  -0.0249942 0 0.0338521 0 0 -0.0141147  0.0828757 0 0.194749 0 0 0.0869156  0 0 0 0 0 0  
48.3805 1.23399 0.0215069 -5.34506 0 3 0 0 -5.85312  -5.41723 0 2.74623 0 0 -5.94932  -0.0281603 0 0.0364972 0 0 -0.0185113  0.10033 0 0.217275 0 0 0.114711  0 0 0 0 0 0  
49.0088 1.24739 0.02117 -5.39758 0 3 0 0 -5.80524  -5.46935 0 2.74391 0 0 -5.89902  -0.0356986 0 0.0357477 0 0 -0.0205322  0.107465 0 0.220347 0 0 0.114315  0 0 0 0 0 0  
49.6372 1.2608 0.0212112 -5.35508 0 3 0 0 -5.63613  -5.43017 0 2.74686 0 0 -5.73602  -0.0304369 0 0.0351921 0 0 -0.0171259  0.105525 0 0.21795 0 0 0.117008  0 0 0 0 0 0  
50.2655 1.27418 0.0215221 -5.23394 0 3 0 0 -5.50593  -5.31703 0 2.73486 0 0 -5.62784  -0.0241041 0 0.0344094 0 0 -0.00776967  0.107192 0 0.230733 0 0 0.129682  0 0 0 0 0 0  
50.8938 1.28769 0.0218194 -5.13177 0 3 0 0 -5.349  -5.22827 0 2.73585 0 0 -5.47156  -0.0265284 0 0.0328479 0 0 -0.0140845  0.123032 0 0.231301 0 0 0.136648  0 0 0 0 0 0  
51.5221 1.30136 0.0218244 -5.10503 0 3 0 0 -5.19769  -5.19685 0 2.7317 0 0 -5.32665  -0.0287873 0 0.0352713 0 0 -0.00904269  0.120609 0 0.23303 0 0 0.137995  0 0 0 0 0 0  
52.1504 1.31505 0.0221538 -5.19995 0 3 0 0 -5.17188  -5.28497 0 2.73937 0 0 -5.29305  -0.0316809 0 0.0364727 0 0 -0.0122628  0.116703 0 0.224154 0 0 0.133439  0 0 0 0 0 0  
52.7788 1.32872 0.0213912 -5.29315 0 3 0 0 -5.18062  -5.36356 0 2.75099 0 0 -5.30602  -0.0340263 0 0.0359126 0 0 -0.0156474  0.104428 0 0.2131 0 0 0.141053  0 0 0 0 0 0  
53.4071 1.34264 0.0225593 -5.28947 0 3 0 0 -5.20986  -5.37008 0 2.7418 0 0 -5.35097  -0.0292803 0 0.0329514 0 0 -0.0143392  0.109888 0 0.225252 0 0 0.155448  0 0 0 0 0 0  
54.0354 1.35694 0.0236134 -5.36644 0 3 0 0 -5.14991  -5.44479 0 2.73227 0 0 -5.28794  -0.0330221 0 0.0337765 0 0 -0.0108178  0.111365 0 0.233949 0 0 0.148852  0 0 0 0 0 0  
54.6637 1.37234 0.0248368 -5.28909 0 3 0 0 -5.05832  -5.37181 0 2.70887 0 0 -5.2013  -0.0397329 0 0.0350565 0 0 -0.0139175  0.122461 0 0.256075 0 0 0.156901  0 0 0 0 0 0  
55.292 1.3886 0.0271316 -5.17379 0 3 0 0 -4.87157  -5.26585 0 2.66431 0 0 -5.05805  -0.0450163 0 0.0402181 0 0 -0.0273839  0.137078 0 0.295474 0 0 0.213872  0 0 0 0 0 0  
55.9203 1.40639 0.0289296 -4.93214 0 3 0 0 -4.72998  -5.03056 0 2.61771 0 0 -4.93552  -0.0511986 0 0.050618 0 0 -0.0368122  0.149618 0 0.331677 0 0 0.242345  0 0 0 0 0 0  
56.5487 1.4245 0.0287881 -4.71564 0 3 0 0 -4.61977  -4.83223 0 2.61202 0 0 -4.83359  -0.0474833 0 0.0446802 0 0 -0.0457517  0.164077 0 0.343303 0 0 0.259568  0 0 0 0 0 0  
57.177 1.44317 0.030061 -4.70453 0 3 0 0 -4.56635  -4.82323 0 2.60776 0 0 -4.76826  -0.0499133 0 0.0419803 0 0 -0.0437313  0.168617 0 0.350257 0 0 0.24564  0 0 0 0 0 0  
57.8053 1.46229 0.0308298 -4.74201 0 3 0 0 -4.4808  -4.84895 0 2.60631 0 0 -4.6524  -0.0507344 0 0.0470391 0 0 -0.0474756  0.15768 0 0.346655 0 0 0.219079  0 0 0 0 0 0  
58.4336 1.48198 0.0313147 -4.75946 0 3 0 0 -4.22915  -4.86822 0 2.60184 0 0 -4.39524  -0.0533206 0 0.0511015 0 0 -0.0499164  0.162083 0 0.347056 0 0 0.216003  0 0 0 0 0 0  
59.0619 1.50174 0.0316002 -4.54904 0 3 0 0 -3.95577  -4.67101 0 2.58101 0 0 -4.12711  -0.0616048 0 0.0521273 0 0 -0.0533622  0.183576 0 0.366862 0 0 0.224699  0 0 0 0 0 0  
59.6903 1.52144 0.0302309 -4.41672 0 3 0 0 -3.82424  -4.56051 0 2.58784 0 0 -4.00928  -0.0708732 0 0.043852 0 0 -0.0551447  0.214656 0 0.368309 0 0 0.240187  0 0 0 0 0 0  
60.3186 1.54018 0.030049 -4.46211 0 3 0 0 -3.91835  -4.58793 0 2.60153 0 0 -4.07765  -0.0623131 0 0.0506144 0 0 -0.0517622  0.188133 0 0.347852 0 0 0.211064  0 0 0 0 0 0  
60.9469 1.55907 0.02965 -4.65258 0 3 0 0 -4.06605  -4.75934 0 2.6017 0 0 -4.22051  -0.0677616 0 0.0483876 0 0 -0.0544894  0.174519 0 0.349908 0 0 0.208944  0 0 0 0 0 0  
61.5752 1.57757 0.0294411 -4.8698 0 3 0 0 -4.2174  -4.94876 0 2.61222 0 0 -4.35652  -0.0646531 0 0.0476809 0 0 -0.0587683  0.14361 0 0.340098 0 0 0.197889  0 0 0 0 0 0  
62.2035 1.59584 0.0280652 -4.9268 0 3 0 0 -4.31424  -5.00522 0 2.64352 0 0 -4.45948  -0.0570414 0 0.043201 0 0 -0.0511904  0.135466 0 0.313282 0 0 0.196432  0 0 0 0 0 0  
62.8319 1.61286 0.0269283 -4.96079 0 3 0 0 -4.39521  -5.06637 0 2.65848 0 0 -4.53238  -0.0482736 0 0.0435053 0 0 -0.0454815  0.153854 0 0.29802 0 0 0.18265  0 0 0 0 0 0  
63.4602 1.62944 0.026499 -4.9987 0 3 0 0 -4.39423  -5.09255 0 2.66013 0 0 -4.52153  -0.0487695 0 0.046234 0 0 -0.0477303  0.142626 0 0.293637 0 0 0.175032  0 0 0 0 0 0  
64.0885 1.64586 0.0262942 -4.97239 0 3 0 0 -4.31765  -5.07461 0 2.67178 0 0 -4.45986  -0.042343 0 0.0419467 0 0 -0.0476262  0.144565 0 0.286274 0 0 0.189833  0 0 0 0 0 0  
64.7168 1.66203 0.0260354 -4.95144 0 3 0 0 -4.1487  -5.06191 0 2.66978 0 0 -4.28784  -0.033024 0 0.0416204 0 0 -0.0439  0.143496 0 0.288602 0 0 0.183045  0 0 0 0 0 0  
65.3451 1.67866 0.0267182 -4.94251 0 3 0 0 -4.11206  -5.05145 0 2.66219 0 0 -4.23892  -0.0348482 0 0.0440426 0 0 -0.0464327  0.143792 0 0.293765 0 0 0.173295  0 0 0 0 0 0  
65.9734 1.69574 0.0272331 -4.74142 0 3 0 0 -4.03766  -4.86595 0 2.64315 0 0 -4.19124  -0.0384157 0 0.0411695 0 0 -0.0518929  0.162951 0 0.315677 0 0 0.205471  0 0 0 0 0 0  
66.6018 1.71273 0.0270576 -4.61795 0 3 0 0 -3.98614  -4.75327 0 2.6558 0 0 -4.15354  -0.0384556 0 0.0345975 0 0 -0.0411852  0.173773 0 0.309602 0 0 0.208592  0 0 0 0 0 0  
67.2301 1.72959 0.0267675 -4.58832 0 3 0 0 -4.03573  -4.72611 0 2.65584 0 0 -4.20748  -0.0472027 0 0.0311499 0 0 -0.0483909  0.184999 0 0.31301 0 0 0.22014  0 0 0 0 0 0  
67.8584 1.74642 0.0266204 -4.66336 0 3 0 0 -4.1337  -4.77953 0 2.65048 0 0 -4.29017  -0.0499416 0 0.0354013 0 0 -0.0581133  0.166115 0 0.314118 0 0 0.21458  0 0 0 0 0 0  
68.4867 1.76327 0.0273309 -4.75189 0 3 0 0 -4.25599  -4.85748 0 2.64916 0 0 -4.40264  -0.0449653 0 0.0397146 0 0 -0.052501  0.150563 0 0.311127 0 0 0.199153  0 0 0 0 0 0  
69.115 1.7804 0.0271912 -4.81127 0 3 0 0 -4.37734  -4.9155 0 2.649 0 0 -4.5174  -0.0418145 0 0.0414277 0 0 -0.0576987  0.146047 0 0.309569 0 0 0.197754  0 0 0 0 0 0  
69.7434 1.79741 0.0272335 -4.84048 0 3 0 0 -4.55387  -4.94571 0 2.64814 0 0 -4.67721  -0.0446289 0 0.0423269 0 0 -0.0606349  0.149863 0 0.309534 0 0 0.183978  0 0 0 0 0 0  
70.3717 1.81485 0.0282699 -4.76876 0 3 0 0 -4.62753  -4.89681 0 2.64719 0 0 -4.76499  -0.0463159 0 0.0416041 0 0 -0.0473838  0.174364 0 0.311203 0 0 0.184846  0 0 0 0 0 0  
71 1.8319 0.0263191 -4.80369 0 3 0 0 -4.69561  -4.92982 0 2.65664 0 0 -4.83437  -0.0409258 0 0.0390118 0 0 -0.0489095  0.167049 0 0.304348 0 0 0.187674  0 0 0 0 0 0  
71.6283 1.84846 0.0258273 -4.80282 0 3 0 0 -4.72915  -4.92723 0 2.65543 0 0 -4.88091  -0.0388649 0 0.0417539 0 0 -0.0421006  0.163279 0 0.302816 0 0 0.193861  0 0 0 0 0 0  
72.2566 1.86382 0.0238462 -4.8886 0 3 0 0 -4.73618  -5.00206 0 2.68198 0 0 -4.87096  -0.0292735 0 0.0410396 0 0 -0.0315834  0.142739 0 0.276976 0 0 0.166357  0 0 0 0 0 0  
72.8849 1.87859 0.0229801 -4.96254 0 3 0 0 -4.81733  -5.07525 0 2.70731 0 0 -4.93561  -0.0170889 0 0.0381831 0 0 -0.0262706  0.129797 0 0.254512 0 0 0.144551  0 0 0 0 0 0  
73.5133 1.89261 0.0219881 -5.03487 0 3 0 0 -4.8803  -5.12639 0 2.71634 0 0 -4.98005  -0.0241056 0 0.0377448 0 0 -0.0321123  0.115619 0 0.245911 0 0 0.131867  0 0 0 0 0 0  
74.1416 1.90641 0.0216929 -5.05422 0 3 0 0 -4.98795  -5.14389 0 2.72393 0 0 -5.07836  -0.0251 0 0.0356435 0 0 -0.029359  0.114764 0 0.24043 0 0 0.119774  0 0 0 0 0 0  
74.7699 1.91973 0.0206551 -5.10282 0 3 0 0 -5.09236  -5.19063 0 2.73823 0 0 -5.18141  -0.0244984 0 0.0334508 0 0 -0.0215583  0.112313 0 0.22832 0 0 0.110607  0 0 0 0 0 0  
75.3982 1.93225 0.0195498 -5.16687 0 3 0 0 -5.26516  -5.24475 0 2.74579 0 0 -5.3412  -0.0232445 0 0.0315491 0 0 -0.0252175  0.101122 0 0.222663 0 0 0.101262  0 0 0 0 0 0  
76.0265 1.94454 0.0199976 -5.22249 0 3 0 0 -5.45517  -5.29637 0 2.74848 0 0 -5.53016  -0.0229577 0 0.0302176 0 0 -0.0272531  0.0968368 0 0.221307 0 0 0.102244  0 0 0 0 0 0  
76.6549 1.95715 0.0203339 -5.26184 0 3 0 0 -5.60954  -5.34198 0 2.74794 0 0 -5.69704  -0.0235965 0 0.0282972 0 0 -0.0267906  0.10373 0 0.223766 0 0 0.114287  0 0 0 0 0 0  
77.2832 1.97001 0.02077 -5.24862 0 3 0 0 -5.72455  -5.31732 0 2.74617 0 0 -5.80359  -0.0240582 0 0.0308109 0 0 -0.0277081  0.0927626 0 0.223017 0 0 0.106757  0 0 0 0 0 0  
77.9115 1.9831 0.0208958 -5.29656 0 3 0 0 -5.85102  -5.35852 0 2.7536 0 0 -5.92945  -0.0252278 0 0.032845 0 0 -0.0247673  0.0871841 0 0.213558 0 0 0.103189  0 0 0 0 0 0  
78.5398 1.99626 0.0209851 -5.30348 0 3 0 0 -5.88855  -5.37078 0 2.75429 0 0 -5.97727  -0.0218174 0 0.0313654 0 0 -0.0218048  0.089119 0 0.214345 0 0 0.110518  0 0 0 0 0 0  
79.1681 2.01 0.022154 -5.33311 0 3 0 0 -5.86338  -5.40151 0 2.74971 0 0 -5.96503  -0.0206853 0 0.0320314 0 0 -0.0247909  0.0890893 0 0.218256 0 0 0.12644  0 0 0 0 0 0  
79.7965 2.02441 0.023483 -5.25368 0 3 0 0 -5.81765  -5.326 0 2.73823 0 0 -5.91302  -0.0220877 0 0.0361084 0 0 -0.0272244  0.0944099 0 0.225664 0 0 0.122594  0 0 0 0 0 0  
80.4248 2.03937 0.0242307 -5.17461 0 3 0 0 -5.75528  -5.25388 0 2.72663 0 0 -5.8427  -0.0254635 0 0.0397678 0 0 -0.0262459  0.104741 0 0.233598 0 0 0.11366  0 0 0 0 0 0  
81.0531 2.05479 0.0249483 -5.09279 0 3 0 0 -5.64769  -5.1573 0 2.70693 0 0 -5.7277  -0.034236 0 0.0441616 0 0 -0.0352618  0.0987492 0 0.248908 0 0 0.115272  0 0 0 0 0 0  
81.6814 2.06992 0.0234256 -5.06464 0 3 0 0 -5.56402  -5.11842 0 2.72859 0 0 -5.64442  -0.0294056 0 0.0425379 0 0 -0.0294415  0.0831856 0 0.228875 0 0 0.109844  0 0 0 0 0 0  
82.3097 2.08419 0.0217259 -5.10264 0 3 0 0 -5.50864  -5.1498 0 2.75404 0 0 -5.60146  -0.024051 0 0.0384829 0 0 -0.011796  0.0712128 0 0.207481 0 0 0.104608  0 0 0 0 0 0  
82.938 2.09771 0.0208561 -5.13981 0 3 0 0 -5.52126  -5.18646 0 2.76718 0 0 -5.60241  -0.025703 0 0.0344012 0 0 -0.0137983  0.0723508 0 0.198416 0 0 0.094943  0 0 0 0 0 0  
83.5664 2.1108 0.0205272 -5.15547 0 3 0 0 -5.52753  -5.20669 0 2.76822 0 0 -5.61258  -0.0211872 0 0.0322357 0 0 -0.0158007  0.0724049 0 0.199548 0 0 0.100856  0 0 0 0 0 0  
84.1947 2.1235 0.0202266 -5.14491 0 3 0 0 -5.55208  -5.20003 0 2.7673 0 0 -5.63702  -0.0184441 0 0.0306681 0 0 -0.0180594  0.0735643 0 0.202028 0 0 0.102995  0 0 0 0 0 0  
84.823 2.13629 0.0204173 -5.17821 0 3 0 0 -5.58014  -5.23542 0 2.7651 0 0 -5.67133  -0.016274 0 0.0308727 0 0 -0.0117236  0.0734896 0 0.204025 0 0 0.102911  0 0 0 0 0 0  
85.4513 2.14902 0.0202465 -5.15293 0 3 0 0 -5.62434  -5.21612 0 2.76676 0 0 -5.7152  -0.0145819 0 0.0308882 0 0 -0.0137  0.0777797 0 0.202356 0 0 0.104561  0 0 0 0 0 0  
86.0796 2.16166 0.0196053 -5.09419 0 3 0 0 -5.50418  -5.16367 0 2.76977 0 0 -5.58823  -0.0161422 0 0.033196 0 0 -0.017836  0.0856244 0 0.197039 0 0 0.101882  0 0 0 0 0 0  
86.708 2.17394 0.0194329 -5.10775 0 3 0 0 -5.44663  -5.1867 0 2.76791 0 0 -5.54941  -0.0206378 0 0.0295485 0 0 -0.0218183  0.0995852 0 0.202546 0 0 0.124598  0 0 0 0 0 0  
87.3363 2.18633 0.0204164 -4.96525 0 3 0 0 -5.26731  -5.05153 0 2.74887 0 0 -5.38972  -0.0188497 0 0.032681 0 0 -0.0196368  0.105131 0 0.218445 0 0 0.142044  0 0 0 0 0 0  
87.9646 2.19901 0.0202313 -4.87349 0 3 0 0 -5.26737  -4.95575 0 2.74853 0 0 -5.38812  -0.0216993 0 0.0351958 0 0 -0.0195453  0.103966 0 0.216275 0 0 0.140302  0 0 0 0 0 0  
88.5929 2.21174 0.0204201 -4.82568 0 3 0 0 -5.23964  -4.89715 0 2.745 0 0 -5.35367  -0.0261243 0 0.0358261 0 0 -0.0245343  0.0975932 0 0.219172 0 0 0.138566  0 0 0 0 0 0  
89.2212 2.22488 0.0211996 -4.80748 0 3 0 0 -5.23897  -4.88501 0 2.737 0 0 -5.36543  -0.0260705 0 0.0339511 0 0 -0.0292956  0.103597 0 0.229047 0 0 0.155752  0 0 0 0 0 0  
89.8495 2.2386 0.0222841 -4.82118 0 3 0 0 -5.17929  -4.89487 0 2.72057 0 0 -5.30882  -0.0362717 0 0.035242 0 0 -0.0332081  0.109958 0 0.244189 0 0 0.162739  0 0 0 0 0 0  
90.4779 2.25306 0.0241476 -4.77793 0 3 0 0 -5.15153  -4.87901 0 2.69297 0 0 -5.29788  -0.0350725 0 0.0371303 0 0 -0.0398579  0.136152 0 0.269903 0 0 0.186199  0 0 0 0 0 0  
91.1062 2.26822 0.0242435 -4.84291 0 3 0 0 -5.03386  -4.94352 0 2.70293 0 0 -5.182  -0.031496 0 0.0390279 0 0 -0.0371511  0.132111 0 0.258045 0 0 0.185293  0 0 0 0 0 0  
91.7345 2.28351 0.0241998 -4.87403 0 3 0 0 -4.86424  -4.9762 0 2.69829 0 0 -5.03224  -0.0316045 0 0.0363201 0 0 -0.0405993  0.133778 0 0.265394 0 0 0.208597  0 0 0 0 0 0  
92.3628 2.29872 0.0243357 -4.85692 0 3 0 0 -4.57436  -4.96492 0 2.69667 0 0 -4.7407  -0.0343398 0 0.035151 0 0 -0.0461234  0.142343 0 0.268182 0 0 0.212464  0 0 0 0 0 0  
92.9911 2.31404 0.02454 -4.61596 0 3 0 0 -4.29954  -4.74616 0 2.68432 0 0 -4.47454  -0.0384209 0 0.0325643 0 0 -0.0464829  0.168617 0 0.283118 0 0 0.221485  0 0 0 0 0 0  
93.6195 2.32935 0.0236703 -4.51503 0 3 0 0 -4.16677  -4.6444 0 2.69281 0 0 -4.32412  -0.0437365 0 0.0297405 0 0 -0.0448437  0.173114 0 0.277445 0 0 0.202193  0 0 0 0 0 0  
94.2478 2.3442 0.0237473 -4.563 0 3 0 0 -4.30957  -4.6777 0 2.68957 0 0 -4.46802  -0.045788 0 0.0337924 0 0 -0.0464606  0.16048 0 0.276634 0 0 0.204918  0 0 0 0 0 0  
94.8761 2.35923 0.0242258 -4.59263 0 3 0 0 -4.47168  -4.7025 0 2.69912 0 0 -4.63291  -0.0383352 0 0.0315422 0 0 -0.0364356  0.148204 0 0.269342 0 0 0.197663  0 0 0 0 0 0  
95.5044 2.375 0.0259334 -4.4507 0 3 0 0 -4.542  -4.55423 0 2.66534 0 0 -4.69134  -0.0473646 0 0.0383373 0 0 -0.0454356  0.150892 0 0.296321 0 0 0.194777  0 0 0 0 0 0  
96.1327 2.39112 0.0256256 -4.38025 0 3 0 0 -4.55334  -4.49531 0 2.66702 0 0 -4.70194  -0.0477929 0 0.0363081 0 0 -0.0553409  0.162846 0 0.296668 0 0 0.203944  0 0 0 0 0 0  
96.7611 2.40745 0.0262109 -4.4445 0 3 0 0 -4.61129  -4.55262 0 2.6681 0 0 -4.76722  -0.0422627 0 0.0401955 0 0 -0.0502562  0.150383 0 0.291708 0 0 0.20619  0 0 0 0 0 0  
97.3894 2.42365 0.0252267 -4.55908 0 3 0 0 -4.75894  -4.65667 0 2.68882 0 0 -4.91641  -0.0361178 0 0.0363133 0 0 -0.0333188  0.133706 0 0.274868 0 0 0.190792  0 0 0 0 0 0  
98.0177 2.43981 0.0261056 -4.69242 0 3 0 0 -4.84759  -4.79137 0 2.67539 0 0 -4.99691  -0.0363954 0 0.0395651 0 0 -0.032357  0.135343 0 0.285042 0 0 0.181681  0 0 0 0 0 0  
98.646 2.45584 0.0253445 -4.76622 0 3 0 0 -4.99586  -4.86237 0 2.67917 0 0 -5.14525  -0.0324453 0 0.0345657 0 0 -0.0274871  0.12859 0 0.286263 0 0 0.176876  0 0 0 0 0 0  
99.2743 2.47172 0.0251087 -4.79951 0 3 0 0 -5.15125  -4.90214 0 2.67657 0 0 -5.29419  -0.0369839 0 0.0328223 0 0 -0.0367659  0.139624 0 0.290612 0 0 0.179705  0 0 0 0 0 0  
99.9026 2.48716 0.0235313 -4.99168 0 3 0 0 -5.37627  -5.07233 0 2.69961 0 0 -5.51265  -0.0301912 0 0.0356635 0 0 -0.0278913  0.110843 0 0.26473 0 0 0.164265  0 0 0 0 0 0  
100.531 2.5014 0.0212149 -5.16384 0 3 0 0 -5.5048  -5.24316 0 2.73719 0 0 -5.63387  -0.0266609 0 0.0314679 0 0 -0.018553  0.105979 0 0.231345 0 0 0.147624  0 0 0 0 0 0  
101.159 2.51447 0.0201688 -5.28306 0 3 0 0 -5.56482  -5.35211 0 2.75564 0 0 -5.68199  -0.0229661 0 0.0297858 0 0 -0.0179656  0.0920111 0 0.214578 0 0 0.135136  0 0 0 0 0 0  
101.788 2.52712 0.0201087 -5.39651 0 3 0 0 -5.55552  -5.44979 0 2.75695 0 0 -5.65062  -0.0237921 0 0.0323121 0 0 -0.0170208  0.0770688 0 0.210734 0 0 0.112113  0 0 0 0 0 0  
102.416 2.54004 0.0205697 -5.53218 0 3 0 0 -5.5832  -5.57992 0 2.7559 0 0 -5.67689  -0.02161 0 0.0347809 0 0 -0.0146204  0.0693516 0 0.209318 0 0 0.108318  0 0 0 0 0 0  
103.044 2.55292 0.0203682 -5.6244 0 3 0 0 -5.59665  -5.68029 0 2.76209 0 0 -5.69431  -0.0155508 0 0.0311543 0 0 -0.013608  0.0714385 0 0.206754 0 0 0.111262  0 0 0 0 0 0  
103.673 2.56531 0.0192537 -5.64846 0 3 0 0 -5.59402  -5.69594 0 2.76633 0 0 -5.68565  -0.0161839 0 0.0286234 0 0 -0.0120314  0.0636652 0 0.205044 0 0 0.103661  0 0 0 0 0 0  
104.301 2.57738 0.0193844 -5.70538 0 3 0 0 -5.62988  -5.74273 0 2.76603 0 0 -5.72056  -0.0200385 0 0.0276884 0 0 -0.0165611  0.0573849 0 0.206285 0 0 0.107238  0 0 0 0 0 0  
104.929 2.58987 0.0201492 -5.69535 0 3 0 0 -5.63987  -5.74264 0 2.75756 0 0 -5.74025  -0.0237396 0 0.028829 0 0 -0.0199398  0.0710306 0 0.213608 0 0 0.120316  0 0 0 0 0 0  
105.558 2.60279 0.0207101 -5.71629 0 3 0 0 -5.61644  -5.77884 0 2.74595 0 0 -5.7236  -0.0267664 0 0.028402 0 0 -0.02445  0.0893183 0 0.225646 0 0 0.131607  0 0 0 0 0 0  
106.186 2.61615 0.0212552 -5.71411 0 3 0 0 -5.49488  -5.78556 0 2.74548 0 0 -5.59576  -0.0310335 0 0.030702 0 0 -0.0267863  0.102478 0 0.223813 0 0 0.127663  0 0 0 0 0 0  
106.814 2.62935 0.0208747 -5.61027 0 3 0 0 -5.37797  -5.67845 0 2.75182 0 0 -5.47154  -0.0294553 0 0.0298827 0 0 -0.0242362  0.0976361 0 0.218294 0 0 0.117806  0 0 0 0 0 0  
107.442 2.64298 0.0225297 -5.50113 0 3 0 0 -5.22824  -5.58466 0 2.7354 0 0 -5.32429  -0.0302928 0 0.0327845 0 0 -0.0258978  0.113823 0 0.231819 0 0 0.121955  0 0 0 0 0 0  
108.071 2.65783 0.0242199 -5.26282 0 3 0 0 -4.98821  -5.36015 0 2.69911 0 0 -5.11749  -0.0311324 0 0.0400882 0 0 -0.0257977  0.128462 0 0.2608 0 0 0.155073  0 0 0 0 0 0  
108.699 2.67335 0.0251056 -4.94791 0 3 0 0 -4.83193  -5.04745 0 2.68096 0 0 -4.96134  -0.0319017 0 0.0450143 0 0 -0.0209769  0.131434 0 0.274021 0 0 0.150386  0 0 0 0 0 0  
109.327 2.68929 0.0247402 -4.7798 0 3 0 0 -4.78906  -4.88627 0 2.66651 0 0 -4.90535  -0.0407971 0 0.0459932 0 0 -0.0343384  0.147272 0 0.287499 0 0 0.150625  0 0 0 0 0 0  
109.956 2.70484 0.0246005 -4.74153 0 3 0 0 -4.80455  -4.84689 0 2.67208 0 0 -4.91096  -0.0421712 0 0.0449727 0 0 -0.0319549  0.147529 0 0.282951 0 0 0.138367  0 0 0 0 0 0  
110.584 2.72057 0.0254077 -4.67646 0 3 0 0 -4.70704  -4.78326 0 2.65541 0 0 -4.81497  -0.0352579 0 0.0524503 0 0 -0.0322677  0.142051 0 0.292135 0 0 0.140195  0 0 0 0 0 0  
111.212 2.73625 0.0247474 -4.65988 0 3 0 0 -4.51283  -4.78063 0 2.66961 0 0 -4.64638  -0.0329676 0 0.0497587 0 0 -0.0307907  0.153721 0 0.280626 0 0 0.16434  0 0 0 0 0 0  
111.841 2.75138 0.0234437 -4.62799 0 3 0 0 -4.40151  -4.75042 0 2.67514 0 0 -4.54366  -0.0246503 0 0.0456908 0 0 -0.0300057  0.147084 0 0.279167 0 0 0.172161  0 0 0 0 0 0  
112.469 2.76565 0.022021 -4.63111 0 3 0 0 -4.45392  -4.74675 0 2.68783 0 0 -4.59801  -0.0295578 0 0.0367974 0 0 -0.0414834  0.145201 0 0.275368 0 0 0.185573  0 0 0 0 0 0  
113.097 2.77972 0.0229048 -4.72441 0 3 0 0 -4.67505  -4.83723 0 2.6789 0 0 -4.81836  -0.0305689 0 0.0380827 0 0 -0.0452095  0.143384 0 0.283019 0 0 0.188514  0 0 0 0 0 0  
113.726 2.7942 0.0229116 -4.81507 0 3 0 0 -4.90724  -4.92019 0 2.68983 0 0 -5.03952  -0.0310393 0 0.0401374 0 0 -0.0450389  0.136153 0 0.270028 0 0 0.177325  0 0 0 0 0 0  
114.354 2.80856 0.0229829 -4.92294 0 3 0 0 -5.07453  -5.01877 0 2.70446 0 0 -5.20126  -0.0281825 0 0.0385059 0 0 -0.034623  0.124015 0 0.257034 0 0 0.161355  0 0 0 0 0 0  
114.982 2.82308 0.0237257 -4.93471 0 3 0 0 -5.01694  -5.01637 0 2.70024 0 0 -5.13185  -0.0286525 0 0.0405459 0 0 -0.0352098  0.110313 0 0.259213 0 0 0.150117  0 0 0 0 0 0  
115.611 2.83816 0.0241679 -4.91082 0 3 0 0 -5.02351  -4.99376 0 2.69429 0 0 -5.13571  -0.0373772 0 0.0423968 0 0 -0.0303321  0.120314 0 0.263311 0 0 0.142534  0 0 0 0 0 0  
116.239 2.85328 0.0240374 -4.88201 0 3 0 0 -4.97199  -4.97397 0 2.69171 0 0 -5.09641  -0.0432902 0 0.042907 0 0 -0.0317233  0.13525 0 0.265378 0 0 0.156146  0 0 0 0 0 0  
116.867 2.86852 0.0246179 -4.76393 0 3 0 0 -4.8134  -4.87279 0 2.66359 0 0 -4.95469  -0.0392961 0 0.0455904 0 0 -0.0276473  0.14815 0 0.29082 0 0 0.16894  0 0 0 0 0 0  
117.496 2.88418 0.0249022 -4.72389 0 3 0 0 -4.88721  -4.84636 0 2.67619 0 0 -5.03697  -0.036052 0 0.0445413 0 0 -0.026668  0.15853 0 0.279269 0 0 0.176433  0 0 0 0 0 0  
118.124 2.89958 0.0241107 -4.79084 0 3 0 0 -4.99316  -4.8978 0 2.69491 0 0 -5.12498  -0.0396367 0 0.0427928 0 0 -0.0262499  0.146597 0 0.2623 0 0 0.158068  0 0 0 0 0 0  
118.752 2.91449 0.0236212 -4.85705 0 3 0 0 -5.06752  -4.96186 0 2.69211 0 0 -5.19462  -0.0363071 0 0.0423086 0 0 -0.0234364  0.141114 0 0.265582 0 0 0.150538  0 0 0 0 0 0  
119.381 2.92895 0.023359 -4.77343 0 3 0 0 -5.04642  -4.87064 0 2.70637 0 0 -5.16442  -0.0417427 0 0.0375512 0 0 -0.0245  0.13896 0 0.256076 0 0 0.142506  0 0 0 0 0 0  
120.009 2.94323 0.0222993 -4.74414 0 3 0 0 -5.01899  -4.81793 0 2.72019 0 0 -5.11488  -0.0461786 0 0.0373614 0 0 -0.024435  0.119969 0 0.242451 0 0 0.120329  0 0 0 0 0 0  
120.637 2.95717 0.0220361 -4.72699 0 3 0 0 -4.9279  -4.81497 0 2.72939 0 0 -5.05841  -0.0423069 0 0.0334644 0 0 -0.0166062  0.130286 0 0.237142 0 0 0.147113  0 0 0 0 0 0  
121.265 2.97076 0.0214524 -4.80329 0 3 0 0 -4.92681  -4.88308 0 2.73931 0 0 -5.05114  -0.0416062 0 0.0328528 0 0 -0.0153235  0.121401 0 0.22784 0 0 0.13966  0 0 0 0 0 0  
121.894 2.98425 0.0217428 -4.86667 0 3 0 0 -5.02045  -4.94119 0 2.74175 0 0 -5.12643  -0.0325349 0 0.0348456 0 0 -0.0123631  0.107055 0 0.223401 0 0 0.118342  0 0 0 0 0 0  
122.522 2.99804 0.022519 -4.9588 0 3 0 0 -4.99603  -5.03552 0 2.73542 0 0 -5.1043  -0.0377783 0 0.034533 0 0 -0.0085794  0.114502 0 0.230044 0 0 0.116846  0 0 0 0 0 0  
123.15 3.01223 0.0228532 -5.07764 0 3 0 0 -4.98572  -5.15702 0 2.71743 0 0 -5.09404  -0.0420796 0 0.0327989 0 0 -0.0153454  0.12146 0 0.249772 0 0 0.123664  0 0 0 0 0 0  
123.779 3.0271 0.0242626 -5.22394 0 3 0 0 -4.87843  -5.315 0 2.69383 0 0 -4.99243  -0.0431666 0 0.0374428 0 0 -0.0195148  0.134231 0 0.268731 0 0 0.13351  0 0 0 0 0 0  
124.407 3.04295 0.0256934 -5.35014 0 3 0 0 -4.6127  -5.45717 0 2.6814 0 0 -4.75037  -0.0387045 0 0.0391226 0 0 -0.0173496  0.145734 0 0.279474 0 0 0.155024  0 0 0 0 0 0  
125.035 3.0592 0.0253727 -5.49904 0 3 0 0 -4.50032  -5.60298 0 2.69308 0 0 -4.64986  -0.0342217 0 0.0389669 0 0 -0.0259847  0.138159 0 0.267951 0 0 0.17552  0 0 0 0 0 0  
125.664 3.07513 0.0253958 -5.52889 0 3 0 0 -4.55148  -5.62122 0 2.6925 0 0 -4.69126  -0.0424904 0 0.0413349 0 0 -0.0356527  0.134823 0 0.266166 0 0 0.175436  0 0 0 0 0 0  
126.292 3.09054 0.0236565 -5.55507 0 3 0 0 -4.63045  -5.64033 0 2.7118 0 0 -4.76018  -0.0443635 0 0.0395977 0 0 -0.0294979  0.129622 0 0.248606 0 0 0.159226  0 0 0 0 0 0  
126.92 3.105 0.022453 -5.66337 0 3 0 0 -4.87548  -5.73562 0 2.7303 0 0 -4.98409  -0.0400804 0 0.0388851 0 0 -0.0232899  0.112334 0 0.230814 0 0 0.1319  0 0 0 0 0 0  
127.549 3.11866 0.0209901 -5.71728 0 3 0 0 -5.01364  -5.78053 0 2.75464 0 0 -5.10235  -0.0359922 0 0.034986 0 0 -0.0263031  0.0992463 0 0.210374 0 0 0.115014  0 0 0 0 0 0  
128.177 3.13176 0.0204211 -5.7386 0 3 0 0 -5.08214  -5.80432 0 2.7702 0 0 -5.17318  -0.0324875 0 0.0346219 0 0 -0.0277176  0.0982021 0 0.19518 0 0 0.118754  0 0 0 0 0 0  
128.805 3.14412 0.0190162 -5.7273 0 3 0 0 -5.10112  -5.78769 0 2.79049 0 0 -5.19603  -0.0234589 0 0.0305616 0 0 -0.0148248  0.083843 0 0.178943 0 0 0.109738  0 0 0 0 0 0  
129.434 3.15551 0.0174453 -5.7032 0 3 0 0 -5.04867  -5.75697 0 2.8042 0 0 -5.14105  -0.0216262 0 0.0283604 0 0 -0.0149334  0.0753925 0 0.167445 0 0 0.107313  0 0 0 0 0 0  
130.062 3.16658 0.0182544 -5.67664 0 3 0 0 -4.9958  -5.72785 0 2.79508 0 0 -5.08081  -0.0266132 0 0.0290543 0 0 -0.015644  0.0778223 0 0.175869 0 0 0.100657  0 0 0 0 0 0  
130.69 3.17798 0.0179608 -5.62244 0 3 0 0 -4.98935  -5.66805 0 2.79913 0 0 -5.0605  -0.0261025 0 0.029098 0 0 -0.0182181  0.0717097 0 0.17177 0 0 0.0893651  0 0 0 0 0 0  
131.319 3.1897 0.0192338 -5.4878 0 3 0 0 -4.96093  -5.54031 0 2.78182 0 0 -5.04471  -0.0313247 0 0.0312179 0 0 -0.0214877  0.0838415 0 0.186963 0 0 0.105266  0 0 0 0 0 0  
131.947 3.20161 0.018877 -5.46254 0 3 0 0 -5.03006  -5.51281 0 2.78389 0 0 -5.09925  -0.0235169 0 0.0348745 0 0 -0.016379  0.0737839 0 0.181232 0 0 0.0855693  0 0 0 0 0 0  
132.575 3.21365 0.0193471 -5.42396 0 3 0 0 -5.07842  -5.48735 0 2.77804 0 0 -5.16293  -0.0223867 0 0.0351323 0 0 -0.0138142  0.0857746 0 0.186831 0 0 0.0983305  0 0 0 0 0 0  
133.204 3.22588 0.0193661 -5.39923 0 3 0 0 -5.13774  -5.46078 0 2.77755 0 0 -5.21779  -0.0237272 0 0.0356603 0 0 -0.0132101  0.0852705 0 0.186794 0 0 0.0932614  0 0 0 0 0 0  
133.832 3.23798 0.0188572 -5.36702 0 3 0 0 -5.17138  -5.4256 0 2.78598 0 0 -5.25597  -0.0233996 0 0.0325727 0 0 -0.00950238  0.0819732 0 0.181446 0 0 0.094092  0 0 0 0 0 0  
134.46 3.24987 0.0190934 -5.26886 0 3 0 0 -5.05241  -5.33341 0 2.77749 0 0 -5.15941  -0.0250211 0 0.0308218 0 0 -0.00723824  0.0895674 0 0.191686 0 0 0.114233  0 0 0 0 0 0  
135.088 3.26203 0.0192318 -5.17141 0 3 0 0 -4.97615  -5.23042 0 2.76634 0 0 -5.07594  -0.0238502 0 0.0319304 0 0 -0.0149458  0.082863 0 0.201728 0 0 0.114741  0 0 0 0 0 0  
135.717 3.27414 0.0188444 -5.15259 0 3 0 0 -4.91842  -5.21206 0 2.76856 0 0 -5.02252  -0.0205861 0 0.0307796 0 0 -0.0164914  0.0800565 0 0.200659 0 0 0.120589  0 0 0 0 0 0  
136.345 3.28628 0.0197506 -5.07876 0 3 0 0 -4.81409  -5.15655 0 2.7564 0 0 -4.93061  -0.0220356 0 0.0313193 0 0 -0.012796  0.0998172 0 0.21228 0 0 0.129317  0 0 0 0 0 0  
136.973 3.29893 0.0204537 -5.0255 0 3 0 0 -4.80366  -5.1171 0 2.75402 0 0 -4.9237  -0.0191216 0 0.031661 0 0 -0.013574  0.110719 0 0.214321 0 0 0.133615  0 0 0 0 0 0  
137.602 3.31235 0.0224251 -4.95601 0 3 0 0 -4.65364  -5.04971 0 2.72203 0 0 -4.7897  -0.0224565 0 0.0336358 0 0 -0.0164517  0.116158 0 0.24433 0 0 0.152512  0 0 0 0 0 0  
138.23 3.32735 0.0248362 -4.72998 0 3 0 0 -4.63143  -4.83762 0 2.68549 0 0 -4.77339  -0.0373546 0 0.0405999 0 0 -0.025656  0.144997 0 0.273913 0 0 0.167611  0 0 0 0 0 0  
138.858 3.34318 0.0248698 -4.52789 0 3 0 0 -4.6084  -4.64449 0 2.67113 0 0 -4.75851  -0.0443554 0 0.0446204 0 0 -0.0280022  0.160955 0 0.284247 0 0 0.17811  0 0 0 0 0 0  
139.487 3.3592 0.0255371 -4.40587 0 3 0 0 -4.65573  -4.53905 0 2.66207 0 0 -4.82295  -0.041943 0 0.0441274 0 0 -0.0273994  0.175125 0 0.293807 0 0 0.194625  0 0 0 0 0 0  
140.115 3.37537 0.0253886 -4.20419 0 3 0 0 -4.62124  -4.33622 0 2.64363 0 0 -4.78316  -0.0263063 0 0.0442501 0 0 -0.0281791  0.158339 0 0.312117 0 0 0.190096  0 0 0 0 0 0  
140.743 3.39114 0.0248579 -4.13825 0 3 0 0 -4.64224  -4.27672 0 2.65024 0 0 -4.82064  -0.0334065 0 0.0368709 0 0 -0.0406807  0.171876 0 0.312891 0 0 0.21908  0 0 0 0 0 0  
141.372 3.40661 0.0248445 -4.07233 0 3 0 0 -4.71345  -4.19595 0 2.65354 0 0 -4.87798  -0.0388564 0 0.0379807 0 0 -0.0442852  0.162481 0 0.308481 0 0 0.208814  0 0 0 0 0 0  
142 3.42237 0.0252425 -3.95519 0 3 0 0 -4.64262  -4.07176 0 2.65864 0 0 -4.80061  -0.0463124 0 0.036243 0 0 -0.044269  0.162885 0 0.305115 0 0 0.202259  0 0 0 0 0 0  
142.628 3.43803 0.0245109 -4.10721 0 3 0 0 -4.65811  -4.20967 0 2.65653 0 0 -4.81441  -0.0461944 0 0.0388174 0 0 -0.044731  0.148659 0 0.304654 0 0 0.201032  0 0 0 0 0 0  
143.257 3.45337 0.0240603 -4.39083 0 3 0 0 -4.70529  -4.47418 0 2.6738 0 0 -4.83449  -0.045812 0 0.0415499 0 0 -0.0443088  0.129169 0 0.284652 0 0 0.173509  0 0 0 0 0 0  
143.885 3.46858 0.0245967 -4.59108 0 3 0 0 -4.71958  -4.67687 0 2.68109 0 0 -4.85289  -0.0438931 0 0.0350034 0 0 -0.0360344  0.129679 0 0.28391 0 0 0.169342  0 0 0 0 0 0  
144.513 3.48391 0.0241605 -4.66786 0 3 0 0 -4.65345  -4.7407 0 2.68515 0 0 -4.77402  -0.0461071 0 0.0373731 0 0 -0.0413213  0.118943 0 0.277475 0 0 0.161885  0 0 0 0 0 0  
145.142 3.49924 0.0247565 -4.60661 0 3 0 0 -4.57681  -4.68328 0 2.67164 0 0 -4.69238  -0.0436541 0 0.0414846 0 0 -0.0465855  0.120324 0 0.286873 0 0 0.162157  0 0 0 0 0 0  
145.77 3.51484 0.0253614 -4.51494 0 3 0 0 -4.44235  -4.58845 0 2.67096 0 0 -4.54698  -0.0421689 0 0.0421053 0 0 -0.0483241  0.115678 0 0.286935 0 0 0.152955  0 0 0 0 0 0  
146.398 3.53073 0.0250836 -4.40032 0 3 0 0 -4.22067  -4.50005 0 2.66508 0 0 -4.35004  -0.0405754 0 0.0409564 0 0 -0.036855  0.1403 0 0.293959 0 0 0.16623  0 0 0 0 0 0  
147.027 3.54643 0.0250593 -4.34747 0 3 0 0 -4.1168  -4.45646 0 2.64751 0 0 -4.27468  -0.0443533 0 0.0366755 0 0 -0.0449015  0.153345 0 0.315813 0 0 0.202778  0 0 0 0 0 0  
147.655 3.56243 0.0260507 -4.30677 0 3 0 0 -4.02043  -4.42604 0 2.62991 0 0 -4.1949  -0.0419917 0 0.0369244 0 0 -0.0521904  0.161261 0 0.333162 0 0 0.226663  0 0 0 0 0 0  
148.283 3.57915 0.0267658 -4.3576 0 3 0 0 -4.00885  -4.46553 0 2.6229 0 0 -4.19857  -0.0459187 0 0.0409862 0 0 -0.0487158  0.153855 0 0.336115 0 0 0.238432  0 0 0 0 0 0  
148.911 3.59649 0.0267735 -4.37508 0 3 0 0 -4.06407  -4.4933 0 2.63313 0 0 -4.26308  -0.0472156 0 0.0400181 0 0 -0.0410024  0.165436 0 0.326848 0 0 0.240009  0 0 0 0 0 0  
149.54 3.61318 0.0261005 -4.42445 0 3 0 0 -4.12649  -4.56109 0 2.657 0 0 -4.31896  -0.0431341 0 0.0358074 0 0 -0.03264  0.179777 0 0.307189 0 0 0.225105  0 0 0 0 0 0  
150.168 3.62931 0.0260817 -4.52635 0 3 0 0 -4.10201  -4.66051 0 2.66317 0 0 -4.29639  -0.0496818 0 0.0350464 0 0 -0.0349097  0.183843 0 0.301781 0 0 0.229296  0 0 0 0 0 0  
150.796 3.64597 0.0258792 -4.69618 0 3 0 0 -4.1125  -4.82116 0 2.65643 0 0 -4.29819  -0.0565836 0 0.036489 0 0 -0.0310795  0.181567 0 0.307084 0 0 0.216776  0 0 0 0 0 0  
151.425 3.66194 0.0250075 -4.87123 0 3 0 0 -4.28185  -4.97329 0 2.68381 0 0 -4.44211  -0.0470241 0 0.0366326 0 0 -0.0269259  0.14908 0 0.279558 0 0 0.187182  0 0 0 0 0 0  
152.053 3.67737 0.0243301 -5.07263 0 3 0 0 -4.43843  -5.16271 0 2.69396 0 0 -4.58655  -0.0451286 0 0.0337199 0 0 -0.0271032  0.135213 0 0.272315 0 0 0.175224  0 0 0 0 0 0  
152.681 3.69304 0.0256814 -5.24563 0 3 0 0 -4.57525  -5.3318 0 2.68173 0 0 -4.712  -0.0462491 0 0.0342527 0 0 -0.0299089  0.132416 0 0.284013 0 0 0.166659  0 0 0 0 0 0  
153.31 3.70928 0.0259854 -5.39106 0 3 0 0 -4.6644  -5.46902 0 2.68686 0 0 -4.78023  -0.0440377 0 0.0378345 0 0 -0.0280376  0.121994 0 0.275306 0 0 0.14386  0 0 0 0 0 0  
153.938 3.7257 0.0261117 -5.5464 0 3 0 0 -4.80635  -5.61572 0 2.68685 0 0 -4.91746  -0.042389 0 0.0378689 0 0 -0.027994  0.111704 0 0.275286 0 0 0.139107  0 0 0 0 0 0  
154.566 3.74196 0.025825 -5.60956 0 3 0 0 -4.87965  -5.67126 0 2.70028 0 0 -4.98377  -0.0380917 0 0.0379757 0 0 -0.0294497  0.0997864 0 0.261749 0 0 0.133574  0 0 0 0 0 0  
155.195 3.75804 0.0249937 -5.61247 0 3 0 0 -4.89323  -5.67109 0 2.70604 0 0 -4.99457  -0.0408933 0 0.0392525 0 0 -0.0295058  0.0995125 0 0.254711 0 0 0.130851  0 0 0 0 0 0  
155.823 3.77347 0.0238797 -5.61 0 3 0 0 -4.94324  -5.66965 0 2.71934 0 0 -5.03623  -0.0321367 0 0.0400475 0 0 -0.0249527  0.091785 0 0.240612 0 0 0.117945  0 0 0 0 0 0  
156.451 3.78787 0.0225265 -5.51268 0 3 0 0 -4.86144  -5.58748 0 2.72137 0 0 -4.94892  -0.0301027 0 0.0396869 0 0 -0.0241178  0.104905 0 0.238945 0 0 0.11159  0 0 0 0 0 0  
157.08 3.80149 0.0211139 -5.35888 0 3 0 0 -4.79506  -5.44631 0 2.72692 0 0 -4.88818  -0.0264519 0 0.0353919 0 0 -0.0220474  0.113882 0 0.237686 0 0 0.115168  0 0 0 0 0 0  
157.708 3.81433 0.0201549 -5.24671 0 3 0 0 -4.73801  -5.35483 0 2.72871 0 0 -4.84877  -0.02946 0 0.032648 0 0 -0.0174698  0.137577 0 0.238646 0 0 0.128232  0 0 0 0 0 0  
158.336 3.82718 0.0207237 -5.23772 0 3 0 0 -4.77443  -5.36723 0 2.7204 0 0 -4.903  -0.0291976 0 0.030414 0 0 -0.0161417  0.158709 0 0.249185 0 0 0.144713  0 0 0 0 0 0  
158.965 3.84019 0.0205885 -5.19009 0 3 0 0 -4.92173  -5.30219 0 2.73481 0 0 -5.05069  -0.0205605 0 0.0298965 0 0 -0.012552  0.132664 0 0.235296 0 0 0.141518  0 0 0 0 0 0  
159.593 3.85336 0.0210768 -5.15629 0 3 0 0 -4.94364  -5.25222 0 2.73709 0 0 -5.06376  -0.0207003 0 0.02962 0 0 -0.0179627  0.116634 0 0.233294 0 0 0.138081  0 0 0 0 0 0  
160.221 3.867 0.0218898 -5.09212 0 3 0 0 -4.9493  -5.17757 0 2.73148 0 0 -5.05883  -0.0248835 0 0.0306615 0 0 -0.0136465  0.11033 0 0.237859 0 0 0.12318  0 0 0 0 0 0  
160.85 3.88084 0.0226948 -4.96194 0 3 0 0 -4.97976  -5.07027 0 2.71584 0 0 -5.09975  -0.0314839 0 0.0340079 0 0 -0.0106251  0.139819 0 0.250156 0 0 0.130611  0 0 0 0 0 0  
161.478 3.89508 0.023123 -4.93774 0 3 0 0 -5.01888  -5.0483 0 2.71869 0 0 -5.14342  -0.0281717 0 0.0349523 0 0 -0.0117172  0.138728 0 0.246359 0 0 0.136251  0 0 0 0 0 0  
162.106 3.9096 0.0231575 -5.00458 0 3 0 0 -5.07621  -5.1076 0 2.71054 0 0 -5.19976  -0.0311382 0 0.0378742 0 0 -0.0131218  0.134164 0 0.251582 0 0 0.136663  0 0 0 0 0 0  
162.734 3.92409 0.0230593 -5.1434 0 3 0 0 -5.08536  -5.25282 0 2.70573 0 0 -5.21372  -0.0370451 0 0.0373145 0 0 -0.0162307  0.146466 0 0.256956 0 0 0.144587  0 0 0 0 0 0  
163.363 3.93852 0.0229144 -5.17223 0 3 0 0 -5.07172  -5.28665 0 2.69509 0 0 -5.20461  -0.0405602 0 0.0388255 0 0 -0.0217422  0.154982 0 0.26608 0 0 0.154627  0 0 0 0 0 0  
163.991 3.95282 0.0224434 -5.25121 0 3 0 0 -5.08269  -5.36384 0 2.69991 0 0 -5.20961  -0.0392491 0 0.0369577 0 0 -0.0198341  0.151884 0 0.263134 0 0 0.146751  0 0 0 0 0 0  
164.619 3.96672 0.0224739 -5.31284 0 3 0 0 -5.14409  -5.42166 0 2.71346 0 0 -5.26311  -0.0360705 0 0.0342217 0 0 -0.0210558  0.144894 0 0.252319 0 0 0.140081  0 0 0 0 0 0  
165.248 3.98051 0.0218816 -5.25939 0 3 0 0 -5.1542  -5.37006 0 2.71836 0 0 -5.27953  -0.0305956 0 0.0336991 0 0 -0.0235684  0.141266 0 0.24794 0 0 0.148899  0 0 0 0 0 0  
165.876 3.99425 0.0218763 -5.23805 0 3 0 0 -5.07694  -5.34241 0 2.70875 0 0 -5.21753  -0.0300796 0 0.0312232 0 0 -0.025735  0.134446 0 0.26003 0 0 0.166327  0 0 0 0 0 0  
166.504 4.00837 0.0228647 -5.01825 0 3 0 0 -4.90575  -5.12217 0 2.68695 0 0 -5.05402  -0.0389183 0 0.0317553 0 0 -0.0289095  0.142841 0 0.281291 0 0 0.177179  0 0 0 0 0 0  
167.133 4.02349 0.0251456 -5.01082 0 3 0 0 -4.81135  -5.10521 0 2.6553 0 0 -4.95996  -0.0295163 0 0.0338167 0 0 -0.0216625  0.123909 0 0.310884 0 0 0.170269  0 0 0 0 0 0  
167.761 4.03944 0.0251965 -5.05368 0 3 0 0 -4.81286  -5.15707 0 2.64825 0 0 -4.9509  -0.0315322 0 0.0337917 0 0 -0.0223615  0.134917 0 0.317955 0 0 0.16041  0 0 0 0 0 0  
168.389 4.05505 0.0246136 -5.08348 0 3 0 0 -4.88751  -5.18906 0 2.65321 0 0 -5.01098  -0.0331252 0 0.0321451 0 0 -0.0342572  0.138707 0 0.314649 0 0 0.15773  0 0 0 0 0 0  
169.018 4.07103 0.026175 -5.15695 0 3 0 0 -4.88432  -5.26363 0 2.65449 0 0 -4.99835  -0.036416 0 0.0377819 0 0 -0.025118  0.143099 0 0.30773 0 0 0.139148  0 0 0 0 0 0  
169.646 4.0875 0.0261131 -5.21798 0 3 0 0 -4.99479  -5.30336 0 2.65908 0 0 -5.09267  -0.0406368 0 0.043032 0 0 -0.0306354  0.126012 0 0.297888 0 0 0.128513  0 0 0 0 0 0  
170.274 4.10392 0.0260322 -5.20529 0 3 0 0 -4.97302  -5.29799 0 2.67579 0 0 -5.07089  -0.0320395 0 0.0412462 0 0 -0.0258747  0.124746 0 0.282962 0 0 0.123745  0 0 0 0 0 0  
170.903 4.1204 0.0261322 -5.1906 0 3 0 0 -4.84593  -5.28854 0 2.6732 0 0 -4.95576  -0.0363382 0 0.0413978 0 0 -0.0326302  0.134277 0 0.2854 0 0 0.142466  0 0 0 0 0 0  
171.531 4.13727 0.0272975 -5.19777 0 3 0 0 -4.73531  -5.29971 0 2.67209 0 0 -4.85346  -0.0381165 0 0.0399744 0 0 -0.0309921  0.140058 0 0.287933 0 0 0.149147  0 0 0 0 0 0  
172.159 4.15463 0.0274714 -5.10598 0 3 0 0 -4.59721  -5.19483 0 2.66862 0 0 -4.6983  -0.0350298 0 0.044848 0 0 -0.0304717  0.123877 0 0.286537 0 0 0.131558  0 0 0 0 0 0  
172.788 4.17198 0.0273086 -4.95295 0 3 0 0 -4.40422  -5.02636 0 2.65218 0 0 -4.50664  -0.0416256 0 0.0483126 0 0 -0.0375173  0.115036 0 0.299509 0 0 0.139938  0 0 0 0 0 0  
173.416 4.18875 0.0257122 -4.89757 0 3 0 0 -4.33186  -4.98865 0 2.67087 0 0 -4.44047  -0.0405838 0 0.0464388 0 0 -0.0287527  0.131665 0 0.282694 0 0 0.137367  0 0 0 0 0 0  
174.044 4.20447 0.0244122 -4.78779 0 3 0 0 -4.23983  -4.88411 0 2.69492 0 0 -4.37089  -0.0321467 0 0.0398305 0 0 -0.0222432  0.12847 0 0.265253 0 0 0.153311  0 0 0 0 0 0  
174.673 4.21925 0.0232259 -4.62344 0 3 0 0 -4.26076  -4.73589 0 2.70493 0 0 -4.39924  -0.0330536 0 0.034403 0 0 -0.0350094  0.145498 0 0.260665 0 0 0.173486  0 0 0 0 0 0  
175.301 4.23397 0.024214 -4.64574 0 3 0 0 -4.36934  -4.77218 0 2.70216 0 0 -4.5163  -0.0324822 0 0.0337617 0 0 -0.0327968  0.158924 0 0.264075 0 0 0.179761  0 0 0 0 0 0  
175.929 4.24951 0.0250341 -4.84683 0 3 0 0 -4.51353  -4.97854 0 2.68761 0 0 -4.65595  -0.0383234 0 0.0365996 0 0 -0.0467542  0.170028 0 0.275787 0 0 0.189172  0 0 0 0 0 0  
176.558 4.2654 0.0253956 -4.95993 0 3 0 0 -4.68364  -5.07043 0 2.69402 0 0 -4.81031  -0.0322514 0 0.0391906 0 0 -0.0409228  0.142747 0 0.266792 0 0 0.167592  0 0 0 0 0 0  
177.186 4.28172 0.0266372 -5.11313 0 3 0 0 -4.78994  -5.21718 0 2.68479 0 0 -4.904  -0.0356891 0 0.0409746 0 0 -0.0411085  0.139736 0 0.27424 0 0 0.155164  0 0 0 0 0 0  
177.814 4.29852 0.0273856 -5.12836 0 3 0 0 -4.74699  -5.24099 0 2.67496 0 0 -4.85214  -0.0421398 0 0.0414817 0 0 -0.0354009  0.154766 0 0.283562 0 0 0.140546  0 0 0 0 0 0  
178.442 4.31569 0.027367 -5.12469 0 3 0 0 -4.71664  -5.22089 0 2.67754 0 0 -4.81644  -0.0442011 0 0.0412212 0 0 -0.0314945  0.140405 0 0.281242 0 0 0.131296  0 0 0 0 0 0  
179.071 4.33316 0.0283699 -4.99198 0 3 0 0 -4.5019  -5.09771 0 2.65729 0 0 -4.6379  -0.0428838 0 0.0384584 0 0 -0.0338555  0.14862 0 0.304249 0 0 0.16986  0 0 0 0 0 0  
179.699 4.35135 0.0290783 -4.8723 0 3 0 0 -4.3248  -4.99042 0 2.62627 0 0 -4.46283  -0.0447012 0 0.0394595 0 0 -0.03323  0.162815 0 0.334269 0 0 0.171262  0 0 0 0 0 0  
180.327 4.36964 0.0292901 -4.84489 0 3 0 0 -4.25994  -4.96385 0 2.59962 0 0 -4.42923  -0.0577481 0 0.0411016 0 0 -0.0588541  0.176707 0 0.359278 0 0 0.228146  0 0 0 0 0 0  
180.956 4.38767 0.0283644 -4.85868 0 3 0 0 -4.33924  -4.94821 0 2.62893 0 0 -4.48148  -0.0560154 0 0.0432162 0 0 -0.0440192  0.145549 0 0.327852 0 0 0.186261  0 0 0 0 0 0  
181.584 4.4053 0.0278791 -4.87567 0 3 0 0 -4.42822  -4.93967 0 2.63819 0 0 -4.55579  -0.051791 0 0.0465969 0 0 -0.0413828  0.115787 0 0.315208 0 0 0.16895  0 0 0 0 0 0  
182.212 4.4227 0.0275736 -4.81113 0 3 0 0 -4.46428  -4.88719 0 2.63571 0 0 -4.59618  -0.0471887 0 0.0416434 0 0 -0.0425945  0.123256 0 0.322642 0 0 0.174495  0 0 0 0 0 0  
182.841 4.44009 0.0273304 -4.8867 0 3 0 0 -4.45224  -4.95336 0 2.64028 0 0 -4.59711  -0.0466913 0 0.0440797 0 0 -0.0426268  0.113344 0 0.315639 0 0 0.187493  0 0 0 0 0 0  
183.469 4.45728 0.0272495 -4.90827 0 3 0 0 -4.50133  -4.99577 0 2.65053 0 0 -4.66053  -0.0436899 0 0.0455863 0 0 -0.0386067  0.131191 0 0.30388 0 0 0.197805  0 0 0 0 0 0  
184.097 4.4742 0.0268975 -4.92814 0 3 0 0 -4.64101  -5.01205 0 2.66066 0 0 -4.7843  -0.0364616 0 0.0485595 0 0 -0.0320611  0.120375 0 0.290777 0 0 0.175352  0 0 0 0 0 0  
184.726 4.49107 0.0268715 -4.93484 0 3 0 0 -4.66192  -5.03243 0 2.66218 0 0 -4.79767  -0.0413195 0 0.0440679 0 0 -0.0329857  0.138919 0 0.293752 0 0 0.168734  0 0 0 0 0 0  
185.354 4.50781 0.0265035 -4.96881 0 3 0 0 -4.65201  -5.05633 0 2.67478 0 0 -4.77451  -0.0448936 0 0.0426071 0 0 -0.0267282  0.132416 0 0.282611 0 0 0.149228  0 0 0 0 0 0  
185.982 4.52472 0.0268061 -4.94431 0 3 0 0 -4.54713  -5.04213 0 2.67072 0 0 -4.67366  -0.0460044 0 0.0466893 0 0 -0.0357257  0.143827 0 0.282595 0 0 0.162262  0 0 0 0 0 0  
186.611 4.5415 0.0260102 -4.99879 0 3 0 0 -4.33601  -5.10816 0 2.66496 0 0 -4.47706  -0.0426132 0 0.0437734 0 0 -0.035802  0.151991 0 0.291262 0 0 0.176852  0 0 0 0 0 0  
187.239 4.55733 0.0240765 -5.15701 0 3 0 0 -4.29819  -5.24863 0 2.68769 0 0 -4.42534  -0.0481482 0 0.0421806 0 0 -0.0384732  0.139771 0 0.270126 0 0 0.165622  0 0 0 0 0 0  
187.867 4.57215 0.0226015 -5.28157 0 3 0 0 -4.38103  -5.36063 0 2.71036 0 0 -4.49652  -0.0400902 0 0.0422172 0 0 -0.0349746  0.119149 0 0.247421 0 0 0.150465  0 0 0 0 0 0  
188.496 4.58618 0.0219499 -5.35672 0 3 0 0 -4.3359  -5.43374 0 2.72189 0 0 -4.43518  -0.0316258 0 0.0402698 0 0 -0.033636  0.108642 0 0.23784 0 0 0.132915  0 0 0 0 0 0  
189.124 4.5999 0.021537 -5.46874 0 3 0 0 -4.3733  -5.53975 0 2.7251 0 0 -4.46941  -0.0294186 0 0.0389697 0 0 -0.0336286  0.100426 0 0.235927 0 0 0.129743  0 0 0 0 0 0  
189.752 4.61319 0.0212256 -5.54344 0 3 0 0 -4.48789  -5.62569 0 2.73999 0 0 -4.59406  -0.0217323 0 0.0350611 0 0 -0.0217976  0.103986 0 0.224952 0 0 0.127975  0 0 0 0 0 0  
190.381 4.62625 0.0208151 -5.61014 0 3 0 0 -4.73852  -5.68421 0 2.75382 0 0 -4.82796  -0.0234012 0 0.0353329 0 0 -0.019069  0.097469 0 0.210848 0 0 0.108506  0 0 0 0 0 0  
191.009 4.63937 0.0215149 -5.62171 0 3 0 0 -4.94491  -5.68807 0 2.74909 0 0 -5.03232  -0.0243938 0 0.0397972 0 0 -0.023327  0.0907591 0 0.211112 0 0 0.110739  0 0 0 0 0 0  
191.637 4.65244 0.0204615 -5.62865 0 3 0 0 -5.02027  -5.68574 0 2.76149 0 0 -5.09538  -0.0165896 0 0.040023 0 0 -0.0198942  0.0736705 0 0.198489 0 0 0.0949995  0 0 0 0 0 0  
192.265 4.66503 0.0197473 -5.70671 0 3 0 0 -4.9874  -5.75709 0 2.76611 0 0 -5.05614  -0.0201525 0 0.038658 0 0 -0.0228704  0.0705366 0 0.19523 0 0 0.0916101  0 0 0 0 0 0  
192.894 4.67746 0.0198675 -5.74573 0 3 0 0 -4.94078  -5.79764 0 2.75191 0 0 -5.01304  -0.0275912 0 0.0355446 0 0 -0.0231837  0.0794969 0 0.212542 0 0 0.0954447  0 0 0 0 0 0  
193.522 4.69045 0.0211145 -5.70239 0 3 0 0 -4.99651  -5.76448 0 2.73645 0 0 -5.08121  -0.0324487 0 0.0365686 0 0 -0.0253627  0.094539 0 0.226979 0 0 0.110065  0 0 0 0 0 0  
194.15 4.70373 0.0214452 -5.71823 0 3 0 0 -5.08354  -5.76608 0 2.73204 0 0 -5.1609  -0.0331 0 0.0393996 0 0 -0.0224184  0.0809462 0 0.22856 0 0 0.0997822  0 0 0 0 0 0  
194.779 4.71752 0.0221521 -5.6833 0 3 0 0 -4.96836  -5.73687 0 2.72351 0 0 -5.05057  -0.0291994 0 0.0395773 0 0 -0.0203828  0.0827696 0 0.236915 0 0 0.102598  0 0 0 0 0 0  
195.407 4.73122 0.0213814 -5.61707 0 3 0 0 -4.88532  -5.66311 0 2.73184 0 0 -4.96101  -0.0310148 0 0.0403892 0 0 -0.027651  0.0770547 0 0.227769 0 0 0.10334  0 0 0 0 0 0  
196.035 4.7443 0.0207024 -5.51398 0 3 0 0 -4.87786  -5.5735 0 2.74488 0 0 -4.95294  -0.0249187 0 0.0390509 0 0 -0.0226137  0.0844346 0 0.216068 0 0 0.0977016  0 0 0 0 0 0  
196.664 4.75722 0.0205788 -5.29649 0 3 0 0 -4.80627  -5.35945 0 2.73767 0 0 -4.88513  -0.026547 0 0.0387365 0 0 -0.0274011  0.0895056 0 0.223589 0 0 0.106259  0 0 0 0 0 0  
197.292 4.77037 0.0212295 -5.09061 0 3 0 0 -4.77381  -5.15052 0 2.72897 0 0 -4.85598  -0.0299176 0 0.038873 0 0 -0.0289661  0.0898252 0 0.232159 0 0 0.111139  0 0 0 0 0 0  
197.92 4.78364 0.0216252 -4.90641 0 3 0 0 -4.89478  -4.97221 0 2.72926 0 0 -4.98648  -0.0261107 0 0.0363624 0 0 -0.0290069  0.0919104 0 0.23438 0 0 0.120708  0 0 0 0 0 0  
198.549 4.79732 0.0218352 -4.77771 0 3 0 0 -5.05235  -4.84337 0 2.72657 0 0 -5.1553  -0.0312059 0 0.0360931 0 0 -0.032962  0.0968668 0 0.237341 0 0 0.13591  0 0 0 0 0 0  
199.177 4.81085 0.0211234 -4.75611 0 3 0 0 -5.16092  -4.8403 0 2.7337 0 0 -5.27737  -0.0306453 0 0.0339477 0 0 -0.031589  0.114835 0 0.232354 0 0 0.148039  0 0 0 0 0 0  
199.805 4.82375 0.0197379 -4.62646 0 3 0 0 -5.23224  -4.71522 0 2.74866 0 0 -5.36055  -0.0263021 0 0.0288341 0 0 -0.0242492  0.115068 0 0.222508 0 0 0.152564  0 0 0 0 0 0  
200.434 4.83589 0.0193537 -4.67144 0 3 0 0 -5.32021  -4.73756 0 2.76361 0 0 -5.42515  -0.0218903 0 0.0299997 0 0 -0.0176785  0.0880095 0 0.206393 0 0 0.122619  0 0 0 0 0 0  
201.062 4.84817 0.0199647 -4.67499 0 3 0 0 -5.32564  -4.73844 0 2.76366 0 0 -5.42419  -0.019275 0 0.0332332 0 0 -0.0158004  0.0827258 0 0.203103 0 0 0.114354  0 0 0 0 0 0  
201.69 4.86084 0.0201065 -4.67225 0 3 0 0 -5.35582  -4.72624 0 2.75757 0 0 -5.44259  -0.0250672 0 0.0355734 0 0 -0.0199069  0.0790602 0 0.206858 0 0 0.106681  0 0 0 0 0 0  
202.319 4.87352 0.0199564 -4.73743 0 3 0 0 -5.36661  -4.79252 0 2.75268 0 0 -5.44542  -0.0244285 0 0.0342657 0 0 -0.0199996  0.0795152 0 0.213053 0 0 0.0988097  0 0 0 0 0 0  
202.947 4.88616 0.0205283 -4.8017 0 3 0 0 -5.33743  -4.87053 0 2.73773 0 0 -5.44381  -0.0224848 0 0.0340283 0 0 -0.0134942  0.091317 0 0.228241 0 0 0.119873  0 0 0 0 0 0  
203.575 4.89945 0.0210963 -4.70054 0 3 0 0 -5.0953  -4.78331 0 2.72519 0 0 -5.22012  -0.0256185 0 0.0376857 0 0 -0.00947129  0.108392 0 0.237119 0 0 0.134292  0 0 0 0 0 0  
204.204 4.91266 0.0210423 -4.7346 0 3 0 0 -4.9021  -4.82933 0 2.72312 0 0 -5.03523  -0.0282854 0 0.0340819 0 0 -0.0145786  0.123014 0 0.242795 0 0 0.147711  0 0 0 0 0 0  
204.832 4.92588 0.0214504 -4.69226 0 3 0 0 -4.81266  -4.79699 0 2.71021 0 0 -4.9419  -0.0299015 0 0.0336479 0 0 -0.0209324  0.134635 0 0.256139 0 0 0.150177  0 0 0 0 0 0  
205.46 4.93947 0.0220562 -4.77451 0 3 0 0 -4.84354  -4.86457 0 2.72032 0 0 -4.97291  -0.0329431 0 0.0285771 0 0 -0.0213744  0.123006 0 0.251099 0 0 0.150744  0 0 0 0 0 0  
206.088 4.95319 0.0216585 -4.90997 0 3 0 0 -4.96514  -4.98514 0 2.73325 0 0 -5.08142  -0.0371062 0 0.0316829 0 0 -0.0247748  0.11228 0 0.235068 0 0 0.141061  0 0 0 0 0 0  
206.717 4.96683 0.0216238 -4.93289 0 3 0 0 -5.04885  -5.00681 0 2.73514 0 0 -5.15919  -0.0338745 0 0.0316228 0 0 -0.0319416  0.107801 0 0.233242 0 0 0.142277  0 0 0 0 0 0  
207.345 4.98079 0.022633 -4.93947 0 3 0 0 -5.02569  -5.01543 0 2.73024 0 0 -5.14479  -0.030504 0 0.0322993 0 0 -0.0312731  0.106471 0 0.237461 0 0 0.150371  0 0 0 0 0 0  
207.973 4.99508 0.0236368 -4.82175 0 3 0 0 -4.99234  -4.89629 0 2.70851 0 0 -5.11443  -0.030399 0 0.0386734 0 0 -0.0321443  0.104932 0 0.252813 0 0 0.154234  0 0 0 0 0 0  
208.602 5.01011 0.0249971 -4.7153 0 3 0 0 -4.95454  -4.81186 0 2.68114 0 0 -5.1057  -0.0305587 0 0.0400304 0 0 -0.0395454  0.127125 0 0.278825 0 0 0.190712  0 0 0 0 0 0  
