# LF_DEM version v3.0-126-gb72fb1a
# np 1000
# VF 0.76
# Lx 73.993
# Ly 0
# Lz 73.993
# flow_type shear
# data in cl units.
#1: time
#2: cumulated strain
#3: shear rate
#4-9: total stress tensor (xx, xy, xz, yz, yy, zz)
#10-15: contact stress tensor (xx, xy, xz, yz, yy, zz)
#16-21: dashpot stress tensor (xx, xy, xz, yz, yy, zz)
#22-27: hydro stress tensor (xx, xy, xz, yz, yy, zz)
#28-33: repulsion stress tensor (xx, xy, xz, yz, yy, zz)

0.00471239 0.00042402 0.0899799 -4.35481 0 4 0 0 -4.0548  -4.84928 0 2.62096 0 0 -4.91209  -0.252288 0 0.093957 0 0 -0.299866  0.746758 0 1.28508 0 0 1.15716  0 0 0 0 0 0  
0.471239 0.0269702 0.0483189 -5.10728 0 4 0 0 -4.67921  -5.33318 0 3.27995 0 0 -5.06234  -0.113693 0 0.0529169 0 0 -0.148383  0.339601 0 0.66713 0 0 0.53151  0 0 0 0 0 0  
0.942478 0.047362 0.0387027 -5.90617 0 4 0 0 -5.39834  -6.06807 0 3.46993 0 0 -5.65451  -0.0855439 0 0.042424 0 0 -0.107929  0.247444 0 0.487642 0 0 0.364096  0 0 0 0 0 0  
1.41372 0.0644246 0.0341389 -6.41329 0 4 0 0 -5.80114  -6.54334 0 3.56844 0 0 -5.99359  -0.0611564 0 0.0430049 0 0 -0.0670358  0.19121 0 0.388556 0 0 0.259485  0 0 0 0 0 0  
1.88496 0.0799017 0.0320542 -6.7781 0 4 0 0 -6.10492  -6.88345 0 3.59519 0 0 -6.26059  -0.055939 0 0.0434871 0 0 -0.0594956  0.161287 0 0.361325 0 0 0.215158  0 0 0 0 0 0  
2.35619 0.0949463 0.032395 -7.02021 0 4 0 0 -6.21575  -7.10737 0 3.60167 0 0 -6.34428  -0.0463775 0 0.0495791 0 0 -0.059576  0.133536 0 0.348752 0 0 0.188104  0 0 0 0 0 0  
2.82743 0.109864 0.030677 -7.13243 0 4 0 0 -6.41713  -7.21249 0 3.63888 0 0 -6.53144  -0.0444327 0 0.0451556 0 0 -0.0518954  0.124501 0 0.315962 0 0 0.166207  0 0 0 0 0 0  
3.29867 0.12408 0.0296232 -7.1667 0 4 0 0 -6.57728  -7.23412 0 3.65382 0 0 -6.69436  -0.0414855 0 0.0401058 0 0 -0.0474404  0.108897 0 0.306073 0 0 0.164512  0 0 0 0 0 0  
3.76991 0.137992 0.0297399 -7.18569 0 4 0 0 -6.68414  -7.24613 0 3.65062 0 0 -6.78125  -0.0304382 0 0.0444264 0 0 -0.0448013  0.090883 0 0.304959 0 0 0.141914  0 0 0 0 0 0  
4.24115 0.151962 0.0302337 -7.21819 0 4 0 0 -6.86392  -7.29212 0 3.63852 0 0 -6.97207  -0.0259288 0 0.0474572 0 0 -0.0484081  0.0998526 0 0.31402 0 0 0.156553  0 0 0 0 0 0  
4.71239 0.165859 0.0289553 -7.30879 0 4 0 0 -7.02488  -7.35986 0 3.65657 0 0 -7.11838  -0.0232438 0 0.0455269 0 0 -0.0461741  0.0743122 0 0.297899 0 0 0.139668  0 0 0 0 0 0  
5.18363 0.179659 0.0297379 -7.36398 0 4 0 0 -7.07268  -7.41226 0 3.63396 0 0 -7.16682  -0.0376349 0 0.050258 0 0 -0.0451558  0.0859133 0 0.315784 0 0 0.139294  0 0 0 0 0 0  
5.65487 0.193764 0.0297121 -7.3552 0 4 0 0 -6.91491  -7.40566 0 3.62836 0 0 -7.01718  -0.0396277 0 0.050805 0 0 -0.0456099  0.0900861 0 0.320835 0 0 0.147881  0 0 0 0 0 0  
6.12611 0.20752 0.0284642 -7.4648 0 4 0 0 -6.99452  -7.49896 0 3.64693 0 0 -7.07294  -0.0413057 0 0.0492162 0 0 -0.0507325  0.0754704 0 0.303857 0 0 0.129153  0 0 0 0 0 0  
6.59734 0.220988 0.0279908 -7.59127 0 4 0 0 -7.15507  -7.63737 0 3.65565 0 0 -7.23574  -0.0430847 0 0.0460906 0 0 -0.0437024  0.0891822 0 0.298257 0 0 0.124373  0 0 0 0 0 0  
7.06858 0.234083 0.0272178 -7.60862 0 4 0 0 -7.11476  -7.65199 0 3.67398 0 0 -7.18816  -0.0414453 0 0.04403 0 0 -0.043582  0.0848206 0 0.281991 0 0 0.116986  0 0 0 0 0 0  
7.53982 0.246858 0.0271801 -7.61597 0 4 0 0 -6.91944  -7.65253 0 3.67311 0 0 -6.97957  -0.0388535 0 0.0475281 0 0 -0.0410742  0.0754129 0 0.27936 0 0 0.1012  0 0 0 0 0 0  
8.01106 0.260074 0.0284857 -7.45498 0 4 0 0 -6.81772  -7.49702 0 3.66384 0 0 -6.88974  -0.0460503 0 0.0444673 0 0 -0.0435251  0.0880904 0 0.291694 0 0 0.115544  0 0 0 0 0 0  
8.4823 0.273318 0.0275006 -7.2948 0 4 0 0 -6.78508  -7.32712 0 3.67381 0 0 -6.85187  -0.0438192 0 0.0417714 0 0 -0.0458123  0.0761436 0 0.284418 0 0 0.112603  0 0 0 0 0 0  
8.95354 0.286368 0.0270708 -7.20865 0 4 0 0 -6.73035  -7.25362 0 3.65528 0 0 -6.81473  -0.0514786 0 0.0428676 0 0 -0.0501975  0.0964451 0 0.301854 0 0 0.134582  0 0 0 0 0 0  
9.42478 0.299166 0.0274296 -7.17543 0 4 0 0 -6.78882  -7.22618 0 3.65353 0 0 -6.88886  -0.0408263 0 0.0418202 0 0 -0.0337686  0.0915767 0 0.30465 0 0 0.133815  0 0 0 0 0 0  
9.89602 0.311955 0.0270396 -7.20157 0 4 0 0 -6.97827  -7.25312 0 3.66373 0 0 -7.07866  -0.0466599 0 0.0404442 0 0 -0.0301082  0.0982052 0 0.295823 0 0 0.130497  0 0 0 0 0 0  
10.3673 0.324737 0.0268461 -7.27546 0 4 0 0 -7.10085  -7.32282 0 3.6807 0 0 -7.20023  -0.0483786 0 0.0392964 0 0 -0.0248039  0.095739 0 0.280003 0 0 0.124181  0 0 0 0 0 0  
10.8385 0.337468 0.0274107 -7.39438 0 4 0 0 -7.08453  -7.44483 0 3.67727 0 0 -7.18221  -0.04217 0 0.03925 0 0 -0.0264805  0.0926193 0 0.283484 0 0 0.124163  0 0 0 0 0 0  
11.3097 0.350463 0.0281184 -7.47496 0 4 0 0 -7.06103  -7.5377 0 3.67245 0 0 -7.17106  -0.0454726 0 0.0417541 0 0 -0.0336928  0.108219 0 0.285797 0 0 0.143722  0 0 0 0 0 0  
11.781 0.363616 0.0279129 -7.575 0 4 0 0 -7.12092  -7.64365 0 3.68009 0 0 -7.24755  -0.0309338 0 0.0412475 0 0 -0.020251  0.0995833 0 0.278666 0 0 0.146878  0 0 0 0 0 0  
12.2522 0.376872 0.028262 -7.60862 0 4 0 0 -7.27904  -7.66349 0 3.67763 0 0 -7.38132  -0.0230598 0 0.0443824 0 0 -0.0165965  0.0779311 0 0.277989 0 0 0.118871  0 0 0 0 0 0  
12.7235 0.390314 0.0281582 -7.55321 0 4 0 0 -7.40973  -7.60882 0 3.68349 0 0 -7.51526  -0.0295937 0 0.0435621 0 0 -0.0203915  0.0851984 0 0.272949 0 0 0.125925  0 0 0 0 0 0  
13.1947 0.403135 0.0261521 -7.50764 0 4 0 0 -7.5371  -7.55506 0 3.70715 0 0 -7.62273  -0.026572 0 0.0386929 0 0 -0.0214695  0.0739954 0 0.254161 0 0 0.107094  0 0 0 0 0 0  
13.6659 0.415052 0.0246865 -7.59214 0 4 0 0 -7.8321  -7.63211 0 3.71704 0 0 -7.90488  -0.0316771 0 0.0397802 0 0 -0.0224021  0.0716412 0 0.243181 0 0 0.0951793  0 0 0 0 0 0  
14.1372 0.426358 0.0230549 -7.6517 0 4 0 0 -8.07284  -7.6884 0 3.74622 0 0 -8.1302  -0.0250817 0 0.0364674 0 0 -0.0247577  0.0617827 0 0.217312 0 0 0.0821136  0 0 0 0 0 0  
14.6084 0.436925 0.0213615 -7.76892 0 4 0 0 -8.1975  -7.81341 0 3.76705 0 0 -8.2614  -0.0206145 0 0.0322847 0 0 -0.0194208  0.0651054 0 0.200661 0 0 0.0833244  0 0 0 0 0 0  
15.0796 0.446914 0.0214116 -7.80935 0 4 0 0 -8.32628  -7.86654 0 3.77134 0 0 -8.38921  -0.0186121 0 0.0308624 0 0 -0.0166739  0.0758038 0 0.197802 0 0 0.0795993  0 0 0 0 0 0  
15.5509 0.45734 0.0229749 -7.8848 0 4 0 0 -8.37948  -7.9497 0 3.75848 0 0 -8.45486  -0.0175176 0 0.035142 0 0 -0.0156168  0.0824165 0 0.206373 0 0 0.0909969  0 0 0 0 0 0  
16.0221 0.468657 0.0244099 -7.95756 0 4 0 0 -8.41181  -8.02037 0 3.73913 0 0 -8.48287  -0.0180731 0 0.0385781 0 0 -0.0192294  0.0808859 0 0.222291 0 0 0.090293  0 0 0 0 0 0  
16.4934 0.480355 0.0248045 -8.10944 0 4 0 0 -8.34001  -8.1599 0 3.73304 0 0 -8.41188  -0.0183135 0 0.0390989 0 0 -0.0224952  0.0687755 0 0.227858 0 0 0.0943599  0 0 0 0 0 0  
16.9646 0.49215 0.0254712 -8.18882 0 4 0 0 -8.36796  -8.24859 0 3.72392 0 0 -8.44486  -0.0188169 0 0.0418806 0 0 -0.0192749  0.0785931 0 0.234204 0 0 0.0961724  0 0 0 0 0 0  
17.4358 0.503983 0.0248195 -8.31045 0 4 0 0 -8.31304  -8.37901 0 3.72868 0 0 -8.40623  -0.018319 0 0.0400214 0 0 -0.0214096  0.0868803 0 0.231302 0 0 0.114596  0 0 0 0 0 0  
17.9071 0.515696 0.0254108 -8.25054 0 4 0 0 -8.17696  -8.32302 0 3.72253 0 0 -8.27888  -0.0238027 0 0.0408116 0 0 -0.0232798  0.0962818 0 0.236656 0 0 0.125198  0 0 0 0 0 0  
18.3783 0.527836 0.0262514 -7.93647 0 4 0 0 -7.96829  -8.02135 0 3.70946 0 0 -8.09699  -0.0259807 0 0.0381163 0 0 -0.0222955  0.110859 0 0.252427 0 0 0.150991  0 0 0 0 0 0  
18.8496 0.540117 0.0264884 -7.55882 0 4 0 0 -7.88492  -7.64914 0 3.6956 0 0 -8.02813  -0.0274516 0 0.0376595 0 0 -0.029175  0.117775 0 0.266739 0 0 0.172385  0 0 0 0 0 0  
19.3208 0.552722 0.0270106 -7.28159 0 4 0 0 -7.98135  -7.37985 0 3.67922 0 0 -8.12935  -0.0294277 0 0.0376584 0 0 -0.0309018  0.127692 0 0.283124 0 0 0.178898  0 0 0 0 0 0  
19.792 0.565422 0.0270124 -7.05426 0 4 0 0 -7.91245  -7.15817 0 3.67563 0 0 -8.0631  -0.0234578 0 0.0366573 0 0 -0.0307778  0.127361 0 0.287713 0 0 0.181427  0 0 0 0 0 0  
20.2633 0.577869 0.0259787 -6.85258 0 4 0 0 -7.75495  -6.9695 0 3.67369 0 0 -7.89936  -0.0254612 0 0.040671 0 0 -0.0315732  0.142382 0 0.285634 0 0 0.175982  0 0 0 0 0 0  
20.7345 0.590091 0.0261506 -6.7634 0 4 0 0 -7.59084  -6.8937 0 3.67157 0 0 -7.73307  -0.0346785 0 0.0398401 0 0 -0.0267362  0.164981 0 0.288587 0 0 0.168967  0 0 0 0 0 0  
21.2058 0.602164 0.0261102 -6.74764 0 4 0 0 -7.55734  -6.86986 0 3.68027 0 0 -7.69148  -0.0302921 0 0.0388468 0 0 -0.0279378  0.152515 0 0.280879 0 0 0.162077  0 0 0 0 0 0  
21.677 0.614214 0.0258155 -6.58607 0 4 0 0 -7.52811  -6.69516 0 3.68654 0 0 -7.63903  -0.0257474 0 0.0401764 0 0 -0.0249606  0.134842 0 0.273283 0 0 0.135883  0 0 0 0 0 0  
22.1482 0.62638 0.0256609 -6.55868 0 4 0 0 -7.58753  -6.65764 0 3.69729 0 0 -7.69305  -0.0312995 0 0.0361226 0 0 -0.0294468  0.13026 0 0.266584 0 0 0.134968  0 0 0 0 0 0  
22.6195 0.638519 0.0251941 -6.5844 0 4 0 0 -7.52722  -6.68554 0 3.70049 0 0 -7.64271  -0.0358403 0 0.0334313 0 0 -0.0247689  0.136983 0 0.266077 0 0 0.140262  0 0 0 0 0 0  
23.0907 0.650665 0.0255522 -6.49438 0 4 0 0 -7.51014  -6.59393 0 3.69333 0 0 -7.628  -0.0337883 0 0.0395526 0 0 -0.0244285  0.133331 0 0.267115 0 0 0.14229  0 0 0 0 0 0  
23.5619 0.662639 0.0253288 -6.32629 0 4 0 0 -7.55664  -6.43486 0 3.68673 0 0 -7.68343  -0.0279016 0 0.0419446 0 0 -0.0187977  0.136474 0 0.271329 0 0 0.14559  0 0 0 0 0 0  
24.0332 0.674703 0.0258134 -6.23349 0 4 0 0 -7.39481  -6.3593 0 3.6672 0 0 -7.52109  -0.0292231 0 0.043823 0 0 -0.0203904  0.155039 0 0.288979 0 0 0.146671  0 0 0 0 0 0  
24.5044 0.686634 0.0249235 -6.21735 0 4 0 0 -7.36616  -6.31973 0 3.67789 0 0 -7.47194  -0.0307772 0 0.0425626 0 0 -0.0193086  0.133164 0 0.279549 0 0 0.125087  0 0 0 0 0 0  
24.9757 0.698147 0.0236858 -6.32009 0 4 0 0 -7.44951  -6.42326 0 3.70842 0 0 -7.55273  -0.0247782 0 0.0377871 0 0 -0.0135933  0.127944 0 0.253795 0 0 0.11681  0 0 0 0 0 0  
25.4469 0.709019 0.0230912 -6.36143 0 4 0 0 -7.46184  -6.47085 0 3.70878 0 0 -7.57425  -0.0251433 0 0.0349917 0 0 -0.0198828  0.134565 0 0.256229 0 0 0.132293  0 0 0 0 0 0  
25.9181 0.72007 0.0240417 -6.47021 0 4 0 0 -7.46295  -6.5747 0 3.69544 0 0 -7.58896  -0.0328846 0 0.036876 0 0 -0.0215002  0.137373 0 0.26768 0 0 0.147516  0 0 0 0 0 0  
26.3894 0.731613 0.0246595 -6.49976 0 4 0 0 -7.40962  -6.61295 0 3.69039 0 0 -7.53563  -0.0323732 0 0.0375088 0 0 -0.0217917  0.145564 0 0.272098 0 0 0.147798  0 0 0 0 0 0  
26.8606 0.743552 0.0259509 -6.34656 0 4 0 0 -7.09037  -6.45606 0 3.68158 0 0 -7.19979  -0.0344052 0 0.0451738 0 0 -0.0269139  0.143904 0 0.27325 0 0 0.13633  0 0 0 0 0 0  
27.3319 0.755704 0.025334 -6.26064 0 4 0 0 -6.95501  -6.35714 0 3.68245 0 0 -7.05471  -0.0321357 0 0.0477981 0 0 -0.0305093  0.128639 0 0.269752 0 0 0.13021  0 0 0 0 0 0  
27.8031 0.767817 0.0261023 -6.25244 0 4 0 0 -6.7816  -6.35069 0 3.67512 0 0 -6.88003  -0.0287066 0 0.0484661 0 0 -0.0341153  0.126962 0 0.276416 0 0 0.132545  0 0 0 0 0 0  
28.2743 0.780174 0.0264702 -6.28204 0 4 0 0 -6.65937  -6.36774 0 3.68207 0 0 -6.74824  -0.0300156 0 0.0483365 0 0 -0.0365652  0.11571 0 0.26959 0 0 0.125429  0 0 0 0 0 0  
28.7456 0.792527 0.0257834 -6.25537 0 4 0 0 -6.43875  -6.3529 0 3.66712 0 0 -6.551  -0.0361876 0 0.0446699 0 0 -0.0370076  0.133714 0 0.288206 0 0 0.149256  0 0 0 0 0 0  
29.2168 0.804422 0.0245169 -6.34737 0 4 0 0 -6.39817  -6.45105 0 3.67761 0 0 -6.49919  -0.0320979 0 0.0414379 0 0 -0.0347276  0.135779 0 0.280956 0 0 0.135748  0 0 0 0 0 0  
29.6881 0.81616 0.0250564 -6.60285 0 4 0 0 -6.47245  -6.70871 0 3.68036 0 0 -6.57812  -0.03298 0 0.0414833 0 0 -0.0382049  0.138834 0 0.278152 0 0 0.14388  0 0 0 0 0 0  
30.1593 0.827891 0.0251649 -6.81075 0 4 0 0 -6.50876  -6.90079 0 3.68344 0 0 -6.615  -0.0308447 0 0.0425479 0 0 -0.0403325  0.120888 0 0.274011 0 0 0.14658  0 0 0 0 0 0  
30.6305 0.839795 0.02473 -6.99884 0 4 0 0 -6.55767  -7.07861 0 3.70129 0 0 -6.65376  -0.0190862 0 0.0391617 0 0 -0.0315001  0.0988578 0 0.259544 0 0 0.12759  0 0 0 0 0 0  
31.1018 0.851517 0.0247921 -7.06917 0 4 0 0 -6.66011  -7.14441 0 3.70057 0 0 -6.76557  -0.0208602 0 0.0395528 0 0 -0.0255859  0.0961057 0 0.25988 0 0 0.131042  0 0 0 0 0 0  
31.573 0.86324 0.0250399 -7.10819 0 4 0 0 -6.62388  -7.1906 0 3.68421 0 0 -6.74874  -0.0343332 0 0.0403822 0 0 -0.0331435  0.116739 0 0.275412 0 0 0.157998  0 0 0 0 0 0  
32.0442 0.875328 0.0263194 -7.10565 0 4 0 0 -6.64615  -7.18958 0 3.67229 0 0 -6.77815  -0.0434368 0 0.0405784 0 0 -0.0340522  0.127374 0 0.287132 0 0 0.166059  0 0 0 0 0 0  
32.5155 0.887839 0.0269165 -7.31261 0 4 0 0 -6.7353  -7.39362 0 3.6642 0 0 -6.84887  -0.0466484 0 0.0437647 0 0 -0.0370543  0.127657 0 0.292039 0 0 0.150618  0 0 0 0 0 0  
32.9867 0.900345 0.026617 -7.5164 0 4 0 0 -6.90148  -7.58841 0 3.67531 0 0 -7.0018  -0.0450413 0 0.0437765 0 0 -0.0399893  0.117055 0 0.280912 0 0 0.140307  0 0 0 0 0 0  
33.458 0.912612 0.0252279 -7.64618 0 4 0 0 -7.12224  -7.69777 0 3.69056 0 0 -7.20207  -0.0393732 0 0.0449964 0 0 -0.0368204  0.0909595 0 0.264445 0 0 0.116654  0 0 0 0 0 0  
33.9292 0.924229 0.0242754 -7.68283 0 4 0 0 -7.27077  -7.71137 0 3.70181 0 0 -7.33624  -0.0422897 0 0.0449919 0 0 -0.0317212  0.0708258 0 0.253201 0 0 0.0971928  0 0 0 0 0 0  
34.4004 0.935549 0.0236528 -7.73373 0 4 0 0 -7.32901  -7.75947 0 3.71359 0 0 -7.39732  -0.0415239 0 0.0421175 0 0 -0.033525  0.067263 0 0.244294 0 0 0.101834  0 0 0 0 0 0  
34.8717 0.94649 0.0228567 -7.71226 0 4 0 0 -7.3149  -7.75101 0 3.72424 0 0 -7.38416  -0.0393195 0 0.0407644 0 0 -0.0371247  0.0780747 0 0.234991 0 0 0.106385  0 0 0 0 0 0  
35.3429 0.957446 0.024051 -7.59791 0 4 0 0 -7.27093  -7.645 0 3.7247 0 0 -7.34398  -0.030673 0 0.0421476 0 0 -0.0334542  0.0777587 0 0.233154 0 0 0.106497  0 0 0 0 0 0  
35.8142 0.968865 0.0248266 -7.48181 0 4 0 0 -7.13541  -7.53531 0 3.71889 0 0 -7.20844  -0.0271332 0 0.0411635 0 0 -0.0307681  0.0806386 0 0.239948 0 0 0.103797  0 0 0 0 0 0  
36.2854 0.980776 0.0253737 -7.49698 0 4 0 0 -7.01906  -7.56706 0 3.71061 0 0 -7.10697  -0.0219519 0 0.0390177 0 0 -0.0259622  0.092029 0 0.250372 0 0 0.113873  0 0 0 0 0 0  
36.7566 0.993006 0.0264452 -7.43659 0 4 0 0 -6.83922  -7.52001 0 3.69305 0 0 -6.93961  -0.0260159 0 0.0426681 0 0 -0.0240333  0.10944 0 0.264287 0 0 0.12443  0 0 0 0 0 0  
37.2279 1.00521 0.0257495 -7.49883 0 4 0 0 -6.68475  -7.57992 0 3.69415 0 0 -6.78537  -0.0253625 0 0.0432411 0 0 -0.0258455  0.106457 0 0.262609 0 0 0.126471  0 0 0 0 0 0  
37.6991 1.01716 0.0245969 -7.50192 0 4 0 0 -6.61306  -7.57716 0 3.70931 0 0 -6.71172  -0.0221236 0 0.0427142 0 0 -0.0251942  0.09736 0 0.247977 0 0 0.123856  0 0 0 0 0 0  
38.1704 1.02856 0.0240162 -7.40551 0 4 0 0 -6.62356  -7.47626 0 3.70855 0 0 -6.71597  -0.0256769 0 0.0418356 0 0 -0.0283135  0.0964205 0 0.249617 0 0 0.120725  0 0 0 0 0 0  
38.6416 1.03973 0.0236433 -7.4865 0 4 0 0 -6.72949  -7.56129 0 3.70857 0 0 -6.81886  -0.0218227 0 0.0417786 0 0 -0.0239594  0.0966109 0 0.249648 0 0 0.113331  0 0 0 0 0 0  
39.1128 1.05081 0.023088 -7.57835 0 4 0 0 -6.80463  -7.66006 0 3.7175 0 0 -6.89701  -0.0168298 0 0.0419167 0 0 -0.0254914  0.0985364 0 0.240586 0 0 0.117871  0 0 0 0 0 0  
39.5841 1.06179 0.023337 -7.59213 0 4 0 0 -6.89938  -7.67844 0 3.72325 0 0 -6.99244  -0.0211728 0 0.0404977 0 0 -0.0276535  0.107479 0 0.236256 0 0 0.120719  0 0 0 0 0 0  
40.0553 1.07256 0.0220454 -7.64138 0 4 0 0 -6.97366  -7.71904 0 3.73772 0 0 -7.06596  -0.0245072 0 0.0383795 0 0 -0.0270341  0.102167 0 0.223896 0 0 0.119342  0 0 0 0 0 0  
40.5265 1.08259 0.0210078 -7.64854 0 4 0 0 -7.05616  -7.7171 0 3.75824 0 0 -7.14959  -0.0257531 0 0.0351838 0 0 -0.0238203  0.0943131 0 0.206573 0 0 0.117251  0 0 0 0 0 0  
40.9978 1.09236 0.0211566 -7.75455 0 4 0 0 -7.08705  -7.82169 0 3.76172 0 0 -7.18351  -0.0238862 0 0.0351667 0 0 -0.0173909  0.0910286 0 0.203116 0 0 0.113854  0 0 0 0 0 0  
41.469 1.1025 0.0217142 -7.84427 0 4 0 0 -7.11598  -7.91077 0 3.75742 0 0 -7.20775  -0.0240102 0 0.0361092 0 0 -0.0151188  0.0905049 0 0.206473 0 0 0.106887  0 0 0 0 0 0  
41.9403 1.11286 0.0219378 -7.81568 0 4 0 0 -7.12747  -7.89088 0 3.75154 0 0 -7.2205  -0.0257509 0 0.0369252 0 0 -0.0208083  0.100949 0 0.211536 0 0 0.113843  0 0 0 0 0 0  
42.4115 1.12333 0.0225827 -7.7562 0 4 0 0 -7.15755  -7.82652 0 3.74974 0 0 -7.2501  -0.0252515 0 0.0367129 0 0 -0.0224106  0.0955638 0 0.213543 0 0 0.114964  0 0 0 0 0 0  
42.8827 1.13404 0.022278 -7.71718 0 4 0 0 -7.19196  -7.78049 0 3.74953 0 0 -7.2761  -0.0290346 0 0.0385342 0 0 -0.0232201  0.0923494 0 0.211932 0 0 0.107361  0 0 0 0 0 0  
43.354 1.14432 0.020675 -7.71861 0 4 0 0 -7.15591  -7.78329 0 3.77194 0 0 -7.2403  -0.0271774 0 0.0321867 0 0 -0.0183261  0.0918501 0 0.195877 0 0 0.102717  0 0 0 0 0 0  
43.8252 1.15392 0.0202163 -7.53118 0 4 0 0 -7.01782  -7.59423 0 3.77602 0 0 -7.10494  -0.0230367 0 0.0306419 0 0 -0.0151097  0.0860819 0 0.193337 0 0 0.102225  0 0 0 0 0 0  
44.2965 1.16341 0.0199888 -7.23276 0 4 0 0 -6.85198  -7.30456 0 3.76693 0 0 -6.95889  -0.029804 0 0.0300729 0 0 -0.0102221  0.1016 0 0.203001 0 0 0.117135  0 0 0 0 0 0  
44.7677 1.1731 0.0210717 -7.08444 0 4 0 0 -6.70697  -7.1593 0 3.75441 0 0 -6.82135  -0.0284642 0 0.0340556 0 0 -0.0151847  0.10332 0 0.211536 0 0 0.129565  0 0 0 0 0 0  
45.2389 1.18292 0.0208884 -6.97884 0 4 0 0 -6.4593  -7.04969 0 3.75217 0 0 -6.57969  -0.0236897 0 0.0362248 0 0 -0.0159588  0.094537 0 0.211601 0 0 0.136346  0 0 0 0 0 0  
45.7102 1.19301 0.0218142 -6.97185 0 4 0 0 -6.41103  -7.04585 0 3.73944 0 0 -6.53627  -0.0256549 0 0.035482 0 0 -0.0190323  0.0996545 0 0.225081 0 0 0.144281  0 0 0 0 0 0  
46.1814 1.20342 0.022489 -6.92963 0 4 0 0 -6.41083  -7.00696 0 3.73211 0 0 -6.52464  -0.0233201 0 0.0361223 0 0 -0.0192758  0.100644 0 0.231764 0 0 0.133089  0 0 0 0 0 0  
46.6527 1.21399 0.0222284 -6.98594 0 4 0 0 -6.43997  -7.07237 0 3.7255 0 0 -6.57391  -0.022351 0 0.0349499 0 0 -0.0170607  0.108785 0 0.239555 0 0 0.150997  0 0 0 0 0 0  
47.1239 1.2243 0.0219185 -7.0655 0 4 0 0 -6.54248  -7.13779 0 3.73271 0 0 -6.66468  -0.0204789 0 0.0365978 0 0 -0.0189826  0.0927711 0 0.230694 0 0 0.141189  0 0 0 0 0 0  
47.5951 1.23475 0.0224773 -7.15557 0 4 0 0 -6.74662  -7.23981 0 3.72164 0 0 -6.8767  -0.0228927 0 0.0366952 0 0 -0.0267274  0.107132 0 0.241662 0 0 0.156813  0 0 0 0 0 0  
48.0664 1.2453 0.0217817 -7.24402 0 4 0 0 -7.00878  -7.33056 0 3.73443 0 0 -7.12526  -0.0245637 0 0.0364165 0 0 -0.0307861  0.111105 0 0.229156 0 0 0.147262  0 0 0 0 0 0  
48.5376 1.25546 0.0213879 -7.33062 0 4 0 0 -7.20336  -7.40851 0 3.74607 0 0 -7.30533  -0.0209222 0 0.0359938 0 0 -0.0258883  0.0988107 0 0.217937 0 0 0.127856  0 0 0 0 0 0  
49.0088 1.26582 0.0223288 -7.30619 0 4 0 0 -7.2636  -7.38324 0 3.73543 0 0 -7.37341  -0.0211294 0 0.0393937 0 0 -0.0206528  0.0981794 0 0.225181 0 0 0.130464  0 0 0 0 0 0  
49.4801 1.27657 0.0230837 -7.20224 0 4 0 0 -7.25571  -7.27264 0 3.73022 0 0 -7.35597  -0.0223939 0 0.0424095 0 0 -0.0196884  0.0927924 0 0.22737 0 0 0.119943  0 0 0 0 0 0  
49.9513 1.28739 0.0229844 -7.27114 0 4 0 0 -7.18049  -7.34872 0 3.7215 0 0 -7.2926  -0.0243952 0 0.0391892 0 0 -0.0170664  0.101979 0 0.239308 0 0 0.129173  0 0 0 0 0 0  
50.4226 1.29882 0.025187 -7.22694 0 4 0 0 -6.95283  -7.32622 0 3.69271 0 0 -7.10983  -0.032074 0 0.0419073 0 0 -0.0236076  0.131356 0 0.265386 0 0 0.180603  0 0 0 0 0 0  
50.8938 1.31072 0.0259084 -7.11766 0 4 0 0 -6.98299  -7.21513 0 3.67805 0 0 -7.14704  -0.0293909 0 0.0444672 0 0 -0.025057  0.126869 0 0.277479 0 0 0.18911  0 0 0 0 0 0  
51.365 1.3228 0.0258002 -6.9883 0 4 0 0 -6.96943  -7.07917 0 3.67383 0 0 -7.12333  -0.0404117 0 0.0418897 0 0 -0.0300145  0.131273 0 0.284283 0 0 0.183918  0 0 0 0 0 0  
51.8363 1.33536 0.0271892 -6.75766 0 4 0 0 -6.84131  -6.85063 0 3.64884 0 0 -6.97941  -0.0437379 0 0.0494332 0 0 -0.0356074  0.136708 0 0.301729 0 0 0.173706  0 0 0 0 0 0  
52.3075 1.34805 0.0264011 -6.53853 0 4 0 0 -6.71118  -6.64066 0 3.64881 0 0 -6.84836  -0.0476119 0 0.0470344 0 0 -0.0375791  0.149736 0 0.304153 0 0 0.17476  0 0 0 0 0 0  
52.7788 1.36057 0.0268659 -6.35259 0 4 0 0 -6.72067  -6.45942 0 3.63869 0 0 -6.87124  -0.0421819 0 0.0480934 0 0 -0.031774  0.14901 0 0.313212 0 0 0.182344  0 0 0 0 0 0  
53.25 1.37293 0.0260299 -6.19753 0 4 0 0 -6.51902  -6.29699 0 3.63798 0 0 -6.66887  -0.0369256 0 0.0470364 0 0 -0.0240677  0.136392 0 0.314989 0 0 0.173918  0 0 0 0 0 0  
53.7212 1.38545 0.026815 -6.21938 0 4 0 0 -6.40406  -6.33402 0 3.6315 0 0 -6.56635  -0.0402421 0 0.0449557 0 0 -0.0354512  0.154885 0 0.323542 0 0 0.197742  0 0 0 0 0 0  
54.1925 1.39817 0.0269564 -6.22391 0 4 0 0 -6.35583  -6.32572 0 3.64086 0 0 -6.51658  -0.0384242 0 0.0428752 0 0 -0.0278483  0.140232 0 0.316265 0 0 0.188591  0 0 0 0 0 0  
54.6637 1.41102 0.0280363 -6.26581 0 4 0 0 -6.32948  -6.37816 0 3.63359 0 0 -6.51736  -0.0401092 0 0.0428546 0 0 -0.0281017  0.152459 0 0.323552 0 0 0.215983  0 0 0 0 0 0  
55.135 1.4245 0.0292985 -6.29867 0 4 0 0 -6.31657  -6.40847 0 3.61547 0 0 -6.50663  -0.0444478 0 0.0501721 0 0 -0.028613  0.154248 0 0.334357 0 0 0.218681  0 0 0 0 0 0  
55.6062 1.43833 0.0290739 -6.26896 0 4 0 0 -6.3794  -6.38785 0 3.61067 0 0 -6.58094  -0.0586789 0 0.0460304 0 0 -0.0331283  0.17757 0 0.343302 0 0 0.234665  0 0 0 0 0 0  
56.0774 1.45173 0.028188 -6.38353 0 4 0 0 -6.46068  -6.49975 0 3.62491 0 0 -6.65318  -0.0620296 0 0.0444713 0 0 -0.0403859  0.17825 0 0.33062 0 0 0.232892  0 0 0 0 0 0  
56.5487 1.46484 0.0272942 -6.61342 0 4 0 0 -6.62683  -6.72504 0 3.65693 0 0 -6.80451  -0.0524661 0 0.0439426 0 0 -0.0307757  0.164087 0 0.299126 0 0 0.208457  0 0 0 0 0 0  
57.0199 1.47766 0.0269966 -6.77451 0 4 0 0 -6.82125  -6.87415 0 3.67469 0 0 -6.97636  -0.0444791 0 0.0423827 0 0 -0.0320173  0.144129 0 0.282922 0 0 0.187125  0 0 0 0 0 0  
57.4911 1.49035 0.0268795 -6.9307 0 4 0 0 -6.83921  -7.02197 0 3.68217 0 0 -6.97992  -0.0424871 0 0.0411925 0 0 -0.0331497  0.133762 0 0.276633 0 0 0.173865  0 0 0 0 0 0  
57.9624 1.50306 0.0272536 -7.07394 0 4 0 0 -6.88889  -7.15936 0 3.67945 0 0 -7.00873  -0.0410261 0 0.044236 0 0 -0.034208  0.126445 0 0.276316 0 0 0.154051  0 0 0 0 0 0  
58.4336 1.51595 0.0273394 -7.06619 0 4 0 0 -6.82829  -7.15539 0 3.69047 0 0 -6.9438  -0.0350605 0 0.0446814 0 0 -0.0367972  0.124259 0 0.264853 0 0 0.152299  0 0 0 0 0 0  
58.9049 1.52877 0.0273266 -6.89925 0 4 0 0 -6.50269  -6.98793 0 3.67566 0 0 -6.6313  -0.0366559 0 0.043447 0 0 -0.0378324  0.125333 0 0.280893 0 0 0.166444  0 0 0 0 0 0  
59.3761 1.54158 0.0268856 -6.67548 0 4 0 0 -6.38944  -6.7815 0 3.67476 0 0 -6.51953  -0.0270004 0 0.0444108 0 0 -0.0359204  0.133027 0 0.280827 0 0 0.166017  0 0 0 0 0 0  
59.8473 1.55425 0.0265825 -6.60008 0 4 0 0 -6.2639  -6.71272 0 3.66131 0 0 -6.39266  -0.0334043 0 0.043533 0 0 -0.041368  0.146046 0 0.295155 0 0 0.170131  0 0 0 0 0 0  
60.3186 1.56684 0.0272677 -6.55924 0 4 0 0 -6.20181  -6.69497 0 3.65619 0 0 -6.35902  -0.032535 0 0.0411679 0 0 -0.0472916  0.16827 0 0.302641 0 0 0.204496  0 0 0 0 0 0  
60.7898 1.57944 0.0265521 -6.69039 0 4 0 0 -6.31919  -6.82507 0 3.66193 0 0 -6.46951  -0.0342372 0 0.039669 0 0 -0.0484069  0.168917 0 0.298402 0 0 0.198724  0 0 0 0 0 0  
61.2611 1.59209 0.0265753 -6.72506 0 4 0 0 -6.44925  -6.84601 0 3.67217 0 0 -6.59758  -0.0271888 0 0.0394083 0 0 -0.0367277  0.148139 0 0.288423 0 0 0.185053  0 0 0 0 0 0  
61.7323 1.60484 0.0276492 -6.60668 0 4 0 0 -6.57625  -6.73276 0 3.67095 0 0 -6.73457  -0.0318482 0 0.0364159 0 0 -0.0325934  0.157931 0 0.292632 0 0 0.190916  0 0 0 0 0 0  
62.2035 1.61801 0.0286234 -6.47324 0 4 0 0 -6.67006  -6.59431 0 3.65592 0 0 -6.82715  -0.0338047 0 0.0373113 0 0 -0.0351829  0.154873 0 0.306771 0 0 0.192271  0 0 0 0 0 0  
62.6748 1.63158 0.0294303 -6.40345 0 4 0 0 -6.60665  -6.51093 0 3.64577 0 0 -6.7487  -0.0362254 0 0.0416566 0 0 -0.038326  0.143706 0 0.312571 0 0 0.180378  0 0 0 0 0 0  
63.146 1.6458 0.0306862 -6.44249 0 4 0 0 -6.67937  -6.54132 0 3.62164 0 0 -6.81786  -0.0468639 0 0.0449172 0 0 -0.0449539  0.14569 0 0.333441 0 0 0.18344  0 0 0 0 0 0  
63.6173 1.66023 0.0311729 -6.56532 0 4 0 0 -6.82532  -6.65329 0 3.61192 0 0 -6.95487  -0.0510891 0 0.0483393 0 0 -0.047544  0.139056 0 0.339741 0 0 0.177096  0 0 0 0 0 0  
64.0885 1.67435 0.0285028 -6.66809 0 4 0 0 -6.97357  -6.73614 0 3.64581 0 0 -7.08057  -0.0518902 0 0.0483112 0 0 -0.0439863  0.119936 0 0.30588 0 0 0.150992  0 0 0 0 0 0  
64.5597 1.68772 0.027354 -6.81701 0 4 0 0 -7.03269  -6.88928 0 3.66617 0 0 -7.1647  -0.0450923 0 0.0448101 0 0 -0.0315943  0.117362 0 0.289024 0 0 0.163609  0 0 0 0 0 0  
65.031 1.70052 0.0268549 -6.86711 0 4 0 0 -7.05465  -6.94159 0 3.67801 0 0 -7.18374  -0.0367125 0 0.0450165 0 0 -0.0277415  0.111195 0 0.276976 0 0 0.156836  0 0 0 0 0 0  
65.5022 1.7132 0.0262994 -6.90563 0 4 0 0 -7.0395  -6.99197 0 3.68173 0 0 -7.17432  -0.0359507 0 0.0429902 0 0 -0.0288765  0.122298 0 0.275278 0 0 0.163695  0 0 0 0 0 0  
65.9734 1.72525 0.0253195 -7.0355 0 4 0 0 -7.14752  -7.11846 0 3.68905 0 0 -7.26884  -0.0342261 0 0.0427354 0 0 -0.0287698  0.117185 0 0.268216 0 0 0.150086  0 0 0 0 0 0  
66.4447 1.73684 0.0240907 -7.15898 0 4 0 0 -7.1057  -7.23021 0 3.70809 0 0 -7.20816  -0.025596 0 0.0446023 0 0 -0.0262277  0.0968281 0 0.247312 0 0 0.128684  0 0 0 0 0 0  
66.9159 1.74801 0.0230286 -7.26315 0 4 0 0 -7.12748  -7.33639 0 3.72492 0 0 -7.21587  -0.0205669 0 0.0409248 0 0 -0.0209197  0.0938038 0 0.234152 0 0 0.109309  0 0 0 0 0 0  
67.3872 1.75881 0.0229606 -7.21335 0 4 0 0 -7.12672  -7.28527 0 3.73144 0 0 -7.20325  -0.0213063 0 0.0405817 0 0 -0.0257381  0.0932301 0 0.227981 0 0 0.102265  0 0 0 0 0 0  
67.8584 1.76973 0.0233251 -7.18719 0 4 0 0 -7.20327  -7.2509 0 3.7383 0 0 -7.27209  -0.0248233 0 0.0379339 0 0 -0.0285673  0.0885275 0 0.223768 0 0 0.0973879  0 0 0 0 0 0  
68.3296 1.78091 0.0241439 -7.03665 0 4 0 0 -7.18985  -7.11496 0 3.72532 0 0 -7.26884  -0.0243107 0 0.0369807 0 0 -0.0295666  0.102621 0 0.237699 0 0 0.108558  0 0 0 0 0 0  
68.8009 1.7921 0.0233172 -6.8563 0 4 0 0 -7.25792  -6.91926 0 3.73942 0 0 -7.32772  -0.0249426 0 0.0375762 0 0 -0.0291405  0.0879003 0 0.223006 0 0 0.0989381  0 0 0 0 0 0  
69.2721 1.80308 0.0234984 -6.70901 0 4 0 0 -7.19202  -6.77232 0 3.72814 0 0 -7.25924  -0.0251306 0 0.0421199 0 0 -0.0340217  0.088441 0 0.229739 0 0 0.101242  0 0 0 0 0 0  
69.7434 1.81402 0.0230725 -6.56327 0 4 0 0 -7.05707  -6.62707 0 3.73882 0 0 -7.13301  -0.0162809 0 0.040661 0 0 -0.0280665  0.0800889 0 0.220522 0 0 0.104003  0 0 0 0 0 0  
70.2146 1.82494 0.0232778 -6.5033 0 4 0 0 -6.93465  -6.57665 0 3.72354 0 0 -7.03946  -0.0242077 0 0.0419225 0 0 -0.0329615  0.0975533 0 0.234536 0 0 0.13778  0 0 0 0 0 0  
70.6858 1.83564 0.0220717 -6.4325 0 4 0 0 -6.71497  -6.51106 0 3.72577 0 0 -6.83069  -0.0238528 0 0.0345928 0 0 -0.032844  0.102409 0 0.239632 0 0 0.148565  0 0 0 0 0 0  
71.1571 1.84582 0.021532 -6.32673 0 4 0 0 -6.53964  -6.41471 0 3.72587 0 0 -6.67262  -0.0253226 0 0.0299389 0 0 -0.0299339  0.113307 0 0.244187 0 0 0.162912  0 0 0 0 0 0  
71.6283 1.85569 0.0206277 -6.40415 0 4 0 0 -6.54751  -6.48489 0 3.73995 0 0 -6.6877  -0.0266173 0 0.0273677 0 0 -0.029513  0.107356 0 0.232681 0 0 0.169697  0 0 0 0 0 0  
72.0996 1.86542 0.0204781 -6.49977 0 4 0 0 -6.68067  -6.57867 0 3.74019 0 0 -6.81429  -0.0272974 0 0.0283961 0 0 -0.0247635  0.106194 0 0.231417 0 0 0.158387  0 0 0 0 0 0  
72.5708 1.87511 0.0208028 -6.6268 0 4 0 0 -6.85311  -6.69861 0 3.74331 0 0 -6.97733  -0.0273193 0 0.0300189 0 0 -0.0231227  0.0991222 0 0.226675 0 0 0.147345  0 0 0 0 0 0  
73.042 1.88505 0.0215881 -6.8227 0 4 0 0 -7.03138  -6.88342 0 3.74108 0 0 -7.14081  -0.0303354 0 0.0344173 0 0 -0.0276652  0.0910503 0 0.224503 0 0 0.137099  0 0 0 0 0 0  
73.5133 1.89564 0.0230399 -6.94473 0 4 0 0 -7.22124  -7.00955 0 3.73342 0 0 -7.32258  -0.0282479 0 0.0371736 0 0 -0.0295569  0.0930674 0 0.229403 0 0 0.130894  0 0 0 0 0 0  
73.9845 1.90672 0.024255 -7.09221 0 4 0 0 -7.40297  -7.15555 0 3.72705 0 0 -7.49833  -0.0327495 0 0.0392803 0 0 -0.036443  0.0960969 0 0.233669 0 0 0.131806  0 0 0 0 0 0  
74.4557 1.91821 0.0244435 -7.1833 0 4 0 0 -7.38518  -7.24168 0 3.72835 0 0 -7.47557  -0.0301021 0 0.0395086 0 0 -0.0381728  0.0884796 0 0.232143 0 0 0.12856  0 0 0 0 0 0  
74.927 1.92967 0.024335 -7.24014 0 4 0 0 -7.4238  -7.29512 0 3.7272 0 0 -7.51484  -0.0375971 0 0.0386911 0 0 -0.0412783  0.0925802 0 0.234112 0 0 0.132318  0 0 0 0 0 0  
75.3982 1.94112 0.0243676 -7.30494 0 4 0 0 -7.37407  -7.35396 0 3.72633 0 0 -7.46376  -0.031755 0 0.0422849 0 0 -0.0346938  0.0807804 0 0.231385 0 0 0.124386  0 0 0 0 0 0  
75.8695 1.95252 0.0237947 -7.31731 0 4 0 0 -7.24542  -7.37033 0 3.74426 0 0 -7.3313  -0.0268679 0 0.0412476 0 0 -0.0360212  0.0798863 0 0.214488 0 0 0.121897  0 0 0 0 0 0  
76.3407 1.96374 0.0238376 -7.28503 0 4 0 0 -7.01512  -7.35721 0 3.72648 0 0 -7.11266  -0.0277923 0 0.0426402 0 0 -0.0387167  0.0999679 0 0.230876 0 0 0.136261  0 0 0 0 0 0  
76.8119 1.97507 0.0235322 -7.35793 0 4 0 0 -6.97726  -7.4307 0 3.72748 0 0 -7.08094  -0.0266557 0 0.0428765 0 0 -0.0279918  0.0994261 0 0.229642 0 0 0.13167  0 0 0 0 0 0  
77.2832 1.98604 0.0234915 -7.49046 0 4 0 0 -7.00554  -7.56095 0 3.72216 0 0 -7.11393  -0.0289026 0 0.0426141 0 0 -0.0263092  0.0993893 0 0.235228 0 0 0.134702  0 0 0 0 0 0  
77.7544 1.99713 0.0234507 -7.58032 0 4 0 0 -7.03071  -7.63756 0 3.7221 0 0 -7.12406  -0.0285935 0 0.0425996 0 0 -0.022323  0.085833 0 0.235301 0 0 0.115678  0 0 0 0 0 0  
78.2257 2.00792 0.0225547 -7.60735 0 4 0 0 -6.99978  -7.65846 0 3.73116 0 0 -7.0886  -0.0274057 0 0.0448166 0 0 -0.0205978  0.0785173 0 0.224022 0 0 0.109423  0 0 0 0 0 0  
78.6969 2.01833 0.0213479 -7.53334 0 4 0 0 -6.90977  -7.5909 0 3.74518 0 0 -7.0123  -0.0161144 0 0.038331 0 0 -0.0109174  0.0736782 0 0.216485 0 0 0.113454  0 0 0 0 0 0  
79.1681 2.02805 0.0200367 -7.56221 0 4 0 0 -6.9428  -7.61715 0 3.76623 0 0 -7.03331  -0.0139368 0 0.0375646 0 0 -0.00823232  0.068873 0 0.196206 0 0 0.0987473  0 0 0 0 0 0  
79.6394 2.03744 0.0201253 -7.60834 0 4 0 0 -7.07618  -7.66687 0 3.76921 0 0 -7.176  -0.0150047 0 0.0344964 0 0 -0.0132558  0.0735416 0 0.196295 0 0 0.113074  0 0 0 0 0 0  
80.1106 2.04688 0.0201006 -7.73363 0 4 0 0 -7.18737  -7.79971 0 3.75974 0 0 -7.28891  -0.0204958 0 0.0321866 0 0 -0.0229261  0.0865839 0 0.208072 0 0 0.124462  0 0 0 0 0 0  
80.5819 2.05635 0.0201437 -7.78447 0 4 0 0 -7.34946  -7.84307 0 3.76181 0 0 -7.43839  -0.0166218 0 0.0321711 0 0 -0.025175  0.07522 0 0.206017 0 0 0.114108  0 0 0 0 0 0  
81.0531 2.06579 0.0195766 -7.86395 0 4 0 0 -7.54853  -7.92318 0 3.78042 0 0 -7.64102  -0.011334 0 0.0301374 0 0 -0.0166185  0.0705666 0 0.189441 0 0 0.109109  0 0 0 0 0 0  
81.5243 2.07493 0.0193004 -7.69472 0 4 0 0 -7.66762  -7.76592 0 3.78598 0 0 -7.75746  -0.0108179 0 0.0281903 0 0 -0.0166261  0.0820244 0 0.185833 0 0 0.106463  0 0 0 0 0 0  
81.9956 2.08404 0.0195803 -7.64547 0 4 0 0 -7.70787  -7.71388 0 3.79109 0 0 -7.79257  -0.0104466 0 0.0263245 0 0 -0.011293  0.0788559 0 0.182585 0 0 0.0959978  0 0 0 0 0 0  
82.4668 2.09337 0.0202635 -7.59109 0 4 0 0 -7.69494  -7.65673 0 3.78583 0 0 -7.78479  -0.012528 0 0.0284809 0 0 -0.0136642  0.0781747 0 0.185691 0 0 0.103514  0 0 0 0 0 0  
82.938 2.10325 0.0214163 -7.60174 0 4 0 0 -7.57308  -7.66393 0 3.77116 0 0 -7.66629  -0.014925 0 0.0316679 0 0 -0.0156916  0.0771186 0 0.197171 0 0 0.108902  0 0 0 0 0 0  
83.4093 2.11361 0.0224103 -7.59158 0 4 0 0 -7.36628  -7.65149 0 3.76047 0 0 -7.46042  -0.0124851 0 0.0351195 0 0 -0.0161772  0.0723912 0 0.204409 0 0 0.110316  0 0 0 0 0 0  
83.8805 2.12439 0.023961 -7.54901 0 4 0 0 -7.1663  -7.60805 0 3.74094 0 0 -7.26669  -0.0189297 0 0.0381801 0 0 -0.0179088  0.0779701 0 0.220879 0 0 0.118298  0 0 0 0 0 0  
84.3518 2.13554 0.0236687 -7.52277 0 4 0 0 -7.07193  -7.58315 0 3.72011 0 0 -7.18136  -0.0283662 0 0.0372425 0 0 -0.0226643  0.0887492 0 0.242644 0 0 0.1321  0 0 0 0 0 0  
84.823 2.14652 0.0234997 -7.36814 0 4 0 0 -7.02332  -7.4435 0 3.72099 0 0 -7.13525  -0.029626 0 0.038189 0 0 -0.0196896  0.104982 0 0.240823 0 0 0.13162  0 0 0 0 0 0  
85.2942 2.15736 0.0229105 -7.11413 0 4 0 0 -7.09648  -7.1994 0 3.72482 0 0 -7.22188  -0.0294571 0 0.0309347 0 0 -0.0256681  0.114727 0 0.244246 0 0 0.151075  0 0 0 0 0 0  
85.7655 2.16836 0.0241006 -7.02384 0 4 0 0 -7.14071  -7.09827 0 3.71704 0 0 -7.27314  -0.0307224 0 0.0356344 0 0 -0.0236366  0.105152 0 0.247323 0 0 0.156063  0 0 0 0 0 0  
86.2367 2.17961 0.0237617 -6.9496 0 4 0 0 -7.16476  -7.02136 0 3.71947 0 0 -7.29553  -0.0342583 0 0.0380831 0 0 -0.0228675  0.106017 0 0.242444 0 0 0.153638  0 0 0 0 0 0  
86.708 2.19102 0.0250272 -6.89919 0 4 0 0 -7.19219  -6.9667 0 3.70051 0 0 -7.34246  -0.0344457 0 0.0402294 0 0 -0.0238635  0.10196 0 0.259261 0 0 0.174139  0 0 0 0 0 0  
87.1792 2.20318 0.0263379 -6.73137 0 4 0 0 -6.96155  -6.80459 0 3.6831 0 0 -7.12686  -0.0370937 0 0.0401125 0 0 -0.0282937  0.110313 0 0.276792 0 0 0.193604  0 0 0 0 0 0  
87.6504 2.21582 0.0270807 -6.65851 0 4 0 0 -6.81647  -6.73574 0 3.66501 0 0 -6.98448  -0.0395988 0 0.0444233 0 0 -0.0229449  0.116832 0 0.29057 0 0 0.190953  0 0 0 0 0 0  
88.1217 2.22881 0.0273518 -6.60989 0 4 0 0 -6.84151  -6.68074 0 3.65248 0 0 -6.98851  -0.0335795 0 0.042076 0 0 -0.0303839  0.104432 0 0.305446 0 0 0.177384  0 0 0 0 0 0  
88.5929 2.24167 0.0274128 -6.55596 0 4 0 0 -6.78395  -6.61355 0 3.65547 0 0 -6.9363  -0.0351416 0 0.0426173 0 0 -0.0369234  0.0927332 0 0.30191 0 0 0.189271  0 0 0 0 0 0  
89.0642 2.25487 0.0281789 -6.52032 0 4 0 0 -6.80481  -6.57801 0 3.6355 0 0 -6.96888  -0.0408304 0 0.0445714 0 0 -0.0442891  0.0985198 0 0.319933 0 0 0.208351  0 0 0 0 0 0  
89.5354 2.26859 0.028987 -6.55827 0 4 0 0 -6.85445  -6.6124 0 3.62332 0 0 -7.01648  -0.0418154 0 0.0487835 0 0 -0.0467822  0.0959514 0 0.327895 0 0 0.208814  0 0 0 0 0 0  
90.0066 2.28214 0.028549 -6.72041 0 4 0 0 -6.88706  -6.79109 0 3.63929 0 0 -7.03543  -0.0440452 0 0.0472968 0 0 -0.042511  0.11473 0 0.313416 0 0 0.19088  0 0 0 0 0 0  
90.4779 2.29552 0.0280009 -6.82384 0 4 0 0 -6.86859  -6.88454 0 3.64733 0 0 -7.01462  -0.0415566 0 0.0493339 0 0 -0.0359558  0.102264 0 0.303338 0 0 0.181988  0 0 0 0 0 0  
90.9491 2.30831 0.0262735 -6.63556 0 4 0 0 -6.85627  -6.69676 0 3.66532 0 0 -7.00648  -0.0344562 0 0.0489845 0 0 -0.0256691  0.0956571 0 0.285692 0 0 0.175879  0 0 0 0 0 0  
91.4203 2.32061 0.0257003 -6.55318 0 4 0 0 -6.80852  -6.60848 0 3.65874 0 0 -6.96147  -0.0359946 0 0.0521662 0 0 -0.0206657  0.0912935 0 0.28909 0 0 0.173617  0 0 0 0 0 0  
91.8916 2.33244 0.0249411 -6.50675 0 4 0 0 -6.76828  -6.56777 0 3.66856 0 0 -6.91327  -0.0293116 0 0.0500622 0 0 -0.0123228  0.0903229 0 0.281375 0 0 0.157316  0 0 0 0 0 0  
92.3628 2.34401 0.0236579 -6.50341 0 4 0 0 -6.83979  -6.55904 0 3.68959 0 0 -6.98004  -0.0277689 0 0.0440083 0 0 -0.0165855  0.0833997 0 0.266406 0 0 0.156836  0 0 0 0 0 0  
92.8341 2.35472 0.0225677 -6.59771 0 4 0 0 -6.99663  -6.63977 0 3.71239 0 0 -7.12037  -0.028017 0 0.0415259 0 0 -0.0145366  0.0700785 0 0.246084 0 0 0.138267  0 0 0 0 0 0  
93.3053 2.36488 0.0202418 -6.64187 0 4 0 0 -7.07995  -6.66878 0 3.73316 0 0 -7.17775  -0.0334596 0 0.0381821 0 0 -0.0240377  0.0603704 0 0.228655 0 0 0.121836  0 0 0 0 0 0  
93.7765 2.37444 0.0198579 -6.65197 0 4 0 0 -7.20414  -6.6826 0 3.74761 0 0 -7.30222  -0.0310478 0 0.0348917 0 0 -0.0216495  0.06167 0 0.217501 0 0 0.119727  0 0 0 0 0 0  
94.2478 2.38393 0.0200292 -6.61737 0 4 0 0 -7.20542  -6.66242 0 3.75154 0 0 -7.30356  -0.028485 0 0.0330464 0 0 -0.0165934  0.0735435 0 0.215418 0 0 0.114736  0 0 0 0 0 0  
94.719 2.39331 0.0198204 -6.6609 0 4 0 0 -7.1916  -6.70483 0 3.75286 0 0 -7.27805  -0.0272982 0 0.0348936 0 0 -0.0150727  0.0712215 0 0.212243 0 0 0.101521  0 0 0 0 0 0  
95.1903 2.40285 0.0207414 -6.59487 0 4 0 0 -6.9852  -6.64018 0 3.74077 0 0 -7.08239  -0.0287587 0 0.0394699 0 0 -0.0110878  0.0740686 0 0.219764 0 0 0.108276  0 0 0 0 0 0  
95.6615 2.41263 0.0205101 -6.55976 0 4 0 0 -6.76452  -6.6119 0 3.7297 0 0 -6.87485  -0.0325624 0 0.0378434 0 0 -0.0107476  0.0846958 0 0.232455 0 0 0.121074  0 0 0 0 0 0  
96.1327 2.4224 0.0205794 -6.54595 0 4 0 0 -6.65249  -6.60428 0 3.71668 0 0 -6.78677  -0.0320095 0 0.0395853 0 0 -0.0116783  0.0903324 0 0.243738 0 0 0.145957  0 0 0 0 0 0  
96.604 2.43184 0.0189281 -6.6269 0 4 0 0 -6.42091  -6.70209 0 3.73819 0 0 -6.56467  -0.0260465 0 0.0344677 0 0 -0.0111827  0.101235 0 0.227346 0 0 0.154939  0 0 0 0 0 0  
97.0752 2.44058 0.0184504 -6.76306 0 4 0 0 -6.32342  -6.83869 0 3.75057 0 0 -6.46512  -0.0259728 0 0.0316114 0 0 -0.0125141  0.101602 0 0.217816 0 0 0.154213  0 0 0 0 0 0  
97.5465 2.44923 0.0183287 -6.89439 0 4 0 0 -6.35938  -6.96906 0 3.76366 0 0 -6.48919  -0.019403 0 0.0289282 0 0 -0.0180466  0.0940782 0 0.207409 0 0 0.147861  0 0 0 0 0 0  
98.0177 2.45783 0.0181315 -7.07003 0 4 0 0 -6.48897  -7.14354 0 3.77135 0 0 -6.62059  -0.0165214 0 0.0264139 0 0 -0.0229455  0.0900356 0 0.20224 0 0 0.154564  0 0 0 0 0 0  
98.4889 2.46631 0.0178818 -7.15532 0 4 0 0 -6.64141  -7.21697 0 3.78199 0 0 -6.75646  -0.0119849 0 0.0286068 0 0 -0.0206033  0.0736339 0 0.189405 0 0 0.135649  0 0 0 0 0 0  
98.9602 2.4748 0.0182255 -7.19921 0 4 0 0 -6.70154  -7.26569 0 3.77159 0 0 -6.81907  -0.0149206 0 0.0290341 0 0 -0.0232284  0.0813971 0 0.199379 0 0 0.140751  0 0 0 0 0 0  
99.4314 2.48344 0.0187921 -7.24263 0 4 0 0 -6.63987  -7.31025 0 3.77224 0 0 -6.75388  -0.0142104 0 0.0306893 0 0 -0.0194723  0.0818376 0 0.19707 0 0 0.133479  0 0 0 0 0 0  
99.9026 2.49241 0.019716 -7.22405 0 4 0 0 -6.67004  -7.30068 0 3.76091 0 0 -6.78456  -0.0125553 0 0.032279 0 0 -0.0239718  0.0891823 0 0.206816 0 0 0.138488  0 0 0 0 0 0  
100.374 2.50144 0.0188289 -7.21537 0 4 0 0 -6.82174  -7.29299 0 3.77356 0 0 -6.93276  -0.0143782 0 0.0299065 0 0 -0.0195624  0.0919992 0 0.196536 0 0 0.130577  0 0 0 0 0 0  
100.845 2.51 0.0179495 -7.26505 0 4 0 0 -6.89851  -7.32918 0 3.7848 0 0 -7.00024  -0.0157487 0 0.0300899 0 0 -0.0161065  0.079883 0 0.185106 0 0 0.117839  0 0 0 0 0 0  
101.316 2.51847 0.0177223 -7.29736 0 4 0 0 -6.98516  -7.36883 0 3.78302 0 0 -7.08936  -0.0175177 0 0.0293617 0 0 -0.0107306  0.0889914 0 0.187613 0 0 0.114929  0 0 0 0 0 0  
101.788 2.52692 0.018269 -7.48847 0 4 0 0 -7.14745  -7.55972 0 3.78418 0 0 -7.24584  -0.0179095 0 0.0306969 0 0 -0.0080526  0.0891646 0 0.185125 0 0 0.106445  0 0 0 0 0 0  
102.259 2.53555 0.0186545 -7.66388 0 4 0 0 -7.22668  -7.72474 0 3.7828 0 0 -7.31825  -0.0187028 0 0.0317156 0 0 -0.0115646  0.0795635 0 0.185481 0 0 0.103133  0 0 0 0 0 0  
102.73 2.54445 0.0189935 -7.74293 0 4 0 0 -7.1868  -7.80749 0 3.77975 0 0 -7.27691  -0.0182545 0 0.0317722 0 0 -0.0153976  0.0828198 0 0.188479 0 0 0.105511  0 0 0 0 0 0  
103.201 2.5533 0.0189503 -7.78769 0 4 0 0 -7.0988  -7.84555 0 3.78392 0 0 -7.18407  -0.0205037 0 0.0333178 0 0 -0.0136578  0.078367 0 0.182758 0 0 0.0989288  0 0 0 0 0 0  
103.673 2.56213 0.0186411 -7.68668 0 4 0 0 -7.07123  -7.74199 0 3.77657 0 0 -7.1509  -0.0234415 0 0.0320278 0 0 -0.019168  0.0787449 0 0.191407 0 0 0.0988366  0 0 0 0 0 0  
104.144 2.57094 0.0194061 -7.55013 0 4 0 0 -6.85551  -7.61006 0 3.76335 0 0 -6.93074  -0.0242828 0 0.0330222 0 0 -0.0196387  0.0842046 0 0.203624 0 0 0.094872  0 0 0 0 0 0  
104.615 2.58005 0.0193826 -7.48041 0 4 0 0 -6.7501  -7.54738 0 3.77106 0 0 -6.84049  -0.0236709 0 0.0309953 0 0 -0.0127251  0.0906367 0 0.197942 0 0 0.103115  0 0 0 0 0 0  
105.086 2.58926 0.0197406 -7.29303 0 4 0 0 -6.58618  -7.3637 0 3.76242 0 0 -6.69267  -0.0250343 0 0.0297014 0 0 -0.0142715  0.0957088 0 0.207874 0 0 0.120755  0 0 0 0 0 0  
105.558 2.59876 0.0206927 -7.26184 0 4 0 0 -6.41102  -7.33482 0 3.74171 0 0 -6.5265  -0.0264726 0 0.0351243 0 0 -0.0104421  0.0994544 0 0.223162 0 0 0.125922  0 0 0 0 0 0  
106.029 2.60874 0.0214949 -7.13085 0 4 0 0 -6.15586  -7.19751 0 3.73753 0 0 -6.2685  -0.0252732 0 0.036745 0 0 -0.00856673  0.091928 0 0.225726 0 0 0.121209  0 0 0 0 0 0  
106.5 2.61915 0.0227133 -7.02472 0 4 0 0 -5.93165  -7.09368 0 3.70934 0 0 -6.05488  -0.0279682 0 0.0402307 0 0 -0.00777851  0.0969293 0 0.250428 0 0 0.131003  0 0 0 0 0 0  
106.971 2.63029 0.0245115 -6.92102 0 4 0 0 -5.81259  -6.99748 0 3.68733 0 0 -5.9519  -0.0315103 0 0.0436039 0 0 -0.0122521  0.107966 0 0.269065 0 0 0.151561  0 0 0 0 0 0  
107.442 2.64146 0.0229511 -6.95091 0 4 0 0 -5.8062  -7.01064 0 3.70773 0 0 -5.93653  -0.0346308 0 0.0388586 0 0 -0.00954132  0.0943653 0 0.253411 0 0 0.13987  0 0 0 0 0 0  
107.914 2.65243 0.0230071 -6.96678 0 4 0 0 -5.87242  -7.03618 0 3.71268 0 0 -6.00373  -0.0297663 0 0.0350995 0 0 -0.0116808  0.0991628 0 0.25222 0 0 0.142986  0 0 0 0 0 0  
108.385 2.66325 0.0231721 -7.07218 0 4 0 0 -5.9976  -7.15187 0 3.70718 0 0 -6.1278  -0.0327566 0 0.0342886 0 0 -0.0223174  0.112444 0 0.258532 0 0 0.152513  0 0 0 0 0 0  
108.856 2.67405 0.0221479 -7.18828 0 4 0 0 -6.23631  -7.2729 0 3.72668 0 0 -6.35118  -0.0286962 0 0.0329247 0 0 -0.0176787  0.113316 0 0.240394 0 0 0.132547  0 0 0 0 0 0  
109.327 2.68443 0.0213944 -7.37552 0 4 0 0 -6.56968  -7.45273 0 3.74064 0 0 -6.67765  -0.0301657 0 0.028569 0 0 -0.0159138  0.107376 0 0.230793 0 0 0.123879  0 0 0 0 0 0  
109.799 2.69436 0.0211056 -7.60525 0 4 0 0 -6.93273  -7.67305 0 3.75454 0 0 -7.03065  -0.0276784 0 0.0294713 0 0 -0.0158253  0.0954844 0 0.215991 0 0 0.113751  0 0 0 0 0 0  
110.27 2.70414 0.0204125 -7.80498 0 4 0 0 -7.24342  -7.86494 0 3.77001 0 0 -7.33395  -0.018365 0 0.0307691 0 0 -0.00658252  0.0783217 0 0.199217 0 0 0.0971195  0 0 0 0 0 0  
110.741 2.71363 0.0196576 -8.1204 0 4 0 0 -7.56386  -8.17175 0 3.78264 0 0 -7.64145  -0.0159623 0 0.0318952 0 0 -0.00626904  0.067309 0 0.185464 0 0 0.083857  0 0 0 0 0 0  
111.212 2.72286 0.0190739 -8.20243 0 4 0 0 -7.76775  -8.24041 0 3.784 0 0 -7.83289  -0.022043 0 0.0349544 0 0 -0.0110999  0.0600289 0 0.181043 0 0 0.0762404  0 0 0 0 0 0  
111.684 2.73182 0.0185196 -8.34231 0 4 0 0 -8.00615  -8.37769 0 3.78553 0 0 -8.06685  -0.028956 0 0.0341322 0 0 -0.014125  0.064338 0 0.180343 0 0 0.074825  0 0 0 0 0 0  
112.155 2.74021 0.0174263 -8.44042 0 4 0 0 -8.23139  -8.47305 0 3.79801 0 0 -8.2831  -0.0294589 0 0.0316993 0 0 -0.0134475  0.0620948 0 0.170295 0 0 0.0651611  0 0 0 0 0 0  
112.626 2.74819 0.0162822 -8.51665 0 4 0 0 -8.51188  -8.55127 0 3.8171 0 0 -8.55793  -0.0227587 0 0.0302643 0 0 -0.0108046  0.0573854 0 0.152632 0 0 0.0568551  0 0 0 0 0 0  
113.097 2.75577 0.0158299 -8.57839 0 4 0 0 -8.76246  -8.61426 0 3.82937 0 0 -8.80799  -0.0229735 0 0.0264979 0 0 -0.0103779  0.0588475 0 0.144133 0 0 0.0559142  0 0 0 0 0 0  
113.569 2.76312 0.0154037 -8.69442 0 4 0 0 -8.95537  -8.72537 0 3.83823 0 0 -8.99616  -0.0181686 0 0.0264409 0 0 -0.00849804  0.049118 0 0.135324 0 0 0.049292  0 0 0 0 0 0  
114.04 2.77029 0.0147564 -8.70271 0 4 0 0 -9.13049  -8.72873 0 3.84681 0 0 -9.16671  -0.0169979 0 0.0262883 0 0 -0.00692385  0.0430206 0 0.1269 0 0 0.0431417  0 0 0 0 0 0  
114.511 2.77714 0.0140535 -8.74934 0 4 0 0 -9.30317  -8.77599 0 3.85357 0 0 -9.3351  -0.0150837 0 0.023997 0 0 -0.00826927  0.04174 0 0.122432 0 0 0.0402011  0 0 0 0 0 0  
114.982 2.78389 0.0143911 -8.7527 0 4 0 0 -9.32955  -8.77978 0 3.85383 0 0 -9.36289  -0.0172688 0 0.0229645 0 0 -0.00837125  0.0443505 0 0.12321 0 0 0.0417101  0 0 0 0 0 0  
115.454 2.79069 0.0145111 -8.74777 0 4 0 0 -9.32913  -8.77123 0 3.85314 0 0 -9.36138  -0.0178852 0 0.0221675 0 0 -0.00603214  0.0413449 0 0.124693 0 0 0.0382871  0 0 0 0 0 0  
115.925 2.79777 0.0153228 -8.85299 0 4 0 0 -9.29867  -8.88033 0 3.84269 0 0 -9.33784  -0.0228251 0 0.0244203 0 0 -0.00820035  0.050165 0 0.132891 0 0 0.0473714  0 0 0 0 0 0  
116.396 2.8048 0.0148471 -8.86335 0 4 0 0 -9.1538  -8.89066 0 3.84465 0 0 -9.19457  -0.0193746 0 0.0246042 0 0 -0.0070722  0.0466873 0 0.130742 0 0 0.0478388  0 0 0 0 0 0  
116.867 2.81177 0.0149564 -8.85005 0 4 0 0 -8.99318  -8.87774 0 3.84772 0 0 -9.032  -0.0174757 0 0.0255628 0 0 -0.00706775  0.0451651 0 0.126718 0 0 0.0458827  0 0 0 0 0 0  
117.338 2.81907 0.0161268 -8.78201 0 4 0 0 -8.75939  -8.81796 0 3.8292 0 0 -8.80493  -0.0188439 0 0.0279903 0 0 -0.00816738  0.0547956 0 0.142812 0 0 0.0537061  0 0 0 0 0 0  
117.81 2.82682 0.0166584 -8.73144 0 4 0 0 -8.51923  -8.77608 0 3.81828 0 0 -8.57361  -0.0176872 0 0.0276536 0 0 -0.0127644  0.0623233 0 0.154062 0 0 0.0671499  0 0 0 0 0 0  
118.281 2.83465 0.0165571 -8.57633 0 4 0 0 -8.31515  -8.62182 0 3.80718 0 0 -8.3741  -0.0197153 0 0.0300779 0 0 -0.00843772  0.0652071 0 0.162743 0 0 0.0673823  0 0 0 0 0 0  
118.752 2.84245 0.0162231 -8.44035 0 4 0 0 -8.2205  -8.48518 0 3.80759 0 0 -8.27835  -0.0140809 0 0.0317946 0 0 -0.0063933  0.0589085 0 0.160617 0 0 0.0642433  0 0 0 0 0 0  
119.223 2.85003 0.015815 -8.49614 0 4 0 0 -8.26788  -8.53518 0 3.81274 0 0 -8.31729  -0.015009 0 0.0290493 0 0 -0.00713884  0.0540452 0 0.158209 0 0 0.0565538  0 0 0 0 0 0  
119.695 2.8575 0.0156914 -8.65161 0 4 0 0 -8.32833  -8.68661 0 3.81178 0 0 -8.37643  -0.0139699 0 0.0290012 0 0 -0.00656878  0.0489683 0 0.159221 0 0 0.0546764  0 0 0 0 0 0  
120.166 2.86493 0.016003 -8.70492 0 4 0 0 -8.38113  -8.73441 0 3.80367 0 0 -8.41977  -0.0137586 0 0.0311687 0 0 -0.0095074  0.0432504 0 0.165157 0 0 0.0481564  0 0 0 0 0 0  
120.637 2.87245 0.0163314 -8.82703 0 4 0 0 -8.37998  -8.85915 0 3.80843 0 0 -8.42198  -0.0120278 0 0.0312327 0 0 -0.00915074  0.0441459 0 0.160337 0 0 0.0511522  0 0 0 0 0 0  
121.108 2.87998 0.0154415 -8.90258 0 4 0 0 -8.3552  -8.93476 0 3.8188 0 0 -8.39887  -0.0109662 0 0.0304629 0 0 -0.0109688  0.043139 0 0.150742 0 0 0.0546401  0 0 0 0 0 0  
121.58 2.88737 0.0156206 -8.90181 0 4 0 0 -8.28481  -8.93789 0 3.81767 0 0 -8.33383  -0.00994279 0 0.0303556 0 0 -0.0106635  0.0460181 0 0.151976 0 0 0.0596901  0 0 0 0 0 0  
122.051 2.89477 0.0155018 -8.9537 0 4 0 0 -8.19175  -8.99392 0 3.81468 0 0 -8.24452  -0.00762623 0 0.0287067 0 0 -0.011779  0.0478431 0 0.156616 0 0 0.0645425  0 0 0 0 0 0  
122.522 2.90206 0.0153654 -8.96042 0 4 0 0 -8.02859  -9.00123 0 3.81511 0 0 -8.08234  -0.00872616 0 0.0291306 0 0 -0.0136647  0.0495344 0 0.155762 0 0 0.0674177  0 0 0 0 0 0  
122.993 2.90941 0.015749 -8.87449 0 4 0 0 -7.9561  -8.92187 0 3.81149 0 0 -8.00759  -0.0079287 0 0.0304461 0 0 -0.0138006  0.0553111 0 0.158059 0 0 0.065288  0 0 0 0 0 0  
123.465 2.91699 0.0164293 -8.74212 0 4 0 0 -7.81176  -8.78588 0 3.8051 0 0 -7.8602  -0.0112886 0 0.032024 0 0 -0.0166081  0.0550469 0 0.162872 0 0 0.0650454  0 0 0 0 0 0  
123.936 2.92468 0.0161388 -8.71048 0 4 0 0 -7.74572  -8.75949 0 3.81155 0 0 -7.796  -0.0092277 0 0.0315614 0 0 -0.0142987  0.0582343 0 0.156893 0 0 0.064586  0 0 0 0 0 0  
124.407 2.93216 0.016077 -8.61269 0 4 0 0 -7.71147  -8.66824 0 3.8149 0 0 -7.76971  -0.0119262 0 0.031009 0 0 -0.0138251  0.0674774 0 0.154088 0 0 0.0720723  0 0 0 0 0 0  
124.878 2.93977 0.0167314 -8.47158 0 4 0 0 -7.69884  -8.53182 0 3.80606 0 0 -7.772  -0.0129321 0 0.0308403 0 0 -0.0137245  0.0731699 0 0.163098 0 0 0.0868885  0 0 0 0 0 0  
125.35 2.94758 0.0162166 -8.28843 0 4 0 0 -7.64343  -8.34444 0 3.81374 0 0 -7.71497  -0.0135382 0 0.0291818 0 0 -0.013124  0.0695547 0 0.15708 0 0 0.0846718  0 0 0 0 0 0  
125.821 2.95542 0.016765 -8.10377 0 4 0 0 -7.57467  -8.17055 0 3.80476 0 0 -7.65098  -0.0129282 0 0.0300501 0 0 -0.0144711  0.0797075 0 0.165194 0 0 0.0907742  0 0 0 0 0 0  
126.292 2.9634 0.0171371 -7.98068 0 4 0 0 -7.41816  -8.04733 0 3.79586 0 0 -7.50277  -0.0136574 0 0.0316177 0 0 -0.0119678  0.0803123 0 0.172521 0 0 0.0965864  0 0 0 0 0 0  
126.763 2.97175 0.0181279 -7.9133 0 4 0 0 -7.27138  -7.97799 0 3.7803 0 0 -7.35863  -0.0168946 0 0.0335133 0 0 -0.0137964  0.0815922 0 0.186184 0 0 0.101049  0 0 0 0 0 0  
127.235 2.98075 0.0195916 -7.64297 0 4 0 0 -7.15639  -7.71225 0 3.76646 0 0 -7.26074  -0.0132982 0 0.0345923 0 0 -0.00451174  0.0825728 0 0.198947 0 0 0.108862  0 0 0 0 0 0  
127.706 2.99033 0.0210433 -7.47876 0 4 0 0 -7.04926  -7.55804 0 3.73927 0 0 -7.16319  -0.0194978 0 0.0377477 0 0 -0.00905319  0.0987793 0 0.222984 0 0 0.122984  0 0 0 0 0 0  
128.177 3.00025 0.021005 -7.34645 0 4 0 0 -6.91675  -7.43627 0 3.71827 0 0 -7.05414  -0.0220215 0 0.0370901 0 0 -0.0158942  0.111843 0 0.24464 0 0 0.153287  0 0 0 0 0 0  
128.648 3.01008 0.0206349 -7.2342 0 4 0 0 -6.90338  -7.33365 0 3.71727 0 0 -7.04251  -0.0300826 0 0.0325093 0 0 -0.0219493  0.129541 0 0.250217 0 0 0.161074  0 0 0 0 0 0  
129.119 3.01981 0.020555 -7.18743 0 4 0 0 -6.90119  -7.28181 0 3.72944 0 0 -7.03659  -0.0285287 0 0.0326905 0 0 -0.0199074  0.122915 0 0.23787 0 0 0.155305  0 0 0 0 0 0  
129.591 3.02942 0.0203183 -7.22869 0 4 0 0 -6.83985  -7.30889 0 3.72389 0 0 -6.95523  -0.0284147 0 0.0365473 0 0 -0.0219342  0.108615 0 0.239558 0 0 0.137314  0 0 0 0 0 0  
130.062 3.03897 0.0199385 -7.37002 0 4 0 0 -6.905  -7.45211 0 3.74329 0 0 -7.01394  -0.0202698 0 0.0333658 0 0 -0.0212303  0.102361 0 0.223343 0 0 0.130172  0 0 0 0 0 0  
130.533 3.0481 0.0192757 -7.39243 0 4 0 0 -7.14837  -7.46612 0 3.75601 0 0 -7.24333  -0.0213705 0 0.0313684 0 0 -0.0200654  0.0950619 0 0.212621 0 0 0.115028  0 0 0 0 0 0  
131.004 3.05741 0.0198379 -7.48897 0 4 0 0 -7.31796  -7.55717 0 3.75894 0 0 -7.41098  -0.0262956 0 0.0302944 0 0 -0.0210937  0.0944981 0 0.210768 0 0 0.114115  0 0 0 0 0 0  
131.476 3.06671 0.0198044 -7.71444 0 4 0 0 -7.49656  -7.78232 0 3.76297 0 0 -7.57211  -0.0243728 0 0.0306206 0 0 -0.0245818  0.0922555 0 0.206406 0 0 0.100138  0 0 0 0 0 0  
131.947 3.07603 0.0195669 -7.9791 0 4 0 0 -7.61096  -8.03702 0 3.77034 0 0 -7.67363  -0.0266139 0 0.030179 0 0 -0.0268534  0.0845363 0 0.199482 0 0 0.0895238  0 0 0 0 0 0  
132.418 3.08522 0.0197651 -8.11331 0 4 0 0 -7.69158  -8.17058 0 3.77162 0 0 -7.75593  -0.0243377 0 0.0308094 0 0 -0.0257298  0.0816053 0 0.197571 0 0 0.0900783  0 0 0 0 0 0  
132.889 3.0943 0.0192628 -8.23882 0 4 0 0 -7.75211  -8.29866 0 3.77641 0 0 -7.81434  -0.0245543 0 0.0325819 0 0 -0.0210133  0.0843998 0 0.19101 0 0 0.0832402  0 0 0 0 0 0  
133.361 3.10345 0.0194123 -8.25015 0 4 0 0 -7.79087  -8.30811 0 3.77577 0 0 -7.85344  -0.0212153 0 0.0328414 0 0 -0.0188096  0.0791745 0 0.191391 0 0 0.0813777  0 0 0 0 0 0  
133.832 3.11266 0.0196499 -8.22999 0 4 0 0 -7.61684  -8.28643 0 3.77382 0 0 -7.68547  -0.0221991 0 0.0328162 0 0 -0.0213035  0.0786335 0 0.193359 0 0 0.089933  0 0 0 0 0 0  
134.303 3.12223 0.0208505 -8.12812 0 4 0 0 -7.33215  -8.19236 0 3.75482 0 0 -7.40712  -0.0220246 0 0.0312873 0 0 -0.0244028  0.086267 0 0.213895 0 0 0.0993718  0 0 0 0 0 0  
134.774 3.13224 0.0217279 -7.98236 0 4 0 0 -7.04779  -8.05823 0 3.7262 0 0 -7.13825  -0.0244705 0 0.0353906 0 0 -0.029704  0.100338 0 0.238409 0 0 0.120169  0 0 0 0 0 0  
135.246 3.14236 0.0212927 -7.95329 0 4 0 0 -6.76778  -8.0413 0 3.72868 0 0 -6.8774  -0.0269824 0 0.0328201 0 0 -0.034807  0.114991 0 0.238505 0 0 0.144429  0 0 0 0 0 0  
135.717 3.15235 0.0213212 -7.91482 0 4 0 0 -6.74181  -8.00096 0 3.73523 0 0 -6.85808  -0.0283272 0 0.0294628 0 0 -0.0315079  0.114466 0 0.235306 0 0 0.147779  0 0 0 0 0 0  
136.188 3.16235 0.0215807 -7.84665 0 4 0 0 -6.82633  -7.93493 0 3.73787 0 0 -6.94139  -0.0287222 0 0.0297173 0 0 -0.0295088  0.116993 0 0.232409 0 0 0.14456  0 0 0 0 0 0  
136.659 3.17238 0.0210219 -7.86339 0 4 0 0 -6.95871  -7.95061 0 3.74502 0 0 -7.06816  -0.0287451 0 0.0316608 0 0 -0.0249964  0.11597 0 0.223318 0 0 0.134453  0 0 0 0 0 0  
137.131 3.1824 0.0215678 -7.86974 0 4 0 0 -7.03315  -7.96371 0 3.72598 0 0 -7.14717  -0.030651 0 0.0325095 0 0 -0.0279743  0.124618 0 0.241509 0 0 0.14199  0 0 0 0 0 0  
137.602 3.19252 0.0214732 -7.89601 0 4 0 0 -7.10729  -7.99082 0 3.72868 0 0 -7.22434  -0.0259825 0 0.0329741 0 0 -0.0206145  0.120787 0 0.238345 0 0 0.137663  0 0 0 0 0 0  
138.073 3.2025 0.0213703 -8.02848 0 4 0 0 -7.23971  -8.11332 0 3.72786 0 0 -7.34497  -0.027512 0 0.034533 0 0 -0.0245627  0.112354 0 0.237604 0 0 0.129815  0 0 0 0 0 0  
138.544 3.21253 0.0211892 -8.1608 0 4 0 0 -7.3301  -8.23774 0 3.73717 0 0 -7.41729  -0.0276455 0 0.0382726 0 0 -0.0264105  0.104586 0 0.224553 0 0 0.113605  0 0 0 0 0 0  
139.015 3.22255 0.0211551 -8.18932 0 4 0 0 -7.35622  -8.26138 0 3.74677 0 0 -7.43669  -0.0261275 0 0.0392909 0 0 -0.0209885  0.0981833 0 0.213942 0 0 0.101455  0 0 0 0 0 0  
139.487 3.23242 0.0206754 -8.12516 0 4 0 0 -7.41283  -8.20391 0 3.7502 0 0 -7.50314  -0.0220983 0 0.0391627 0 0 -0.0237834  0.100846 0 0.210633 0 0 0.114097  0 0 0 0 0 0  
139.958 3.24184 0.0193616 -8.11118 0 4 0 0 -7.50751  -8.19129 0 3.76178 0 0 -7.5932  -0.0212432 0 0.0364342 0 0 -0.0242998  0.101357 0 0.201784 0 0 0.109994  0 0 0 0 0 0  
140.429 3.25057 0.0177214 -8.15035 0 4 0 0 -7.67148  -8.22857 0 3.7848 0 0 -7.75332  -0.0148839 0 0.034773 0 0 -0.0161946  0.0931108 0 0.180431 0 0 0.0980328  0 0 0 0 0 0  
140.9 3.25868 0.0162542 -8.27583 0 4 0 0 -7.79881  -8.35537 0 3.80229 0 0 -7.87402  -0.0103455 0 0.0318685 0 0 -0.015613  0.0898811 0 0.165845 0 0 0.090819  0 0 0 0 0 0  
141.372 3.26625 0.0163456 -8.3699 0 4 0 0 -7.8564  -8.45871 0 3.79401 0 0 -7.93892  -0.00868937 0 0.0321783 0 0 -0.0170097  0.0974976 0 0.173816 0 0 0.0995312  0 0 0 0 0 0  
141.843 3.27388 0.0158727 -8.38853 0 4 0 0 -7.84197  -8.4714 0 3.80715 0 0 -7.91528  -0.0060942 0 0.0313738 0 0 -0.016833  0.0889687 0 0.161475 0 0 0.090136  0 0 0 0 0 0  
142.314 3.28131 0.0159974 -8.34326 0 4 0 0 -7.74308  -8.42372 0 3.80716 0 0 -7.82222  -0.00560234 0 0.032012 0 0 -0.0167879  0.0860578 0 0.160828 0 0 0.0959353  0 0 0 0 0 0  
142.785 3.28907 0.0167714 -8.29821 0 4 0 0 -7.81589  -8.36966 0 3.80043 0 0 -7.88757  -0.00440832 0 0.0326421 0 0 -0.0163148  0.0758656 0 0.166926 0 0 0.0879993  0 0 0 0 0 0  
143.257 3.29688 0.0167016 -8.3338 0 4 0 0 -7.9143  -8.40285 0 3.80129 0 0 -7.97936  -0.00707762 0 0.0311872 0 0 -0.0163355  0.0761328 0 0.167523 0 0 0.081389  0 0 0 0 0 0  
143.728 3.30473 0.017086 -8.28502 0 4 0 0 -7.99779  -8.36364 0 3.80441 0 0 -8.08056  -0.0107831 0 0.030094 0 0 -0.0147888  0.0894038 0 0.165496 0 0 0.0975586  0 0 0 0 0 0  
144.199 3.31266 0.0166408 -8.18267 0 4 0 0 -8.0828  -8.25549 0 3.80459 0 0 -8.17399  -0.00946687 0 0.0293805 0 0 -0.0163741  0.082291 0 0.166025 0 0 0.107563  0 0 0 0 0 0  
144.67 3.32047 0.0167695 -8.18229 0 4 0 0 -8.15154  -8.25324 0 3.80544 0 0 -8.24438  -0.0102301 0 0.0287436 0 0 -0.0158583  0.0811837 0 0.165814 0 0 0.108698  0 0 0 0 0 0  
145.142 3.32848 0.0175151 -8.16066 0 4 0 0 -8.09963  -8.22749 0 3.79437 0 0 -8.18673  -0.00977062 0 0.0311052 0 0 -0.0148254  0.0766016 0 0.174526 0 0 0.101922  0 0 0 0 0 0  
145.613 3.33679 0.0176818 -8.03171 0 4 0 0 -8.15021  -8.10102 0 3.79124 0 0 -8.23768  -0.0130108 0 0.0301698 0 0 -0.0140963  0.0823178 0 0.178586 0 0 0.101567  0 0 0 0 0 0  
146.084 3.34527 0.0182069 -7.80106 0 4 0 0 -8.2689  -7.8633 0 3.7906 0 0 -8.35116  -0.0138304 0 0.0339015 0 0 -0.0131753  0.0760749 0 0.1755 0 0 0.095435  0 0 0 0 0 0  
146.555 3.35347 0.016606 -7.74553 0 4 0 0 -8.28568  -7.78942 0 3.79954 0 0 -8.34297  -0.0192786 0 0.0326509 0 0 -0.0146382  0.0631662 0 0.167805 0 0 0.0719254  0 0 0 0 0 0  
147.027 3.36133 0.0164284 -7.805 0 4 0 0 -8.30137  -7.85317 0 3.8017 0 0 -8.36324  -0.016929 0 0.0307551 0 0 -0.0134316  0.0651001 0 0.167548 0 0 0.0753063  0 0 0 0 0 0  
147.498 3.36886 0.0159023 -7.80258 0 4 0 0 -8.25566  -7.85261 0 3.81084 0 0 -8.31449  -0.0130522 0 0.0306525 0 0 -0.00816398  0.0630886 0 0.15851 0 0 0.0669948  0 0 0 0 0 0  
147.969 3.37641 0.0160013 -7.81614 0 4 0 0 -8.28157  -7.86644 0 3.81444 0 0 -8.33714  -0.0154443 0 0.0296471 0 0 -0.00884223  0.0657385 0 0.155914 0 0 0.064419  0 0 0 0 0 0  
148.44 3.38417 0.0168548 -7.78855 0 4 0 0 -8.29284  -7.83744 0 3.81534 0 0 -8.34636  -0.0161313 0 0.0298618 0 0 -0.0108948  0.0650216 0 0.154795 0 0 0.0644235  0 0 0 0 0 0  
148.911 3.39225 0.0178384 -7.80757 0 4 0 0 -8.21643  -7.86057 0 3.8035 0 0 -8.27632  -0.0201018 0 0.0317047 0 0 -0.0138611  0.0731042 0 0.164792 0 0 0.0737472  0 0 0 0 0 0  
149.383 3.40083 0.0179729 -7.80779 0 4 0 0 -8.15061  -7.86257 0 3.80506 0 0 -8.21981  -0.0192349 0 0.0313 0 0 -0.0140395  0.0740109 0 0.163645 0 0 0.0832395  0 0 0 0 0 0  
149.854 3.40952 0.018598 -7.77904 0 4 0 0 -8.14815  -7.83844 0 3.79765 0 0 -8.22751  -0.0203134 0 0.0310709 0 0 -0.015411  0.0797156 0 0.171282 0 0 0.0947682  0 0 0 0 0 0  
150.325 3.41813 0.0179617 -7.77179 0 4 0 0 -8.26529  -7.82683 0 3.79713 0 0 -8.34225  -0.0202868 0 0.0309731 0 0 -0.0163656  0.0753189 0 0.171897 0 0 0.0933305  0 0 0 0 0 0  
150.796 3.42654 0.0177989 -7.87757 0 4 0 0 -8.42527  -7.92738 0 3.79276 0 0 -8.49244  -0.0258767 0 0.0326972 0 0 -0.01833  0.0756917 0 0.174542 0 0 0.0855025  0 0 0 0 0 0  
151.268 3.43484 0.0175239 -8.00946 0 4 0 0 -8.45651  -8.0564 0 3.79681 0 0 -8.53089  -0.0197549 0 0.0320183 0 0 -0.0135074  0.0666895 0 0.171172 0 0 0.0878852  0 0 0 0 0 0  
151.739 3.44301 0.0170304 -8.0379 0 4 0 0 -8.44654  -8.08853 0 3.81133 0 0 -8.52344  -0.0187006 0 0.0264609 0 0 -0.0127998  0.0693284 0 0.162208 0 0 0.0896999  0 0 0 0 0 0  
152.21 3.45099 0.0169556 -8.04813 0 4 0 0 -8.34185  -8.10087 0 3.8124 0 0 -8.42581  -0.0178084 0 0.0262245 0 0 -0.0130635  0.0705536 0 0.161375 0 0 0.0970173  0 0 0 0 0 0  
152.681 3.45884 0.0164468 -7.99135 0 4 0 0 -8.11585  -8.05017 0 3.81548 0 0 -8.19769  -0.0147919 0 0.0245214 0 0 -0.0123407  0.0736148 0 0.159996 0 0 0.0941848  0 0 0 0 0 0  
153.153 3.46671 0.016599 -7.88362 0 4 0 0 -7.67411  -7.94249 0 3.81047 0 0 -7.76607  -0.0157291 0 0.0236725 0 0 -0.0180911  0.0746025 0 0.165858 0 0 0.110051  0 0 0 0 0 0  
153.624 3.47458 0.016921 -7.71673 0 4 0 0 -7.43223  -7.77136 0 3.80228 0 0 -7.51761  -0.0155013 0 0.0259646 0 0 -0.0172106  0.0701292 0 0.171758 0 0 0.102595  0 0 0 0 0 0  
154.095 3.48292 0.0178363 -7.76645 0 4 0 0 -7.43297  -7.82647 0 3.79403 0 0 -7.52977  -0.0166515 0 0.0269524 0 0 -0.0134874  0.0766746 0 0.179022 0 0 0.110286  0 0 0 0 0 0  
154.566 3.49118 0.0176269 -7.78264 0 4 0 0 -7.43719  -7.84184 0 3.7962 0 0 -7.52845  -0.0155366 0 0.0304922 0 0 -0.0124751  0.0747438 0 0.173306 0 0 0.103729  0 0 0 0 0 0  
155.038 3.49944 0.0175144 -7.85821 0 4 0 0 -7.48117  -7.91773 0 3.79199 0 0 -7.56205  -0.0144904 0 0.0322977 0 0 -0.0113597  0.0740191 0 0.175708 0 0 0.0922431  0 0 0 0 0 0  
155.509 3.50787 0.0182562 -7.84461 0 4 0 0 -7.41141  -7.90089 0 3.78044 0 0 -7.48579  -0.0158531 0 0.0317667 0 0 -0.0102524  0.0721358 0 0.187789 0 0 0.0846288  0 0 0 0 0 0  
155.98 3.51654 0.0185569 -7.80017 0 4 0 0 -7.4763  -7.85906 0 3.77367 0 0 -7.54888  -0.0165118 0 0.0316972 0 0 -0.00943647  0.0754027 0 0.194636 0 0 0.0820186  0 0 0 0 0 0  
156.451 3.52554 0.0197387 -7.80304 0 4 0 0 -7.59125  -7.85719 0 3.75982 0 0 -7.67204  -0.0176554 0 0.0349753 0 0 -0.016107  0.0718002 0 0.205204 0 0 0.0968925  0 0 0 0 0 0  
156.923 3.53483 0.0196365 -7.79428 0 4 0 0 -7.68728  -7.85193 0 3.75384 0 0 -7.77337  -0.0209859 0 0.0338885 0 0 -0.0188426  0.0786364 0 0.212275 0 0 0.104935  0 0 0 0 0 0  
157.394 3.54443 0.0211272 -7.79085 0 4 0 0 -7.79684  -7.84799 0 3.73553 0 0 -7.88362  -0.0225514 0 0.0371503 0 0 -0.0267836  0.0796919 0 0.227319 0 0 0.113568  0 0 0 0 0 0  
157.865 3.55455 0.0216095 -7.92508 0 4 0 0 -8.1936  -7.98211 0 3.72655 0 0 -8.28237  -0.0224241 0 0.0390054 0 0 -0.0269982  0.0794492 0 0.234442 0 0 0.115764  0 0 0 0 0 0  
158.336 3.56462 0.0209912 -8.11674 0 4 0 0 -8.55572  -8.18968 0 3.73099 0 0 -8.65186  -0.030801 0 0.036534 0 0 -0.0335235  0.103739 0 0.232474 0 0 0.12967  0 0 0 0 0 0  
158.808 3.57434 0.019816 -8.19082 0 4 0 0 -8.8486  -8.26545 0 3.76252 0 0 -8.93811  -0.0223959 0 0.032946 0 0 -0.0243511  0.0970265 0 0.204534 0 0 0.113856  0 0 0 0 0 0  
159.279 3.5834 0.0186895 -8.22433 0 4 0 0 -8.99595  -8.29358 0 3.7792 0 0 -9.08492  -0.0168903 0 0.0313374 0 0 -0.0180891  0.0861375 0 0.189458 0 0 0.107066  0 0 0 0 0 0  
159.75 3.59231 0.0190828 -8.32614 0 4 0 0 -9.21219  -8.38925 0 3.78095 0 0 -9.29603  -0.0166025 0 0.0306691 0 0 -0.0158465  0.0797125 0 0.188382 0 0 0.0996922  0 0 0 0 0 0  
160.221 3.60117 0.0187252 -8.34537 0 4 0 0 -9.32053  -8.40979 0 3.7915 0 0 -9.40271  -0.0126984 0 0.0319754 0 0 -0.0162198  0.077111 0 0.176528 0 0 0.098401  0 0 0 0 0 0  
160.692 3.61007 0.0190745 -8.28547 0 4 0 0 -9.28595  -8.34017 0 3.78548 0 0 -9.35945  -0.0173184 0 0.0339848 0 0 -0.0172632  0.0720142 0 0.18054 0 0 0.0907679  0 0 0 0 0 0  
161.164 3.61938 0.01946 -8.18489 0 4 0 0 -9.06631  -8.22663 0 3.77589 0 0 -9.13442  -0.0173209 0 0.0372073 0 0 -0.015451  0.0590541 0 0.186899 0 0 0.083559  0 0 0 0 0 0  
161.635 3.62869 0.0200053 -8.05635 0 4 0 0 -8.83307  -8.09536 0 3.76991 0 0 -8.90816  -0.0197866 0 0.0399828 0 0 -0.0200068  0.0587892 0 0.190109 0 0 0.0950877  0 0 0 0 0 0  
162.106 3.6381 0.0194733 -7.96636 0 4 0 0 -8.45788  -8.00462 0 3.76852 0 0 -8.54086  -0.0257318 0 0.0374843 0 0 -0.0146937  0.0639875 0 0.193996 0 0 0.0976719  0 0 0 0 0 0  
162.577 3.64734 0.0201446 -7.8016 0 4 0 0 -8.22313  -7.83679 0 3.75582 0 0 -8.31031  -0.0281979 0 0.0385009 0 0 -0.01337  0.0633851 0 0.205674 0 0 0.10055  0 0 0 0 0 0  
163.049 3.65666 0.0194149 -7.62796 0 4 0 0 -8.11517  -7.6717 0 3.75404 0 0 -8.21266  -0.0289927 0 0.0363961 0 0 -0.0117432  0.0727351 0 0.209564 0 0 0.10923  0 0 0 0 0 0  
163.52 3.66594 0.0199175 -7.45813 0 4 0 0 -7.92969  -7.50096 0 3.7523 0 0 -8.01876  -0.027164 0 0.0360694 0 0 -0.00792647  0.0699879 0 0.211632 0 0 0.096993  0 0 0 0 0 0  
163.991 3.67529 0.0197182 -7.38462 0 4 0 0 -7.83113  -7.43585 0 3.76217 0 0 -7.91204  -0.0259925 0 0.0376125 0 0 -0.00746547  0.0772249 0 0.200216 0 0 0.0883798  0 0 0 0 0 0  
164.462 3.68473 0.0199994 -7.34353 0 4 0 0 -7.83316  -7.39622 0 3.76009 0 0 -7.9011  -0.0289864 0 0.0393634 0 0 -0.0132007  0.0816782 0 0.200547 0 0 0.0811418  0 0 0 0 0 0  
164.934 3.69431 0.0201504 -7.25726 0 4 0 0 -7.82494  -7.32408 0 3.76581 0 0 -7.90087  -0.025434 0 0.0379348 0 0 -0.0165951  0.0922585 0 0.196256 0 0 0.0925193  0 0 0 0 0 0  
165.405 3.70361 0.0185345 -7.16033 0 4 0 0 -7.66376  -7.23256 0 3.78497 0 0 -7.7503  -0.0214127 0 0.0331242 0 0 -0.00729857  0.0936425 0 0.181905 0 0 0.0938448  0 0 0 0 0 0  
165.876 3.71211 0.0184847 -7.12079 0 4 0 0 -7.50528  -7.20108 0 3.78632 0 0 -7.59558  -0.0225533 0 0.0308392 0 0 -0.00891693  0.102845 0 0.182845 0 0 0.099215  0 0 0 0 0 0  
166.347 3.72045 0.0171804 -7.31558 0 4 0 0 -7.48425  -7.38615 0 3.80132 0 0 -7.56306  -0.0175961 0 0.0281759 0 0 -0.00547938  0.0881626 0 0.1705 0 0 0.0842902  0 0 0 0 0 0  
166.819 3.72829 0.0160905 -7.56297 0 4 0 0 -7.58293  -7.62008 0 3.81285 0 0 -7.65084  -0.0179683 0 0.026311 0 0 -0.00747712  0.0750774 0 0.160835 0 0 0.0753826  0 0 0 0 0 0  
167.29 3.73579 0.0160458 -7.74734 0 4 0 0 -7.68675  -7.79167 0 3.81716 0 0 -7.75172  -0.0158291 0 0.0249679 0 0 -0.00715773  0.0601631 0 0.157877 0 0 0.0721314  0 0 0 0 0 0  
167.761 3.74311 0.0152424 -7.83453 0 4 0 0 -7.70608  -7.86962 0 3.82348 0 0 -7.76028  -0.0130364 0 0.0221145 0 0 -0.0123571  0.0481269 0 0.154407 0 0 0.0665583  0 0 0 0 0 0  
168.232 3.75036 0.0154278 -7.86694 0 4 0 0 -7.7013  -7.89686 0 3.81881 0 0 -7.74848  -0.01364 0 0.0249126 0 0 -0.0158078  0.0435609 0 0.156275 0 0 0.0629846  0 0 0 0 0 0  
168.704 3.75804 0.0169883 -7.77155 0 4 0 0 -7.64924  -7.81641 0 3.79211 0 0 -7.71608  -0.0154076 0 0.0275728 0 0 -0.0154008  0.0602734 0 0.180317 0 0 0.0822428  0 0 0 0 0 0  
169.175 3.76603 0.0172481 -7.68222 0 4 0 0 -7.67954  -7.73247 0 3.78552 0 0 -7.75748  -0.0129322 0 0.0290719 0 0 -0.0118916  0.0631753 0 0.18541 0 0 0.089824  0 0 0 0 0 0  
169.646 3.77444 0.0181298 -7.55756 0 4 0 0 -7.71896  -7.60753 0 3.77451 0 0 -7.80164  -0.0192602 0 0.030561 0 0 -0.0125852  0.0692313 0 0.194927 0 0 0.0952683  0 0 0 0 0 0  
170.117 3.78303 0.0188511 -7.60376 0 4 0 0 -7.82159  -7.65286 0 3.77174 0 0 -7.9064  -0.0230372 0 0.0336718 0 0 -0.00964022  0.0721338 0 0.19459 0 0 0.0944468  0 0 0 0 0 0  
170.588 3.79209 0.0194313 -7.68879 0 4 0 0 -7.89507  -7.72697 0 3.76902 0 0 -7.97529  -0.0236446 0 0.0366745 0 0 -0.00913692  0.0618257 0 0.194309 0 0 0.089362  0 0 0 0 0 0  
171.06 3.80133 0.019327 -7.74205 0 4 0 0 -7.88405  -7.79188 0 3.76525 0 0 -7.96949  -0.0268268 0 0.035277 0 0 -0.0138149  0.0766564 0 0.199472 0 0 0.0992541  0 0 0 0 0 0  
171.531 3.81028 0.0188038 -7.76527 0 4 0 0 -7.86944  -7.82042 0 3.76415 0 0 -7.971  -0.028519 0 0.0330337 0 0 -0.0123073  0.08367 0 0.202812 0 0 0.113863  0 0 0 0 0 0  
172.002 3.81887 0.0179517 -7.8713 0 4 0 0 -7.85084  -7.92288 0 3.77747 0 0 -7.9506  -0.0251279 0 0.027574 0 0 -0.00841122  0.076712 0 0.194954 0 0 0.108171  0 0 0 0 0 0  
172.473 3.82731 0.0176718 -7.98468 0 4 0 0 -7.79575  -8.04052 0 3.77795 0 0 -7.89185  -0.0221885 0 0.0282687 0 0 -0.00869674  0.078032 0 0.193786 0 0 0.104792  0 0 0 0 0 0  
172.945 3.83558 0.0174253 -8.13469 0 4 0 0 -7.81392  -8.18158 0 3.77921 0 0 -7.90651  -0.0203158 0 0.0290101 0 0 -0.00894982  0.0672064 0 0.191779 0 0 0.10154  0 0 0 0 0 0  
173.416 3.84364 0.0175786 -8.14377 0 4 0 0 -7.81001  -8.19546 0 3.78163 0 0 -7.90569  -0.0262256 0 0.0291346 0 0 -0.0135385  0.0779181 0 0.189237 0 0 0.10922  0 0 0 0 0 0  
173.887 3.85196 0.0180909 -8.08529 0 4 0 0 -7.73671  -8.13254 0 3.77631 0 0 -7.82898  -0.0219969 0 0.0317019 0 0 -0.0106508  0.0692445 0 0.191985 0 0 0.102917  0 0 0 0 0 0  
174.358 3.86093 0.019644 -7.98893 0 4 0 0 -7.69231  -8.04408 0 3.75878 0 0 -7.79951  -0.0254966 0 0.0342467 0 0 -0.0135259  0.0806555 0 0.206977 0 0 0.120723  0 0 0 0 0 0  
174.83 3.87073 0.0214651 -7.88775 0 4 0 0 -7.57575  -7.94385 0 3.73279 0 0 -7.68757  -0.025057 0 0.0365312 0 0 -0.0133584  0.0811615 0 0.230675 0 0 0.125173  0 0 0 0 0 0  
175.301 3.88125 0.0230968 -7.69596 0 4 0 0 -7.47637  -7.75603 0 3.71253 0 0 -7.59307  -0.0298741 0 0.0381984 0 0 -0.0145768  0.089945 0 0.249276 0 0 0.131276  0 0 0 0 0 0  
175.772 3.89269 0.0249469 -7.41864 0 4 0 0 -7.24934  -7.48422 0 3.69557 0 0 -7.36486  -0.0305566 0 0.0425634 0 0 -0.0154072  0.0961404 0 0.261865 0 0 0.130929  0 0 0 0 0 0  
176.243 3.9048 0.0265254 -7.31482 0 4 0 0 -6.95056  -7.36704 0 3.67175 0 0 -7.06337  -0.0391434 0 0.0477288 0 0 -0.0257095  0.0913594 0 0.280521 0 0 0.138524  0 0 0 0 0 0  
176.715 3.91771 0.0279735 -7.14112 0 4 0 0 -6.65043  -7.22641 0 3.65143 0 0 -6.78543  -0.0441516 0 0.0485762 0 0 -0.0307274  0.129443 0 0.299993 0 0 0.165727  0 0 0 0 0 0  
177.186 3.93081 0.0275307 -7.00168 0 4 0 0 -6.50907  -7.08039 0 3.64448 0 0 -6.64123  -0.0505243 0 0.051163 0 0 -0.0295597  0.129236 0 0.304356 0 0 0.161721  0 0 0 0 0 0  
177.657 3.94387 0.0272739 -6.94376 0 4 0 0 -6.49474  -7.02352 0 3.65596 0 0 -6.62696  -0.0420957 0 0.0476684 0 0 -0.0266301  0.121865 0 0.296367 0 0 0.158853  0 0 0 0 0 0  
178.128 3.9567 0.0274372 -6.84247 0 4 0 0 -6.43434  -6.9199 0 3.66347 0 0 -6.56039  -0.0355343 0 0.0444226 0 0 -0.0275229  0.112964 0 0.292112 0 0 0.153576  0 0 0 0 0 0  
178.6 3.96994 0.0285958 -6.75341 0 4 0 0 -6.21761  -6.86779 0 3.63638 0 0 -6.34633  -0.0407764 0 0.0467812 0 0 -0.0331575  0.155161 0 0.316835 0 0 0.161877  0 0 0 0 0 0  
179.071 3.98327 0.0263638 -6.61813 0 4 0 0 -6.17253  -6.71458 0 3.66771 0 0 -6.27514  -0.0409448 0 0.0458928 0 0 -0.0331809  0.137398 0 0.286395 0 0 0.135798  0 0 0 0 0 0  
179.542 3.9954 0.0248869 -6.39588 0 4 0 0 -6.18043  -6.4904 0 3.67763 0 0 -6.29358  -0.0330617 0 0.0453819 0 0 -0.0316197  0.127581 0 0.276985 0 0 0.144771  0 0 0 0 0 0  
180.013 4.00687 0.0242167 -6.29826 0 4 0 0 -5.99511  -6.40244 0 3.66624 0 0 -6.12749  -0.0349953 0 0.0423664 0 0 -0.0342662  0.139181 0 0.291398 0 0 0.16664  0 0 0 0 0 0  
180.484 4.01818 0.0236669 -6.2116 0 4 0 0 -5.94737  -6.3208 0 3.66606 0 0 -6.07703  -0.0389936 0 0.040646 0 0 -0.0411971  0.148191 0 0.29329 0 0 0.170854  0 0 0 0 0 0  
180.956 4.02921 0.02355 -6.27527 0 4 0 0 -6.03829  -6.37544 0 3.66896 0 0 -6.16532  -0.0488523 0 0.0406125 0 0 -0.0462096  0.14902 0 0.290432 0 0 0.173237  0 0 0 0 0 0  
181.427 4.0399 0.0218558 -6.36373 0 4 0 0 -6.15956  -6.43591 0 3.70773 0 0 -6.24876  -0.0438819 0 0.0392824 0 0 -0.0414502  0.11606 0 0.252987 0 0 0.13065  0 0 0 0 0 0  
181.898 4.05004 0.0211654 -6.47022 0 4 0 0 -6.34795  -6.52464 0 3.72166 0 0 -6.42298  -0.0392145 0 0.0386251 0 0 -0.0364318  0.0936301 0 0.239711 0 0 0.11146  0 0 0 0 0 0  
182.369 4.05959 0.0199734 -6.50347 0 4 0 0 -6.45194  -6.57089 0 3.75321 0 0 -6.53887  -0.0367282 0 0.0309285 0 0 -0.030732  0.104153 0 0.215863 0 0 0.117661  0 0 0 0 0 0  
182.841 4.0689 0.0195205 -6.47708 0 4 0 0 -6.47565  -6.54181 0 3.75912 0 0 -6.55159  -0.0297336 0 0.0296833 0 0 -0.0356362  0.094469 0 0.211195 0 0 0.111578  0 0 0 0 0 0  
183.312 4.07846 0.0208578 -6.39166 0 4 0 0 -6.54345  -6.46787 0 3.74143 0 0 -6.62466  -0.0287361 0 0.0311577 0 0 -0.040747  0.104952 0 0.227415 0 0 0.121954  0 0 0 0 0 0  
183.783 4.08836 0.0209283 -6.34309 0 4 0 0 -6.78171  -6.42393 0 3.75391 0 0 -6.87374  -0.0278351 0 0.0266668 0 0 -0.0375337  0.108678 0 0.219419 0 0 0.129563  0 0 0 0 0 0  
184.254 4.09835 0.0215716 -6.31927 0 4 0 0 -7.02575  -6.39498 0 3.74823 0 0 -7.11439  -0.0330657 0 0.0276056 0 0 -0.0381538  0.108778 0 0.224164 0 0 0.126787  0 0 0 0 0 0  
184.726 4.10853 0.0216967 -6.33459 0 4 0 0 -7.24617  -6.40234 0 3.76083 0 0 -7.33717  -0.0343178 0 0.0251776 0 0 -0.0351687  0.102066 0 0.213994 0 0 0.126168  0 0 0 0 0 0  
185.197 4.11871 0.0213983 -6.30086 0 4 0 0 -7.40877  -6.36138 0 3.76238 0 0 -7.48426  -0.0322025 0 0.0272458 0 0 -0.0290509  0.0927257 0 0.21037 0 0 0.10454  0 0 0 0 0 0  
185.668 4.129 0.0217784 -6.29414 0 4 0 0 -7.45832  -6.34171 0 3.75278 0 0 -7.53552  -0.029868 0 0.0297037 0 0 -0.0309017  0.0774406 0 0.217517 0 0 0.108097  0 0 0 0 0 0  
186.139 4.13969 0.0240236 -6.39406 0 4 0 0 -7.50148  -6.44432 0 3.73575 0 0 -7.58266  -0.0265613 0 0.0352303 0 0 -0.0265658  0.0768201 0 0.229022 0 0 0.107752  0 0 0 0 0 0  
186.611 4.15067 0.0230834 -6.59117 0 4 0 0 -7.4645  -6.65129 0 3.74471 0 0 -7.54583  -0.0272475 0 0.0345216 0 0 -0.0274796  0.0873624 0 0.220773 0 0 0.108811  0 0 0 0 0 0  
187.082 4.16136 0.0217713 -6.77265 0 4 0 0 -7.45257  -6.83613 0 3.758 0 0 -7.52723  -0.0263236 0 0.0333386 0 0 -0.0301042  0.0897984 0 0.208659 0 0 0.104766  0 0 0 0 0 0  
187.553 4.17158 0.0222839 -6.9336 0 4 0 0 -7.42251  -7.00893 0 3.75138 0 0 -7.51162  -0.031244 0 0.0329285 0 0 -0.0291351  0.106573 0 0.215687 0 0 0.118247  0 0 0 0 0 0  
188.024 4.18227 0.0228291 -7.01799 0 4 0 0 -7.37748  -7.09783 0 3.74135 0 0 -7.46606  -0.0334363 0 0.032271 0 0 -0.0291167  0.113277 0 0.226378 0 0 0.117696  0 0 0 0 0 0  
188.496 4.19324 0.0235566 -7.11827 0 4 0 0 -7.42541  -7.18793 0 3.73372 0 0 -7.51207  -0.0334925 0 0.0341521 0 0 -0.0314035  0.103153 0 0.232132 0 0 0.118067  0 0 0 0 0 0  
188.967 4.20446 0.0239475 -7.24573 0 4 0 0 -7.51247  -7.31676 0 3.73833 0 0 -7.5944  -0.0334269 0 0.0330995 0 0 -0.0363709  0.104457 0 0.228571 0 0 0.118304  0 0 0 0 0 0  
189.438 4.2157 0.0238146 -7.12949 0 4 0 0 -7.47084  -7.1916 0 3.73773 0 0 -7.54905  -0.0282401 0 0.03611 0 0 -0.0280811  0.090352 0 0.226164 0 0 0.106288  0 0 0 0 0 0  
189.909 4.2269 0.0243047 -6.97534 0 4 0 0 -7.40235  -7.03967 0 3.72498 0 0 -7.4858  -0.0361892 0 0.0399544 0 0 -0.0370901  0.100516 0 0.23507 0 0 0.120534  0 0 0 0 0 0  
190.381 4.23854 0.024794 -6.85466 0 4 0 0 -7.35632  -6.91766 0 3.72399 0 0 -7.44255  -0.038819 0 0.0392366 0 0 -0.0327655  0.101817 0 0.236774 0 0 0.118998  0 0 0 0 0 0  
190.852 4.25037 0.0256461 -6.60257 0 4 0 0 -7.29441  -6.67631 0 3.70241 0 0 -7.38966  -0.0424563 0 0.042207 0 0 -0.0367904  0.116204 0 0.255382 0 0 0.132041  0 0 0 0 0 0  
191.323 4.26258 0.0269743 -6.51412 0 4 0 0 -7.08482  -6.59352 0 3.68225 0 0 -7.18961  -0.0429044 0 0.0487567 0 0 -0.0326984  0.122309 0 0.268991 0 0 0.137487  0 0 0 0 0 0  
191.794 4.27518 0.0272499 -6.39075 0 4 0 0 -6.76391  -6.46897 0 3.66102 0 0 -6.88838  -0.044861 0 0.0522803 0 0 -0.0311817  0.123072 0 0.286699 0 0 0.155653  0 0 0 0 0 0  
192.265 4.28769 0.0255545 -6.14265 0 4 0 0 -6.50612  -6.2376 0 3.66157 0 0 -6.63772  -0.0357711 0 0.0483827 0 0 -0.029896  0.130725 0 0.290051 0 0 0.161499  0 0 0 0 0 0  
192.737 4.29963 0.0250792 -6.11604 0 4 0 0 -6.37897  -6.23339 0 3.661 0 0 -6.52621  -0.0362795 0 0.0441384 0 0 -0.0384616  0.153628 0 0.294865 0 0 0.185704  0 0 0 0 0 0  
193.208 4.31129 0.0249055 -6.11924 0 4 0 0 -6.29253  -6.23388 0 3.65564 0 0 -6.45118  -0.0410679 0 0.0429243 0 0 -0.0408269  0.15571 0 0.301434 0 0 0.199478  0 0 0 0 0 0  
193.679 4.32275 0.0238641 -6.25255 0 4 0 0 -6.38074  -6.3614 0 3.67753 0 0 -6.53388  -0.0417768 0 0.0413283 0 0 -0.0392919  0.150627 0 0.281142 0 0 0.192439  0 0 0 0 0 0  
194.15 4.33375 0.0231916 -6.44126 0 4 0 0 -6.49866  -6.52604 0 3.69244 0 0 -6.62992  -0.0340205 0 0.0441286 0 0 -0.0314929  0.118799 0 0.26343 0 0 0.162753  0 0 0 0 0 0  
194.622 4.34443 0.0217915 -6.62571 0 4 0 0 -6.63752  -6.69846 0 3.72331 0 0 -6.75126  -0.0301009 0 0.0420061 0 0 -0.0195953  0.102852 0 0.234686 0 0 0.133335  0 0 0 0 0 0  
195.093 4.35432 0.0197388 -6.78483 0 4 0 0 -6.75483  -6.85107 0 3.74691 0 0 -6.8625  -0.0252601 0 0.0403919 0 0 -0.0180493  0.0915037 0 0.212703 0 0 0.12572  0 0 0 0 0 0  
195.564 4.3635 0.0192236 -6.83758 0 4 0 0 -6.88157  -6.90452 0 3.76635 0 0 -6.98189  -0.02265 0 0.0368771 0 0 -0.01255  0.0895937 0 0.196777 0 0 0.112866  0 0 0 0 0 0  
196.035 4.37254 0.0192249 -6.90942 0 4 0 0 -7.03495  -6.98209 0 3.77673 0 0 -7.13056  -0.0189558 0 0.0339653 0 0 -0.00769342  0.0916212 0 0.189301 0 0 0.103307  0 0 0 0 0 0  
196.507 4.38157 0.0196773 -6.88906 0 4 0 0 -7.25495  -6.95448 0 3.77357 0 0 -7.33733  -0.0206764 0 0.0341341 0 0 -0.0151776  0.0860949 0 0.192299 0 0 0.0975605  0 0 0 0 0 0  
196.978 4.3908 0.0197963 -6.93405 0 4 0 0 -7.43599  -6.99589 0 3.77554 0 0 -7.50657  -0.0176145 0 0.0343366 0 0 -0.0180743  0.0794524 0 0.190123 0 0 0.088656  0 0 0 0 0 0  
197.449 4.40006 0.0198898 -6.93703 0 4 0 0 -7.55434  -6.99296 0 3.77283 0 0 -7.62225  -0.0220589 0 0.0317933 0 0 -0.0168193  0.0779839 0 0.195374 0 0 0.0847283  0 0 0 0 0 0  
197.92 4.40952 0.0204255 -6.86678 0 4 0 0 -7.51559  -6.9193 0 3.77059 0 0 -7.58554  -0.0200154 0 0.0318244 0 0 -0.0172257  0.0725397 0 0.197589 0 0 0.0871739  0 0 0 0 0 0  
198.392 4.41926 0.0215837 -6.80218 0 4 0 0 -7.43307  -6.86363 0 3.75928 0 0 -7.51392  -0.0238879 0 0.0319106 0 0 -0.0226305  0.0853379 0 0.208808 0 0 0.103478  0 0 0 0 0 0  
198.863 4.42982 0.0227607 -6.70743 0 4 0 0 -7.31759  -6.78632 0 3.74533 0 0 -7.41612  -0.0277103 0 0.0329612 0 0 -0.0209686  0.106606 0 0.221705 0 0 0.119497  0 0 0 0 0 0  
199.334 4.44067 0.0232162 -6.74998 0 4 0 0 -7.3471  -6.8341 0 3.74143 0 0 -7.44699  -0.028758 0 0.0339909 0 0 -0.0246235  0.112872 0 0.224575 0 0 0.124513  0 0 0 0 0 0  
199.805 4.45164 0.023618 -6.91124 0 4 0 0 -7.36682  -6.99708 0 3.7285 0 0 -7.46927  -0.0276679 0 0.0389651 0 0 -0.0195979  0.113511 0 0.232536 0 0 0.122046  0 0 0 0 0 0  
200.277 4.46294 0.0234636 -6.93793 0 4 0 0 -7.32655  -7.03359 0 3.71835 0 0 -7.45405  -0.0256753 0 0.0379101 0 0 -0.022578  0.121335 0 0.24374 0 0 0.150081  0 0 0 0 0 0  
200.748 4.47396 0.022965 -6.99176 0 4 0 0 -7.24856  -7.08199 0 3.71619 0 0 -7.36594  -0.0307726 0 0.0404218 0 0 -0.0261662  0.120997 0 0.243392 0 0 0.143545  0 0 0 0 0 0  
201.219 4.48467 0.0222628 -7.02447 0 4 0 0 -7.26788  -7.11508 0 3.7369 0 0 -7.37572  -0.0229168 0 0.036788 0 0 -0.0184945  0.113524 0 0.226311 0 0 0.126334  0 0 0 0 0 0  
201.69 4.49468 0.0205499 -7.079 0 4 0 0 -7.34432  -7.1601 0 3.76395 0 0 -7.44715  -0.0189107 0 0.0346993 0 0 -0.0174715  0.100006 0 0.201352 0 0 0.120294  0 0 0 0 0 0  
202.161 4.50446 0.0208911 -7.15017 0 4 0 0 -7.43573  -7.23898 0 3.75751 0 0 -7.53265  -0.0159935 0 0.0362233 0 0 -0.0180743  0.104805 0 0.206264 0 0 0.114991  0 0 0 0 0 0  
202.633 4.51426 0.0206442 -7.09347 0 4 0 0 -7.39208  -7.17077 0 3.75864 0 0 -7.48099  -0.00918293 0 0.0374202 0 0 -0.00679725  0.0864869 0 0.203944 0 0 0.09571  0 0 0 0 0 0  
203.104 4.52422 0.0209486 -6.95534 0 4 0 0 -7.33642  -7.0276 0 3.76125 0 0 -7.42693  -0.0149067 0 0.0353896 0 0 -0.0086442  0.0871693 0 0.203358 0 0 0.0991495  0 0 0 0 0 0  
203.575 4.53431 0.0218258 -6.86823 0 4 0 0 -7.4168  -6.94027 0 3.75118 0 0 -7.50928  -0.0137932 0 0.0343892 0 0 -0.0130103  0.0858332 0 0.214428 0 0 0.105499  0 0 0 0 0 0  
204.046 4.54453 0.0220748 -6.89379 0 4 0 0 -7.589  -6.96263 0 3.74568 0 0 -7.67471  -0.0206386 0 0.0374827 0 0 -0.0174991  0.08947 0 0.216837 0 0 0.103202  0 0 0 0 0 0  
204.518 4.55508 0.0228083 -7.0043 0 4 0 0 -7.74314  -7.07585 0 3.73454 0 0 -7.83674  -0.022488 0 0.0381211 0 0 -0.0204085  0.0940353 0 0.227342 0 0 0.114006  0 0 0 0 0 0  
204.989 4.56551 0.0214168 -7.08948 0 4 0 0 -7.8583  -7.15221 0 3.75043 0 0 -7.93492  -0.0216724 0 0.034807 0 0 -0.0188738  0.0844014 0 0.21476 0 0 0.0954916  0 0 0 0 0 0  
205.46 4.5759 0.0219487 -6.98959 0 4 0 0 -7.71258  -7.05486 0 3.73928 0 0 -7.7923  -0.0191054 0 0.0368488 0 0 -0.0197765  0.0843707 0 0.223869 0 0 0.0994963  0 0 0 0 0 0  
205.931 4.58643 0.0229703 -6.84612 0 4 0 0 -7.55688  -6.91588 0 3.72885 0 0 -7.64995  -0.0204634 0 0.038602 0 0 -0.0193892  0.0902179 0 0.232546 0 0 0.112463  0 0 0 0 0 0  
206.403 4.59728 0.0227784 -6.79731 0 4 0 0 -7.68553  -6.86165 0 3.73003 0 0 -7.77387  -0.0265488 0 0.0385328 0 0 -0.0218352  0.0908838 0 0.231436 0 0 0.110179  0 0 0 0 0 0  
206.874 4.60802 0.0223662 -6.86365 0 4 0 0 -7.57758  -6.91491 0 3.7312 0 0 -7.66242  -0.0262112 0 0.0397118 0 0 -0.0187569  0.0774768 0 0.22909 0 0 0.103594  0 0 0 0 0 0  
207.345 4.61818 0.0209809 -6.92478 0 4 0 0 -7.37252  -6.99011 0 3.74936 0 0 -7.46478  -0.0257652 0 0.0298255 0 0 -0.0252974  0.091094 0 0.220814 0 0 0.117551  0 0 0 0 0 0  
207.816 4.62785 0.0206505 -7.07139 0 4 0 0 -7.33233  -7.13553 0 3.75804 0 0 -7.41927  -0.0207516 0 0.029541 0 0 -0.0237141  0.0848858 0 0.212415 0 0 0.110648  0 0 0 0 0 0  
208.288 4.63788 0.0217068 -7.25041 0 4 0 0 -7.36868  -7.31436 0 3.75294 0 0 -7.45854  -0.0179979 0 0.0321768 0 0 -0.020641  0.0819524 0 0.214881 0 0 0.110495  0 0 0 0 0 0  
208.759 4.64825 0.0222419 -7.38682 0 4 0 0 -7.41061  -7.45304 0 3.74368 0 0 -7.50385  -0.0246484 0 0.0313676 0 0 -0.0216085  0.0908708 0 0.224955 0 0 0.114854  0 0 0 0 0 0  
209.23 4.65866 0.0220011 -7.52156 0 4 0 0 -7.52198  -7.57177 0 3.7503 0 0 -7.59372  -0.0235319 0 0.0326127 0 0 -0.0209422  0.0737357 0 0.217088 0 0 0.0926774  0 0 0 0 0 0  
209.701 4.66875 0.0205279 -7.52619 0 4 0 0 -7.64829  -7.56535 0 3.7785 0 0 -7.7092  -0.02402 0 0.0319361 0 0 -0.0187508  0.0631777 0 0.189562 0 0 0.0796653  0 0 0 0 0 0  
210.173 4.67836 0.0201085 -7.42827 0 4 0 0 -7.60647  -7.46551 0 3.77449 0 0 -7.66362  -0.0205575 0 0.0321157 0 0 -0.0152367  0.0578012 0 0.193391 0 0 0.0723908  0 0 0 0 0 0  
210.644 4.68782 0.0201292 -7.28796 0 4 0 0 -7.48101  -7.32683 0 3.76123 0 0 -7.52338  -0.0186737 0 0.0318033 0 0 -0.0154004  0.05754 0 0.206966 0 0 0.0577738  0 0 0 0 0 0  
211.115 4.69699 0.0190997 -7.19591 0 4 0 0 -7.257  -7.23611 0 3.76239 0 0 -7.30391  -0.0173027 0 0.0313258 0 0 -0.0201648  0.0575007 0 0.206279 0 0 0.0670754  0 0 0 0 0 0  
211.586 4.70602 0.0190979 -7.26356 0 4 0 0 -7.14929  -7.30699 0 3.75698 0 0 -7.20593  -0.0199424 0 0.0308429 0 0 -0.0227798  0.0633707 0 0.21218 0 0 0.0794258  0 0 0 0 0 0  
212.058 4.71516 0.0198461 -7.25358 0 4 0 0 -7.07805  -7.2983 0 3.74857 0 0 -7.14111  -0.0226609 0 0.0323933 0 0 -0.0210063  0.0673867 0 0.21904 0 0 0.084073  0 0 0 0 0 0  
212.529 4.72465 0.020333 -7.21657 0 4 0 0 -7.06116  -7.26443 0 3.74172 0 0 -7.12408  -0.0258135 0 0.0332798 0 0 -0.0226071  0.0736721 0 0.224996 0 0 0.0855333  0 0 0 0 0 0  
213 4.73446 0.021412 -7.1968 0 4 0 0 -7.02191  -7.24558 0 3.72989 0 0 -7.08352  -0.0217461 0 0.0365798 0 0 -0.0195736  0.0705268 0 0.233531 0 0 0.0811756  0 0 0 0 0 0  
213.471 4.74466 0.0223123 -7.21429 0 4 0 0 -6.99576  -7.28026 0 3.71828 0 0 -7.06582  -0.0243505 0 0.0367693 0 0 -0.0187929  0.0903157 0 0.244951 0 0 0.0888518  0 0 0 0 0 0  
213.942 4.75537 0.0237719 -7.08211 0 4 0 0 -6.9345  -7.14801 0 3.70215 0 0 -7.00089  -0.02552 0 0.0420379 0 0 -0.0227227  0.0914201 0 0.255812 0 0 0.0891188  0 0 0 0 0 0  
214.414 4.76634 0.0232536 -6.87298 0 4 0 0 -6.84566  -6.94807 0 3.70644 0 0 -6.93308  -0.0283464 0 0.0407353 0 0 -0.0237079  0.103437 0 0.252823 0 0 0.111134  0 0 0 0 0 0  
214.885 4.77767 0.0245144 -6.64197 0 4 0 0 -6.77031  -6.73109 0 3.69556 0 0 -6.87036  -0.0238382 0 0.042339 0 0 -0.0298928  0.112957 0 0.262104 0 0 0.129939  0 0 0 0 0 0  
215.356 4.78909 0.0240462 -6.6212 0 4 0 0 -6.72749  -6.70067 0 3.69885 0 0 -6.8225  -0.0266439 0 0.041425 0 0 -0.0365745  0.106122 0 0.259726 0 0 0.131587  0 0 0 0 0 0  
215.827 4.80034 0.02303 -6.6884 0 4 0 0 -6.66146  -6.7463 0 3.70358 0 0 -6.74476  -0.0260894 0 0.0384558 0 0 -0.0320522  0.0839893 0 0.25796 0 0 0.115352  0 0 0 0 0 0  
216.299 4.81099 0.0223288 -6.78986 0 4 0 0 -6.53575  -6.84787 0 3.7094 0 0 -6.6127  -0.0245867 0 0.0389567 0 0 -0.0240427  0.0825934 0 0.251647 0 0 0.100992  0 0 0 0 0 0  
216.77 4.82181 0.0234064 -6.89125 0 4 0 0 -6.5563  -6.96743 0 3.68984 0 0 -6.65514  -0.0287598 0 0.0362679 0 0 -0.0246554  0.104939 0 0.27389 0 0 0.123494  0 0 0 0 0 0  
217.241 4.83258 0.0226586 -6.97282 0 4 0 0 -6.68339  -7.04839 0 3.69106 0 0 -6.77788  -0.0336348 0 0.0375321 0 0 -0.0315348  0.109203 0 0.271405 0 0 0.126025  0 0 0 0 0 0  
217.712 4.84326 0.0223395 -7.19217 0 4 0 0 -6.83493  -7.25799 0 3.69703 0 0 -6.92091  -0.0348872 0 0.0396509 0 0 -0.0307877  0.100714 0 0.263323 0 0 0.116773  0 0 0 0 0 0  
218.184 4.85333 0.0207472 -7.36237 0 4 0 0 -6.97997  -7.41561 0 3.72469 0 0 -7.05687  -0.0288243 0 0.0379295 0 0 -0.0231995  0.0820684 0 0.23738 0 0 0.100095  0 0 0 0 0 0  
218.655 4.86316 0.0208927 -7.31843 0 4 0 0 -7.08804  -7.36701 0 3.72051 0 0 -7.16369  -0.0314075 0 0.0357331 0 0 -0.0257628  0.0799867 0 0.243758 0 0 0.101411  0 0 0 0 0 0  
219.126 4.87307 0.0208383 -7.29906 0 4 0 0 -7.20421  -7.34156 0 3.7356 0 0 -7.2768  -0.0268095 0 0.033985 0 0 -0.0197131  0.06931 0 0.23042 0 0 0.0923089  0 0 0 0 0 0  
219.597 4.88304 0.0209992 -7.23825 0 4 0 0 -7.38413  -7.29221 0 3.73592 0 0 -7.44841  -0.0222105 0 0.0335089 0 0 -0.0262521  0.076174 0 0.23057 0 0 0.0905356  0 0 0 0 0 0  
220.069 4.89267 0.019593 -7.33523 0 4 0 0 -7.46183  -7.37758 0 3.75615 0 0 -7.52983  -0.0240752 0 0.0337606 0 0 -0.0215768  0.0664237 0 0.210088 0 0 0.0895798  0 0 0 0 0 0  
220.54 4.90183 0.0191289 -7.37983 0 4 0 0 -7.53302  -7.42977 0 3.77339 0 0 -7.6146  -0.0190189 0 0.0294683 0 0 -0.0119987  0.0689583 0 0.197139 0 0 0.0935747  0 0 0 0 0 0  
221.011 4.91055 0.0182047 -7.38378 0 4 0 0 -7.71121  -7.42659 0 3.78585 0 0 -7.79149  -0.0164667 0 0.02961 0 0 -0.00590331  0.0592811 0 0.184543 0 0 0.0861868  0 0 0 0 0 0  
221.482 4.9188 0.0173628 -7.34042 0 4 0 0 -7.79744  -7.38133 0 3.80594 0 0 -7.86953  -0.0144028 0 0.0291276 0 0 -0.00281232  0.0553179 0 0.164934 0 0 0.0749118  0 0 0 0 0 0  
221.954 4.92675 0.0166873 -7.47914 0 4 0 0 -7.73937  -7.5311 0 3.80962 0 0 -7.81364  -0.0132427 0 0.0276864 0 0 -0.00648228  0.0651953 0 0.162697 0 0 0.0807482  0 0 0 0 0 0  
222.425 4.93453 0.0161222 -7.49018 0 4 0 0 -7.52912  -7.54308 0 3.81239 0 0 -7.60956  -0.0118979 0 0.0264475 0 0 -0.00733823  0.0647969 0 0.161165 0 0 0.0877797  0 0 0 0 0 0  
222.896 4.94216 0.0165592 -7.47697 0 4 0 0 -7.30966  -7.52863 0 3.80958 0 0 -7.3863  -0.00924742 0 0.0263841 0 0 -0.0069705  0.0609068 0 0.164039 0 0 0.0836165  0 0 0 0 0 0  
223.367 4.95039 0.0180318 -7.47671 0 4 0 0 -7.2403  -7.52505 0 3.79712 0 0 -7.31937  -0.0131357 0 0.0295358 0 0 -0.00986963  0.061478 0 0.17334 0 0 0.088943  0 0 0 0 0 0  
223.838 4.95908 0.0186692 -7.58524 0 4 0 0 -7.25478  -7.63079 0 3.79098 0 0 -7.33885  -0.0159177 0 0.0300773 0 0 -0.0120828  0.0614713 0 0.178945 0 0 0.0961536  0 0 0 0 0 0  
224.31 4.9678 0.0182844 -7.67413 0 4 0 0 -7.33604  -7.71887 0 3.7956 0 0 -7.41469  -0.0144436 0 0.0281796 0 0 -0.0077123  0.0591897 0 0.176222 0 0 0.0863617  0 0 0 0 0 0  
224.781 4.97652 0.0186645 -7.70643 0 4 0 0 -7.3147  -7.74912 0 3.79145 0 0 -7.38431  -0.0114666 0 0.0301332 0 0 -0.0088749  0.0541537 0 0.178413 0 0 0.0784814  0 0 0 0 0 0  
225.252 4.98548 0.019922 -7.70702 0 4 0 0 -7.29123  -7.75613 0 3.78081 0 0 -7.3759  -0.0122282 0 0.0316733 0 0 -0.00527691  0.0613418 0 0.187519 0 0 0.089948  0 0 0 0 0 0  
225.723 4.99488 0.0198123 -7.61414 0 4 0 0 -7.32267  -7.67542 0 3.77099 0 0 -7.41778  -0.0180958 0 0.0301062 0 0 -0.0132346  0.0793754 0 0.198905 0 0 0.108347  0 0 0 0 0 0  
226.195 5.00471 0.0214194 -7.68408 0 4 0 0 -7.44727  -7.73707 0 3.75476 0 0 -7.53712  -0.0168874 0 0.0350121 0 0 -0.00689609  0.0698759 0 0.21023 0 0 0.0967455  0 0 0 0 0 0  
