# LF_DEM version v3.0-126-gb72fb1a
# np 1000
# VF 0.76
# Lx 73.993
# Ly 0
# Lz 73.993
# flow_type shear
# data in cl units.
#1: time
#2: cumulated strain
#3: shear rate
#4-9: total stress tensor (xx, xy, xz, yz, yy, zz)
#10-15: contact stress tensor (xx, xy, xz, yz, yy, zz)
#16-21: dashpot stress tensor (xx, xy, xz, yz, yy, zz)
#22-27: hydro stress tensor (xx, xy, xz, yz, yy, zz)
#28-33: repulsion stress tensor (xx, xy, xz, yz, yy, zz)

0.0235619 0.00042402 0.017996 -0.870961 0 0.8 0 0 -0.81096  -0.969855 0 0.524192 0 0 -0.982418  -0.0504575 0 0.0187914 0 0 -0.0599731  0.149352 0 0.257017 0 0 0.231431  0 0 0 0 0 0  
2.35619 0.0421089 0.0177979 -0.946647 0 0.8 0 0 -0.882179  -1.03251 0 0.539599 0 0 -1.01101  -0.0470597 0 0.0211719 0 0 -0.0522449  0.132926 0 0.239229 0 0 0.181071  0 0 0 0 0 0  
4.71239 0.0842614 0.0179301 -0.979498 0 0.8 0 0 -0.914072  -1.05888 0 0.555197 0 0 -1.0311  -0.039369 0 0.0193878 0 0 -0.0440067  0.118754 0 0.225415 0 0 0.161033  0 0 0 0 0 0  
7.06858 0.126376 0.0180212 -0.954952 0 0.8 0 0 -0.914967  -1.02713 0 0.563449 0 0 -1.01742  -0.0404326 0 0.021806 0 0 -0.0387126  0.112613 0 0.214745 0 0 0.141167  0 0 0 0 0 0  
9.42478 0.16788 0.0173637 -0.923515 0 0.8 0 0 -0.917189  -0.992764 0 0.565983 0 0 -1.01772  -0.0433442 0 0.0200172 0 0 -0.0510774  0.112593 0 0.213999 0 0 0.151608  0 0 0 0 0 0  
11.781 0.208164 0.0167162 -0.940837 0 0.8 0 0 -0.96043  -1.00278 0 0.568022 0 0 -1.0604  -0.0393085 0 0.022473 0 0 -0.0519626  0.101255 0 0.209505 0 0 0.151933  0 0 0 0 0 0  
14.1372 0.246888 0.016085 -0.970678 0 0.8 0 0 -1.03364  -1.02811 0 0.584025 0 0 -1.13034  -0.0379314 0 0.024142 0 0 -0.0377928  0.0953638 0 0.191833 0 0 0.134492  0 0 0 0 0 0  
16.4934 0.284672 0.0159754 -1.01785 0 0.8 0 0 -1.10466  -1.07491 0 0.605984 0 0 -1.19253  -0.0332384 0 0.0222335 0 0 -0.0282225  0.0902995 0 0.171782 0 0 0.11609  0 0 0 0 0 0  
18.8496 0.322228 0.0158326 -1.01068 0 0.8 0 0 -1.09665  -1.0667 0 0.598377 0 0 -1.2023  -0.0298582 0 0.0197351 0 0 -0.0310548  0.0858754 0 0.181888 0 0 0.1367  0 0 0 0 0 0  
21.2058 0.360571 0.016461 -0.967517 0 0.8 0 0 -1.03512  -1.02489 0 0.593602 0 0 -1.14883  -0.0282057 0 0.0200909 0 0 -0.0295267  0.0855807 0 0.186307 0 0 0.143242  0 0 0 0 0 0  
23.5619 0.399093 0.0163646 -0.951148 0 0.8 0 0 -0.970185  -1.01641 0 0.593234 0 0 -1.09394  -0.0324939 0 0.0188129 0 0 -0.0246259  0.0977541 0 0.187953 0 0 0.148383  0 0 0 0 0 0  
25.9181 0.438294 0.0170803 -1.03604 0 0.8 0 0 -0.98591  -1.09031 0 0.582683 0 0 -1.11065  -0.0381163 0 0.0180246 0 0 -0.0353165  0.0923853 0 0.199293 0 0 0.160056  0 0 0 0 0 0  
28.2743 0.479222 0.0177158 -1.0928 0 0.8 0 0 -0.947929  -1.14807 0 0.581573 0 0 -1.07657  -0.0337171 0 0.0178649 0 0 -0.0306783  0.0889868 0 0.200562 0 0 0.159317  0 0 0 0 0 0  
30.6305 0.521825 0.0186911 -1.07344 0 0.8 0 0 -0.932406  -1.14568 0 0.562818 0 0 -1.07091  -0.0404412 0 0.0187277 0 0 -0.0390668  0.112678 0 0.218454 0 0 0.177572  0 0 0 0 0 0  
32.9867 0.565907 0.0184828 -1.08287 0 0.8 0 0 -0.896668  -1.16707 0 0.546936 0 0 -1.05123  -0.0421103 0 0.0221433 0 0 -0.0474892  0.126315 0 0.230921 0 0 0.20205  0 0 0 0 0 0  
35.3429 0.610169 0.0192173 -1.0781 0 0.8 0 0 -0.867548  -1.16306 0 0.539574 0 0 -1.02383  -0.0444249 0 0.0225369 0 0 -0.0441931  0.129386 0 0.237889 0 0 0.200478  0 0 0 0 0 0  
37.6991 0.655763 0.0193941 -1.09854 0 0.8 0 0 -0.871814  -1.1786 0 0.535344 0 0 -1.02091  -0.0445219 0 0.0212616 0 0 -0.0471431  0.124579 0 0.243395 0 0 0.196235  0 0 0 0 0 0  
40.0553 0.701938 0.0197588 -1.05331 0 0.8 0 0 -0.829943  -1.14338 0 0.519311 0 0 -0.968323  -0.0565541 0 0.0262426 0 0 -0.0487226  0.146627 0 0.254447 0 0 0.187102  0 0 0 0 0 0  
42.4115 0.748448 0.0196017 -1.03616 0 0.8 0 0 -0.785034  -1.11391 0 0.512038 0 0 -0.928079  -0.0541734 0 0.0267504 0 0 -0.0519047  0.131925 0 0.261211 0 0 0.194949  0 0 0 0 0 0  
44.7677 0.794019 0.0190766 -1.0324 0 0.8 0 0 -0.753085  -1.11597 0 0.519795 0 0 -0.893323  -0.0546683 0 0.025552 0 0 -0.0486896  0.138241 0 0.254653 0 0 0.188927  0 0 0 0 0 0  
47.1239 0.837951 0.0183076 -1.04615 0 0.8 0 0 -0.790112  -1.14362 0 0.530849 0 0 -0.917937  -0.0471498 0 0.0231442 0 0 -0.0497246  0.144626 0 0.246007 0 0 0.17755  0 0 0 0 0 0  
49.4801 0.880593 0.0180058 -1.06134 0 0.8 0 0 -0.843846  -1.14812 0 0.543969 0 0 -0.969649  -0.0436827 0 0.0248043 0 0 -0.0472424  0.130461 0 0.231227 0 0 0.173046  0 0 0 0 0 0  
51.8363 0.923007 0.0175585 -1.09571 0 0.8 0 0 -0.891563  -1.162 0 0.560756 0 0 -1.00465  -0.0377106 0 0.0251218 0 0 -0.0465573  0.104002 0 0.214122 0 0 0.159641  0 0 0 0 0 0  
54.1925 0.962935 0.0162577 -1.14298 0 0.8 0 0 -0.92186  -1.20074 0 0.575638 0 0 -1.02701  -0.0332594 0 0.0223893 0 0 -0.0382582  0.0910153 0 0.201972 0 0 0.14341  0 0 0 0 0 0  
56.5487 1.00037 0.0153047 -1.15198 0 0.8 0 0 -0.981096  -1.20813 0 0.59896 0 0 -1.07215  -0.0282388 0 0.0219801 0 0 -0.0320803  0.0843969 0 0.17906 0 0 0.123138  0 0 0 0 0 0  
58.9049 1.03545 0.0146159 -1.1334 0 0.8 0 0 -1.04485  -1.1922 0 0.611778 0 0 -1.13743  -0.0278137 0 0.0210947 0 0 -0.0254446  0.0866148 0 0.167127 0 0 0.118029  0 0 0 0 0 0  
61.2611 1.06984 0.0145687 -1.14499 0 0.8 0 0 -1.06771  -1.20067 0 0.606234 0 0 -1.16424  -0.025506 0 0.0206741 0 0 -0.0280977  0.0811878 0 0.173092 0 0 0.124626  0 0 0 0 0 0  
63.6173 1.10457 0.0148493 -1.1786 0 0.8 0 0 -1.10555  -1.23123 0 0.610308 0 0 -1.19719  -0.0218077 0 0.0204868 0 0 -0.024971  0.0744419 0 0.169205 0 0 0.116611  0 0 0 0 0 0  
65.9734 1.14072 0.015669 -1.2079 0 0.8 0 0 -1.13768  -1.25699 0 0.603371 0 0 -1.22557  -0.0275518 0 0.0194582 0 0 -0.032001  0.076635 0 0.177171 0 0 0.11989  0 0 0 0 0 0  
68.3296 1.17899 0.0167785 -1.20112 0 0.8 0 0 -1.13966  -1.2592 0 0.586398 0 0 -1.24415  -0.0315996 0 0.0215836 0 0 -0.0339819  0.0896859 0 0.192018 0 0 0.138476  0 0 0 0 0 0  
70.6858 1.21929 0.0175766 -1.16472 0 0.8 0 0 -1.11203  -1.22983 0 0.579561 0 0 -1.22591  -0.0337757 0 0.0218795 0 0 -0.0332479  0.0988862 0 0.19856 0 0 0.147127  0 0 0 0 0 0  
73.042 1.26164 0.0182867 -1.08898 0 0.8 0 0 -1.05838  -1.16881 0 0.571514 0 0 -1.17593  -0.0313835 0 0.0233813 0 0 -0.0290227  0.111209 0 0.205104 0 0 0.146579  0 0 0 0 0 0  
75.3982 1.30477 0.0181858 -1.00389 0 0.8 0 0 -0.929965  -1.09912 0 0.556444 0 0 -1.063  -0.0362089 0 0.022458 0 0 -0.0309302  0.131437 0 0.221098 0 0 0.163966  0 0 0 0 0 0  
77.7544 1.34704 0.0176129 -0.949219 0 0.8 0 0 -0.827045  -1.04411 0 0.533421 0 0 -0.970026  -0.0434338 0 0.019073 0 0 -0.0464083  0.138323 0 0.247506 0 0 0.189389  0 0 0 0 0 0  
80.1106 1.3881 0.0169466 -0.954019 0 0.8 0 0 -0.81235  -1.06225 0 0.531704 0 0 -0.969869  -0.05442 0 0.0183275 0 0 -0.052539  0.16265 0 0.249968 0 0 0.210058  0 0 0 0 0 0  
82.4668 1.42722 0.0162353 -1.0205 0 0.8 0 0 -0.896544  -1.10734 0 0.562131 0 0 -1.02331  -0.038312 0 0.0205148 0 0 -0.0421124  0.12515 0 0.217355 0 0 0.168878  0 0 0 0 0 0  
84.823 1.46431 0.015665 -1.07598 0 0.8 0 0 -0.98992  -1.15111 0 0.579692 0 0 -1.10923  -0.0298302 0 0.0188618 0 0 -0.039834  0.104967 0 0.201446 0 0 0.159142  0 0 0 0 0 0  
87.1792 1.50139 0.0160027 -1.07712 0 0.8 0 0 -1.0303  -1.14802 0 0.58118 0 0 -1.14892  -0.0306945 0 0.020215 0 0 -0.0343969  0.101592 0 0.198605 0 0 0.153016  0 0 0 0 0 0  
89.5354 1.54021 0.0172203 -1.05583 0 0.8 0 0 -0.967426  -1.12924 0 0.562878 0 0 -1.11595  -0.0336888 0 0.0190524 0 0 -0.037521  0.107108 0 0.21807 0 0 0.186045  0 0 0 0 0 0  
91.8916 1.58208 0.017903 -1.0176 0 0.8 0 0 -0.902378  -1.09444 0 0.553234 0 0 -1.04279  -0.0315019 0 0.0229326 0 0 -0.0317488  0.108347 0 0.223833 0 0 0.172165  0 0 0 0 0 0  
94.2478 1.62451 0.0181606 -0.932703 0 0.8 0 0 -0.871639  -1.04916 0 0.544578 0 0 -1.01241  -0.0389935 0 0.0169383 0 0 -0.0377672  0.155448 0 0.238483 0 0 0.178534  0 0 0 0 0 0  
96.604 1.66812 0.0186869 -0.870569 0 0.8 0 0 -0.885415  -0.983011 0 0.527543 0 0 -1.01422  -0.0372016 0 0.017813 0 0 -0.0435201  0.149644 0 0.254644 0 0 0.172323  0 0 0 0 0 0  
98.9602 1.71248 0.018815 -0.876715 0 0.8 0 0 -0.92571  -0.97086 0 0.533744 0 0 -1.03934  -0.0463479 0 0.0218548 0 0 -0.0480558  0.140492 0 0.244402 0 0 0.16169  0 0 0 0 0 0  
101.316 1.75714 0.0191892 -0.922081 0 0.8 0 0 -0.945037  -1.01247 0 0.54044 0 0 -1.05621  -0.0530368 0 0.0205536 0 0 -0.0482798  0.143422 0 0.239006 0 0 0.159449  0 0 0 0 0 0  
103.673 1.801 0.0173983 -0.984287 0 0.8 0 0 -0.971423  -1.05606 0 0.563905 0 0 -1.06588  -0.048812 0 0.0232507 0 0 -0.0372822  0.120582 0 0.212844 0 0 0.131738  0 0 0 0 0 0  
106.029 1.8408 0.0161334 -1.03413 0 0.8 0 0 -1.02318  -1.09967 0 0.584048 0 0 -1.11965  -0.0398206 0 0.0201061 0 0 -0.0327311  0.105362 0 0.195846 0 0 0.129207  0 0 0 0 0 0  
108.385 1.87809 0.0157168 -1.11399 0 0.8 0 0 -1.09177  -1.17857 0 0.608659 0 0 -1.18071  -0.0333999 0 0.0181203 0 0 -0.024446  0.0979802 0 0.17322 0 0 0.113384  0 0 0 0 0 0  
110.741 1.91511 0.0157791 -1.11873 0 0.8 0 0 -1.09637  -1.1741 0 0.603412 0 0 -1.17624  -0.0271122 0 0.0215941 0 0 -0.0277778  0.0824815 0 0.174994 0 0 0.107648  0 0 0 0 0 0  
113.097 1.95219 0.0157487 -1.07878 0 0.8 0 0 -1.07401  -1.13807 0 0.587329 0 0 -1.17576  -0.0318899 0 0.02296 0 0 -0.0316249  0.0911839 0 0.189711 0 0 0.133374  0 0 0 0 0 0  
115.454 1.9899 0.0164584 -1.03148 0 0.8 0 0 -1.08568  -1.10052 0 0.57854 0 0 -1.19345  -0.0322978 0 0.0180195 0 0 -0.0331778  0.101346 0 0.203441 0 0 0.140947  0 0 0 0 0 0  
117.81 2.02963 0.0172192 -0.983256 0 0.8 0 0 -1.05913  -1.04408 0 0.56433 0 0 -1.16015  -0.0384717 0 0.0200679 0 0 -0.0362211  0.0993008 0 0.215602 0 0 0.137241  0 0 0 0 0 0  
120.166 2.07064 0.0174727 -0.955112 0 0.8 0 0 -1.00539  -1.02944 0 0.558486 0 0 -1.12857  -0.0451109 0 0.018916 0 0 -0.0450073  0.119437 0 0.222598 0 0 0.168188  0 0 0 0 0 0  
122.522 2.11198 0.0178323 -0.9626 0 0.8 0 0 -0.996955  -1.03652 0 0.550431 0 0 -1.10838  -0.0403812 0 0.0223702 0 0 -0.0402708  0.114302 0 0.227199 0 0 0.151699  0 0 0 0 0 0  
124.878 2.1536 0.0172468 -0.966382 0 0.8 0 0 -0.986705  -1.04018 0 0.551621 0 0 -1.1081  -0.0363428 0 0.0210482 0 0 -0.0401923  0.110137 0 0.227331 0 0 0.161585  0 0 0 0 0 0  
127.235 2.19427 0.0173655 -0.977865 0 0.8 0 0 -1.00515  -1.06212 0 0.556257 0 0 -1.1105  -0.0395867 0 0.0190631 0 0 -0.0402138  0.123838 0 0.22468 0 0 0.145563  0 0 0 0 0 0  
129.591 2.23614 0.018108 -0.974404 0 0.8 0 0 -0.99098  -1.05823 0 0.545587 0 0 -1.08279  -0.0431842 0 0.024373 0 0 -0.0449503  0.127011 0 0.23004 0 0 0.136756  0 0 0 0 0 0  
131.947 2.27886 0.0179899 -0.924523 0 0.8 0 0 -0.966605  -1.01611 0 0.544758 0 0 -1.08258  -0.0473542 0 0.0218171 0 0 -0.0481655  0.138945 0 0.233425 0 0 0.164145  0 0 0 0 0 0  
134.303 2.3218 0.0182638 -0.884124 0 0.8 0 0 -0.9419  -0.987558 0 0.53444 0 0 -1.08445  -0.0435642 0 0.0194136 0 0 -0.049262  0.146998 0 0.246147 0 0 0.19181  0 0 0 0 0 0  
136.659 2.36499 0.0184624 -0.902493 0 0.8 0 0 -0.944481  -1.01108 0 0.541371 0 0 -1.09336  -0.0463906 0 0.0144063 0 0 -0.054105  0.154979 0 0.244223 0 0 0.202988  0 0 0 0 0 0  
139.015 2.40885 0.0188749 -0.922073 0 0.8 0 0 -0.927247  -1.02321 0 0.538191 0 0 -1.10249  -0.0389828 0 0.0149958 0 0 -0.0486101  0.140123 0 0.246813 0 0 0.223851  0 0 0 0 0 0  
141.372 2.45472 0.0199549 -0.89781 0 0.8 0 0 -0.919984  -1.00883 0 0.529702 0 0 -1.08749  -0.0494895 0 0.0156198 0 0 -0.0464087  0.160508 0 0.254679 0 0 0.21391  0 0 0 0 0 0  
143.728 2.5026 0.0205588 -0.910712 0 0.8 0 0 -0.903483  -1.02671 0 0.527803 0 0 -1.05437  -0.047496 0 0.0165077 0 0 -0.0395737  0.163494 0 0.25569 0 0 0.190459  0 0 0 0 0 0  
146.084 2.55065 0.0202955 -0.929267 0 0.8 0 0 -0.873765  -1.03034 0 0.528921 0 0 -1.00904  -0.0525914 0 0.0219803 0 0 -0.0466376  0.153666 0 0.249098 0 0 0.181914  0 0 0 0 0 0  
148.44 2.5983 0.0203558 -0.922541 0 0.8 0 0 -0.832254  -1.01626 0 0.535252 0 0 -0.970716  -0.0452575 0 0.0196034 0 0 -0.0401966  0.138972 0 0.245144 0 0 0.178658  0 0 0 0 0 0  
150.796 2.64626 0.0204912 -0.906128 0 0.8 0 0 -0.727644  -1.00337 0 0.512837 0 0 -0.908009  -0.0548667 0 0.0166333 0 0 -0.0494035  0.152112 0 0.27053 0 0 0.229769  0 0 0 0 0 0  
153.153 2.69417 0.020305 -0.890455 0 0.8 0 0 -0.690644  -0.996398 0 0.506454 0 0 -0.879517  -0.0618063 0 0.0138871 0 0 -0.0600621  0.167749 0 0.279659 0 0 0.248935  0 0 0 0 0 0  
155.509 2.74163 0.0199357 -0.91756 0 0.8 0 0 -0.70965  -1.01156 0 0.509053 0 0 -0.887004  -0.0599833 0 0.0163096 0 0 -0.0570972  0.153987 0 0.274638 0 0 0.234451  0 0 0 0 0 0  
157.865 2.7871 0.0188582 -0.955099 0 0.8 0 0 -0.800293  -1.04224 0 0.534725 0 0 -0.943789  -0.0567599 0 0.0190371 0 0 -0.0504854  0.143901 0 0.246238 0 0 0.193982  0 0 0 0 0 0  
160.221 2.83184 0.0189365 -0.940201 0 0.8 0 0 -0.851422  -1.02955 0 0.53238 0 0 -0.971934  -0.0540027 0 0.0175691 0 0 -0.0523331  0.143352 0 0.250051 0 0 0.172846  0 0 0 0 0 0  
162.577 2.87571 0.0181843 -0.935677 0 0.8 0 0 -0.900431  -1.01908 0 0.539673 0 0 -1.0068  -0.0545088 0 0.023237 0 0 -0.0515558  0.137913 0 0.23709 0 0 0.157921  0 0 0 0 0 0  
164.934 2.91858 0.0179923 -0.932811 0 0.8 0 0 -0.93226  -1.00688 0 0.546515 0 0 -1.0416  -0.05343 0 0.0203597 0 0 -0.0480734  0.127502 0 0.233125 0 0 0.157416  0 0 0 0 0 0  
167.29 2.96035 0.0175896 -0.968334 0 0.8 0 0 -0.966488  -1.03156 0 0.564538 0 0 -1.07095  -0.0459301 0 0.0199861 0 0 -0.0414735  0.109158 0 0.215476 0 0 0.145935  0 0 0 0 0 0  
169.646 3.00132 0.0175021 -1.01533 0 0.8 0 0 -1.00814  -1.08265 0 0.578726 0 0 -1.10259  -0.0449352 0 0.0187686 0 0 -0.0346913  0.112254 0 0.202505 0 0 0.129142  0 0 0 0 0 0  
172.002 3.04419 0.0186208 -1.04801 0 0.8 0 0 -0.992049  -1.11608 0 0.561826 0 0 -1.08488  -0.0419688 0 0.0190945 0 0 -0.0456902  0.11003 0 0.219079 0 0 0.138525  0 0 0 0 0 0  
174.358 3.08795 0.0179828 -1.05403 0 0.8 0 0 -0.955682  -1.11369 0 0.551529 0 0 -1.05357  -0.0450876 0 0.0207158 0 0 -0.0568183  0.104749 0 0.227755 0 0 0.154708  0 0 0 0 0 0  
176.715 3.13023 0.0176571 -1.01797 0 0.8 0 0 -0.912773  -1.08152 0 0.558792 0 0 -1.01548  -0.0425954 0 0.0184827 0 0 -0.0445809  0.10614 0 0.222725 0 0 0.147291  0 0 0 0 0 0  
179.071 3.17201 0.0174965 -0.973642 0 0.8 0 0 -0.89906  -1.05178 0 0.557543 0 0 -1.00092  -0.0427288 0 0.0148762 0 0 -0.0428136  0.120866 0 0.227581 0 0 0.144675  0 0 0 0 0 0  
181.427 3.21252 0.0169383 -1.0276 0 0.8 0 0 -0.959996  -1.09442 0 0.568296 0 0 -1.05263  -0.043224 0 0.0170895 0 0 -0.0463842  0.110041 0 0.214615 0 0 0.139014  0 0 0 0 0 0  
183.783 3.25216 0.0169437 -1.0591 0 0.8 0 0 -1.00811  -1.12117 0 0.581114 0 0 -1.08776  -0.0357518 0 0.0202324 0 0 -0.0407597  0.097821 0 0.198654 0 0 0.120408  0 0 0 0 0 0  
186.139 3.29193 0.0167496 -1.03366 0 0.8 0 0 -1.02801  -1.10216 0 0.572935 0 0 -1.12673  -0.0408169 0 0.0175512 0 0 -0.0439585  0.109317 0 0.209513 0 0 0.142675  0 0 0 0 0 0  
188.496 3.33101 0.0166143 -0.966777 0 0.8 0 0 -1.03818  -1.05371 0 0.565215 0 0 -1.15309  -0.0415426 0 0.0157107 0 0 -0.0441251  0.128472 0 0.219075 0 0 0.159036  0 0 0 0 0 0  
190.852 3.37053 0.016682 -0.931167 0 0.8 0 0 -1.073  -1.01495 0 0.564517 0 0 -1.18971  -0.038568 0 0.0170469 0 0 -0.0477408  0.122354 0 0.218436 0 0 0.164453  0 0 0 0 0 0  
193.208 3.41085 0.017287 -0.944222 0 0.8 0 0 -1.10406  -1.01844 0 0.56805 0 0 -1.21248  -0.038241 0 0.0190837 0 0 -0.0443692  0.112456 0 0.212866 0 0 0.152784  0 0 0 0 0 0  
195.564 3.45226 0.0176519 -0.950541 0 0.8 0 0 -1.09568  -1.02011 0 0.562474 0 0 -1.20435  -0.0411957 0 0.0200087 0 0 -0.0416879  0.110762 0 0.217517 0 0 0.150353  0 0 0 0 0 0  
197.92 3.49363 0.01735 -0.974956 0 0.8 0 0 -1.04952  -1.04759 0 0.569421 0 0 -1.16546  -0.0366316 0 0.0210953 0 0 -0.0356236  0.109261 0 0.209484 0 0 0.151562  0 0 0 0 0 0  
200.277 3.53344 0.0162105 -1.01537 0 0.8 0 0 -1.07584  -1.07996 0 0.583063 0 0 -1.17735  -0.0326493 0 0.0219145 0 0 -0.0370197  0.0972458 0 0.195022 0 0 0.138532  0 0 0 0 0 0  
202.633 3.57059 0.0154977 -1.07588 0 0.8 0 0 -1.10162  -1.13874 0 0.605471 0 0 -1.19783  -0.0307689 0 0.0200876 0 0 -0.0289667  0.0936258 0 0.174441 0 0 0.125167  0 0 0 0 0 0  
204.989 3.6067 0.0151945 -1.09586 0 0.8 0 0 -1.08652  -1.15822 0 0.597858 0 0 -1.19287  -0.0334955 0 0.0183117 0 0 -0.0339176  0.0958558 0 0.18383 0 0 0.140263  0 0 0 0 0 0  
207.345 3.64161 0.0143899 -1.12335 0 0.8 0 0 -1.12858  -1.18352 0 0.6098 0 0 -1.22137  -0.0332067 0 0.0190122 0 0 -0.0274722  0.0933761 0 0.171188 0 0 0.120255  0 0 0 0 0 0  
209.701 3.67624 0.0150018 -1.13226 0 0.8 0 0 -1.14926  -1.20587 0 0.610456 0 0 -1.24723  -0.0279783 0 0.0166086 0 0 -0.029222  0.101582 0 0.172936 0 0 0.127192  0 0 0 0 0 0  
212.058 3.71208 0.0153417 -1.12638 0 0.8 0 0 -1.15277  -1.20408 0 0.599011 0 0 -1.25198  -0.0311728 0 0.0180786 0 0 -0.0388838  0.108872 0 0.182911 0 0 0.138089  0 0 0 0 0 0  
214.414 3.7483 0.015498 -1.08229 0 0.8 0 0 -1.13828  -1.17454 0 0.585725 0 0 -1.25437  -0.034296 0 0.0187648 0 0 -0.0378605  0.126541 0 0.19551 0 0 0.153958  0 0 0 0 0 0  
216.77 3.78498 0.0154487 -1.0736 0 0.8 0 0 -1.14891  -1.14544 0 0.581904 0 0 -1.25261  -0.0299587 0 0.0222358 0 0 -0.0334378  0.101801 0 0.195861 0 0 0.137135  0 0 0 0 0 0  
219.126 3.82175 0.0158685 -1.05785 0 0.8 0 0 -1.15172  -1.1387 0 0.579974 0 0 -1.2542  -0.03297 0 0.0205272 0 0 -0.0335086  0.113817 0 0.199499 0 0 0.135988  0 0 0 0 0 0  
221.482 3.85912 0.0156142 -1.05837 0 0.8 0 0 -1.13043  -1.13165 0 0.577596 0 0 -1.22649  -0.0297499 0 0.020002 0 0 -0.0311935  0.103029 0 0.202402 0 0 0.127252  0 0 0 0 0 0  
223.838 3.89511 0.0151348 -1.07632 0 0.8 0 0 -1.10446  -1.15681 0 0.586306 0 0 -1.19495  -0.0255344 0 0.0214497 0 0 -0.0282219  0.106021 0 0.192244 0 0 0.118711  0 0 0 0 0 0  
226.195 3.93075 0.0150668 -1.06896 0 0.8 0 0 -1.10679  -1.14371 0 0.594329 0 0 -1.2064  -0.0266741 0 0.0202525 0 0 -0.0299194  0.101425 0 0.185418 0 0 0.129531  0 0 0 0 0 0  
228.551 3.96586 0.0145032 -1.05723 0 0.8 0 0 -1.09624  -1.12587 0 0.590224 0 0 -1.2123  -0.0321755 0 0.0206544 0 0 -0.0298948  0.10081 0 0.189122 0 0 0.145957  0 0 0 0 0 0  
230.907 3.99937 0.0139905 -1.08537 0 0.8 0 0 -1.09591  -1.14766 0 0.59766 0 0 -1.21209  -0.0294334 0 0.0183216 0 0 -0.0247174  0.0917266 0 0.184018 0 0 0.140898  0 0 0 0 0 0  
233.263 4.03325 0.0148182 -1.12682 0 0.8 0 0 -1.08552  -1.18055 0 0.598043 0 0 -1.19916  -0.0304294 0 0.019839 0 0 -0.0227212  0.0841614 0 0.182118 0 0 0.136355  0 0 0 0 0 0  
235.619 4.06872 0.0152954 -1.13611 0 0.8 0 0 -1.06222  -1.18818 0 0.588625 0 0 -1.17095  -0.0310722 0 0.0225822 0 0 -0.0222505  0.0831469 0 0.188793 0 0 0.130978  0 0 0 0 0 0  
237.976 4.10592 0.0160273 -1.12764 0 0.8 0 0 -1.00228  -1.18016 0 0.579262 0 0 -1.11605  -0.0265865 0 0.0196209 0 0 -0.0209187  0.0791141 0 0.201117 0 0 0.134694  0 0 0 0 0 0  
240.332 4.14376 0.0161314 -1.12792 0 0.8 0 0 -0.97581  -1.17771 0 0.583109 0 0 -1.09407  -0.025831 0 0.0229094 0 0 -0.0207197  0.0756233 0 0.193981 0 0 0.138974  0 0 0 0 0 0  
242.688 4.18242 0.0166927 -1.084 0 0.8 0 0 -0.920601  -1.15321 0 0.563867 0 0 -1.08002  -0.0305283 0 0.0190812 0 0 -0.0296099  0.0997377 0 0.217052 0 0 0.189025  0 0 0 0 0 0  
245.044 4.22223 0.0170365 -1.06792 0 0.8 0 0 -0.876661  -1.15071 0 0.542372 0 0 -1.05566  -0.0363302 0 0.0181046 0 0 -0.0443873  0.119122 0 0.239523 0 0 0.223388  0 0 0 0 0 0  
247.4 4.26271 0.017549 -1.12361 0 0.8 0 0 -0.855536  -1.19843 0 0.54214 0 0 -1.02586  -0.0327286 0 0.0206142 0 0 -0.0366585  0.107552 0 0.237246 0 0 0.20698  0 0 0 0 0 0  
249.757 4.30468 0.0178569 -1.16902 0 0.8 0 0 -0.888541  -1.23299 0 0.545839 0 0 -1.03539  -0.0325334 0 0.0235594 0 0 -0.04075  0.0965012 0 0.230602 0 0 0.187601  0 0 0 0 0 0  
252.113 4.34704 0.018059 -1.15429 0 0.8 0 0 -0.892451  -1.22428 0 0.549154 0 0 -1.03677  -0.0357114 0 0.0219083 0 0 -0.0405209  0.105705 0 0.228937 0 0 0.184843  0 0 0 0 0 0  
254.469 4.39009 0.0183123 -1.14706 0 0.8 0 0 -0.946064  -1.20908 0 0.548048 0 0 -1.08647  -0.0366887 0 0.0211541 0 0 -0.0493568  0.0987029 0 0.230798 0 0 0.189766  0 0 0 0 0 0  
256.825 4.43351 0.0186381 -1.1011 0 0.8 0 0 -0.998228  -1.17244 0 0.549101 0 0 -1.13758  -0.0389165 0 0.0180523 0 0 -0.0498597  0.110259 0 0.232847 0 0 0.189213  0 0 0 0 0 0  
259.181 4.47819 0.0193343 -1.03119 0 0.8 0 0 -1.02798  -1.10225 0 0.552656 0 0 -1.14269  -0.0372503 0 0.0249412 0 0 -0.0402094  0.108312 0 0.222403 0 0 0.154928  0 0 0 0 0 0  
261.538 4.52527 0.0203355 -0.902745 0 0.8 0 0 -0.945301  -0.982897 0 0.530612 0 0 -1.07521  -0.0427844 0 0.0220302 0 0 -0.050221  0.122936 0 0.247357 0 0 0.180135  0 0 0 0 0 0  
263.894 4.57283 0.0196876 -0.772406 0 0.8 0 0 -0.818926  -0.893014 0 0.503836 0 0 -0.981744  -0.0560489 0 0.0219275 0 0 -0.0633353  0.176656 0 0.274236 0 0 0.226154  0 0 0 0 0 0  
266.25 4.61805 0.0189495 -0.773646 0 0.8 0 0 -0.80061  -0.900941 0 0.513352 0 0 -0.970685  -0.0606806 0 0.0183484 0 0 -0.061813  0.187976 0 0.268299 0 0 0.231888  0 0 0 0 0 0  
268.606 4.6622 0.0187236 -0.790007 0 0.8 0 0 -0.821676  -0.905756 0 0.524203 0 0 -0.984861  -0.0576433 0 0.0175407 0 0 -0.0591946  0.173393 0 0.258256 0 0 0.222379  0 0 0 0 0 0  
270.962 4.70539 0.0178308 -0.848359 0 0.8 0 0 -0.895796  -0.93005 0 0.547472 0 0 -1.02837  -0.0504527 0 0.0213269 0 0 -0.0508234  0.132143 0 0.231202 0 0 0.183396  0 0 0 0 0 0  
273.319 4.74713 0.0178125 -0.87801 0 0.8 0 0 -0.939886  -0.95135 0 0.561619 0 0 -1.0595  -0.0477388 0 0.0187629 0 0 -0.0456274  0.121079 0 0.219619 0 0 0.165239  0 0 0 0 0 0  
275.675 4.7896 0.0184511 -0.883553 0 0.8 0 0 -0.938966  -0.969838 0 0.559032 0 0 -1.05196  -0.0408653 0 0.018902 0 0 -0.0431494  0.12715 0 0.222066 0 0 0.15614  0 0 0 0 0 0  
278.031 4.83462 0.0197897 -0.886515 0 0.8 0 0 -0.901249  -0.963818 0 0.535344 0 0 -1.02326  -0.0408638 0 0.0190888 0 0 -0.0481086  0.118166 0 0.245567 0 0 0.170117  0 0 0 0 0 0  
280.387 4.88239 0.0206344 -0.873591 0 0.8 0 0 -0.869435  -0.949035 0 0.521111 0 0 -0.997133  -0.0515313 0 0.0193595 0 0 -0.0585174  0.126976 0 0.259529 0 0 0.186216  0 0 0 0 0 0  
282.743 4.93057 0.0201448 -0.909089 0 0.8 0 0 -0.876352  -0.994351 0 0.532485 0 0 -1.01381  -0.0522635 0 0.0216381 0 0 -0.0509671  0.137525 0 0.245877 0 0 0.188429  0 0 0 0 0 0  
285.1 4.97619 0.0189232 -0.997992 0 0.8 0 0 -0.94446  -1.07814 0 0.548047 0 0 -1.06516  -0.0463419 0 0.0199464 0 0 -0.0494247  0.126487 0 0.232007 0 0 0.170127  0 0 0 0 0 0  
287.456 5.02032 0.0187125 -1.08382 0 0.8 0 0 -1.00979  -1.15175 0 0.5577 0 0 -1.11538  -0.0390499 0 0.0220063 0 0 -0.0465996  0.10698 0 0.220293 0 0 0.152193  0 0 0 0 0 0  
