# LF_DEM version v3.0-126-gb72fb1a
# np 1000
# VF 0.76
# Lx 73.993
# Ly 0
# Lz 73.993
# flow_type shear
# data in cl units.
#1: time
#2: cumulated strain
#3: shear rate
#4-9: total stress tensor (xx, xy, xz, yz, yy, zz)
#10-15: contact stress tensor (xx, xy, xz, yz, yy, zz)
#16-21: dashpot stress tensor (xx, xy, xz, yz, yy, zz)
#22-27: hydro stress tensor (xx, xy, xz, yz, yy, zz)
#28-33: repulsion stress tensor (xx, xy, xz, yz, yy, zz)

0.00628319 0.00042402 0.0674849 -3.2661 0 3 0 0 -3.0411  -3.63696 0 1.96572 0 0 -3.68407  -0.189216 0 0.0704678 0 0 -0.224899  0.560068 0 0.963813 0 0 0.867867  0 0 0 0 0 0  
0.628319 0.0314212 0.044717 -3.75056 0 3 0 0 -3.54758  -3.96893 0 2.33754 0 0 -3.88155  -0.108976 0 0.051564 0 0 -0.132216  0.327342 0 0.610892 0 0 0.466186  0 0 0 0 0 0  
1.25664 0.0569278 0.0373386 -4.1572 0 3 0 0 -4.02864  -4.32267 0 2.49936 0 0 -4.27883  -0.0815522 0 0.0436529 0 0 -0.0899606  0.247015 0 0.456982 0 0 0.340151  0 0 0 0 0 0  
1.88496 0.0788062 0.0329846 -4.49291 0 3 0 0 -4.2284  -4.62851 0 2.5721 0 0 -4.42791  -0.0541563 0 0.0386368 0 0 -0.0702916  0.189753 0 0.389263 0 0 0.269802  0 0 0 0 0 0  
2.51327 0.098946 0.0319346 -4.66882 0 3 0 0 -4.38309  -4.78831 0 2.58017 0 0 -4.54065  -0.0599652 0 0.0413901 0 0 -0.0797799  0.179459 0 0.37844 0 0 0.237348  0 0 0 0 0 0  
3.14159 0.119073 0.0315337 -4.80214 0 3 0 0 -4.48004  -4.91536 0 2.60012 0 0 -4.63551  -0.0647773 0 0.0404593 0 0 -0.0702314  0.178002 0 0.359416 0 0 0.2257  0 0 0 0 0 0  
3.76991 0.138552 0.0309277 -4.8699 0 3 0 0 -4.5995  -4.96524 0 2.61736 0 0 -4.72672  -0.0487538 0 0.0433895 0 0 -0.057499  0.144097 0 0.339247 0 0 0.184721  0 0 0 0 0 0  
4.39823 0.157719 0.0298818 -4.89494 0 3 0 0 -4.77714  -4.98302 0 2.63199 0 0 -4.87745  -0.0377561 0 0.0449286 0 0 -0.0538397  0.125838 0 0.32308 0 0 0.154155  0 0 0 0 0 0  
5.02655 0.176185 0.0286139 -4.84954 0 3 0 0 -4.9152  -4.9202 0 2.65587 0 0 -5.0112  -0.0369682 0 0.0444311 0 0 -0.0483564  0.107625 0 0.299694 0 0 0.14435  0 0 0 0 0 0  
5.65487 0.193704 0.027402 -4.84817 0 3 0 0 -4.97013  -4.90558 0 2.67226 0 0 -5.06116  -0.0327275 0 0.0460884 0 0 -0.040252  0.0901363 0 0.281648 0 0 0.131282  0 0 0 0 0 0  
6.28319 0.210783 0.0272386 -4.88086 0 3 0 0 -4.96655  -4.95225 0 2.67988 0 0 -5.06533  -0.0262466 0 0.0452238 0 0 -0.0348345  0.0976382 0 0.274895 0 0 0.133612  0 0 0 0 0 0  
6.9115 0.228095 0.0283053 -4.89392 0 3 0 0 -5.05624  -4.96893 0 2.66023 0 0 -5.15397  -0.0334475 0 0.0472649 0 0 -0.0408114  0.108458 0 0.292505 0 0 0.138547  0 0 0 0 0 0  
7.53982 0.245978 0.0286047 -4.92288 0 3 0 0 -4.972  -5.01459 0 2.63158 0 0 -5.10063  -0.0282599 0 0.0501204 0 0 -0.0331602  0.119967 0 0.318295 0 0 0.161797  0 0 0 0 0 0  
8.16814 0.263927 0.0281997 -4.84844 0 3 0 0 -4.96782  -4.9454 0 2.63248 0 0 -5.09256  -0.0329435 0 0.0490083 0 0 -0.0333817  0.12991 0 0.318508 0 0 0.158128  0 0 0 0 0 0  
8.79646 0.281297 0.0272641 -4.84719 0 3 0 0 -4.95811  -4.94614 0 2.65717 0 0 -5.08079  -0.0311409 0 0.0440016 0 0 -0.0303662  0.130096 0 0.298831 0 0 0.153049  0 0 0 0 0 0  
9.42478 0.298594 0.0281501 -4.92084 0 3 0 0 -4.93434  -5.00215 0 2.65465 0 0 -5.03997  -0.0292423 0 0.0447169 0 0 -0.0366318  0.110548 0 0.30063 0 0 0.142266  0 0 0 0 0 0  
10.0531 0.316697 0.0294896 -4.89085 0 3 0 0 -4.88528  -4.97135 0 2.64196 0 0 -4.99945  -0.0272945 0 0.0488767 0 0 -0.0338226  0.107791 0 0.309167 0 0 0.147997  0 0 0 0 0 0  
10.6814 0.334895 0.0291399 -4.78792 0 3 0 0 -4.73084  -4.86165 0 2.64452 0 0 -4.85141  -0.0249833 0 0.0524647 0 0 -0.0348845  0.0987166 0 0.303014 0 0 0.155458  0 0 0 0 0 0  
11.3097 0.35385 0.0308156 -4.68124 0 3 0 0 -4.56195  -4.76031 0 2.6269 0 0 -4.69988  -0.0323855 0 0.0480228 0 0 -0.0394259  0.111455 0 0.325073 0 0 0.177357  0 0 0 0 0 0  
11.9381 0.373473 0.0308983 -4.53458 0 3 0 0 -4.59486  -4.62479 0 2.60353 0 0 -4.76752  -0.0452914 0 0.0454327 0 0 -0.0462943  0.135494 0 0.351035 0 0 0.218958  0 0 0 0 0 0  
12.5664 0.392538 0.0296225 -4.60222 0 3 0 0 -4.74147  -4.67668 0 2.61588 0 0 -4.90915  -0.0459424 0 0.0403333 0 0 -0.0363224  0.120405 0 0.343791 0 0 0.203994  0 0 0 0 0 0  
13.1947 0.41099 0.0291595 -4.6711 0 3 0 0 -4.91978  -4.73039 0 2.61421 0 0 -5.06951  -0.0600928 0 0.0413534 0 0 -0.0467151  0.11938 0 0.344437 0 0 0.196446  0 0 0 0 0 0  
13.823 0.428913 0.0280501 -4.85588 0 3 0 0 -5.01714  -4.88958 0 2.64379 0 0 -5.1455  -0.0627559 0 0.0435524 0 0 -0.0421121  0.096465 0 0.31266 0 0 0.170472  0 0 0 0 0 0  
14.4513 0.445936 0.02666 -5.03319 0 3 0 0 -5.14496  -5.07119 0 2.67142 0 0 -5.26532  -0.0558499 0 0.0398659 0 0 -0.0403151  0.0938492 0 0.28871 0 0 0.160683  0 0 0 0 0 0  
15.0796 0.461777 0.0243662 -5.05646 0 3 0 0 -5.19069  -5.10349 0 2.70297 0 0 -5.29487  -0.0414956 0 0.037741 0 0 -0.0308599  0.0885221 0 0.259293 0 0 0.13504  0 0 0 0 0 0  
15.708 0.477041 0.0248015 -5.01605 0 3 0 0 -5.21198  -5.06404 0 2.70509 0 0 -5.31067  -0.0364879 0 0.037141 0 0 -0.0250105  0.0844767 0 0.257764 0 0 0.1237  0 0 0 0 0 0  
16.3363 0.492295 0.0243815 -4.84342 0 3 0 0 -5.19877  -4.89792 0 2.7175 0 0 -5.30518  -0.0328629 0 0.0349389 0 0 -0.021093  0.0873628 0 0.24756 0 0 0.127509  0 0 0 0 0 0  
16.9646 0.508402 0.0272021 -4.72043 0 3 0 0 -5.12288  -4.78102 0 2.66293 0 0 -5.2669  -0.038616 0 0.0387583 0 0 -0.0311574  0.0992069 0 0.298311 0 0 0.175172  0 0 0 0 0 0  
17.5929 0.525793 0.0277993 -4.5902 0 3 0 0 -5.04139  -4.68303 0 2.63499 0 0 -5.20299  -0.0421619 0 0.0418257 0 0 -0.0376752  0.13499 0 0.323188 0 0 0.199275  0 0 0 0 0 0  
18.2212 0.543432 0.0285426 -4.63509 0 3 0 0 -4.97325  -4.71987 0 2.60941 0 0 -5.13858  -0.0416305 0 0.0459877 0 0 -0.041046  0.12641 0 0.344599 0 0 0.206373  0 0 0 0 0 0  
18.8496 0.561622 0.0287746 -4.74166 0 3 0 0 -5.10059  -4.82348 0 2.60764 0 0 -5.27314  -0.0431247 0 0.0481236 0 0 -0.0421876  0.124942 0 0.34424 0 0 0.214736  0 0 0 0 0 0  
19.4779 0.57933 0.0269936 -4.84737 0 3 0 0 -5.25174  -4.92489 0 2.62744 0 0 -5.38902  -0.0475359 0 0.0462782 0 0 -0.0415204  0.125051 0 0.326283 0 0 0.178795  0 0 0 0 0 0  
20.1062 0.595919 0.0257841 -4.95017 0 3 0 0 -5.31858  -5.03339 0 2.66866 0 0 -5.44859  -0.0467482 0 0.0405152 0 0 -0.0360057  0.129972 0 0.290824 0 0 0.166016  0 0 0 0 0 0  
20.7345 0.612086 0.0256221 -5.03927 0 3 0 0 -5.32655  -5.10598 0 2.67021 0 0 -5.44703  -0.0465715 0 0.0383604 0 0 -0.0368756  0.113282 0 0.291433 0 0 0.157355  0 0 0 0 0 0  
21.3628 0.628281 0.0258453 -5.18394 0 3 0 0 -5.27532  -5.2559 0 2.67253 0 0 -5.38674  -0.0471289 0 0.0406083 0 0 -0.0388441  0.119088 0 0.286858 0 0 0.15026  0 0 0 0 0 0  
21.9911 0.644526 0.0257239 -5.1436 0 3 0 0 -5.29029  -5.21873 0 2.68386 0 0 -5.40603  -0.0450361 0 0.0431502 0 0 -0.0417894  0.120169 0 0.272989 0 0 0.157533  0 0 0 0 0 0  
22.6195 0.659851 0.0232609 -5.20288 0 3 0 0 -5.34218  -5.26443 0 2.72741 0 0 -5.44105  -0.0381809 0 0.0378162 0 0 -0.0374843  0.0997324 0 0.234777 0 0 0.136348  0 0 0 0 0 0  
23.2478 0.674054 0.0216585 -5.19215 0 3 0 0 -5.33612  -5.25207 0 2.74298 0 0 -5.4396  -0.0378998 0 0.0358608 0 0 -0.0263423  0.0978216 0 0.221159 0 0 0.12982  0 0 0 0 0 0  
23.8761 0.687411 0.0209578 -5.16422 0 3 0 0 -5.25719  -5.22504 0 2.74626 0 0 -5.36873  -0.0416412 0 0.0324768 0 0 -0.0202838  0.102461 0 0.221267 0 0 0.131817  0 0 0 0 0 0  
24.5044 0.700705 0.0214267 -5.23348 0 3 0 0 -5.16044  -5.29554 0 2.7466 0 0 -5.28661  -0.0269272 0 0.0308841 0 0 -0.0112028  0.0889845 0 0.222519 0 0 0.137375  0 0 0 0 0 0  
25.1327 0.714234 0.0216569 -5.25885 0 3 0 0 -5.12674  -5.323 0 2.74436 0 0 -5.2465  -0.021213 0 0.0310705 0 0 -0.00593035  0.08537 0 0.224571 0 0 0.125685  0 0 0 0 0 0  
25.7611 0.727681 0.0214007 -5.22266 0 3 0 0 -5.02907  -5.27818 0 2.7358 0 0 -5.14414  -0.0232143 0 0.0294339 0 0 -0.0110489  0.0787271 0 0.23477 0 0 0.126119  0 0 0 0 0 0  
26.3894 0.741285 0.0217177 -5.25942 0 3 0 0 -4.95289  -5.3281 0 2.72148 0 0 -5.07742  -0.0325096 0 0.0291743 0 0 -0.0153009  0.10119 0 0.249349 0 0 0.139831  0 0 0 0 0 0  
27.0177 0.754833 0.0216671 -5.42282 0 3 0 0 -4.91044  -5.49104 0 2.72387 0 0 -5.02887  -0.028397 0 0.0327863 0 0 -0.0134334  0.0966187 0 0.243339 0 0 0.13186  0 0 0 0 0 0  
27.646 0.768826 0.0223531 -5.59777 0 3 0 0 -4.9261  -5.66102 0 2.72065 0 0 -5.04432  -0.0310979 0 0.0329774 0 0 -0.0216354  0.0943498 0 0.24637 0 0 0.139847  0 0 0 0 0 0  
28.2743 0.783095 0.0230431 -5.77594 0 3 0 0 -4.92119  -5.8468 0 2.70896 0 0 -5.04399  -0.0352536 0 0.0322949 0 0 -0.02423  0.106117 0 0.258744 0 0 0.147032  0 0 0 0 0 0  
28.9027 0.797582 0.022935 -5.85272 0 3 0 0 -5.00018  -5.9321 0 2.71677 0 0 -5.1147  -0.030991 0 0.0339778 0 0 -0.0211192  0.110366 0 0.249254 0 0 0.135649  0 0 0 0 0 0  
29.531 0.811866 0.0226573 -5.85171 0 3 0 0 -5.14415  -5.92999 0 2.72158 0 0 -5.24971  -0.0307643 0 0.0342153 0 0 -0.0174593  0.109048 0 0.244208 0 0 0.123023  0 0 0 0 0 0  
30.1593 0.82613 0.0224071 -5.81737 0 3 0 0 -5.19704  -5.89303 0 2.732 0 0 -5.31715  -0.0314539 0 0.0311442 0 0 -0.0174094  0.107117 0 0.23686 0 0 0.137524  0 0 0 0 0 0  
30.7876 0.840342 0.0231394 -5.70453 0 3 0 0 -5.14885  -5.77735 0 2.71584 0 0 -5.28194  -0.0336958 0 0.0328104 0 0 -0.0198797  0.106517 0 0.251351 0 0 0.152971  0 0 0 0 0 0  
31.4159 0.855494 0.0250704 -5.63181 0 3 0 0 -5.17279  -5.69997 0 2.70034 0 0 -5.31467  -0.0383343 0 0.0368366 0 0 -0.0253536  0.1065 0 0.26282 0 0 0.167232  0 0 0 0 0 0  
32.0442 0.870878 0.02526 -5.62733 0 3 0 0 -5.17649  -5.70708 0 2.70438 0 0 -5.31971  -0.0343743 0 0.0344564 0 0 -0.0150364  0.114122 0 0.261165 0 0 0.158262  0 0 0 0 0 0  
32.6726 0.886681 0.0260102 -5.58281 0 3 0 0 -5.11398  -5.6702 0 2.69055 0 0 -5.25594  -0.031275 0 0.0389499 0 0 -0.0198955  0.118661 0 0.270504 0 0 0.161858  0 0 0 0 0 0  
33.3009 0.903513 0.0279056 -5.267 0 3 0 0 -4.91059  -5.3691 0 2.64539 0 0 -5.06663  -0.0431523 0 0.0428876 0 0 -0.0250143  0.145258 0 0.311727 0 0 0.181062  0 0 0 0 0 0  
33.9292 0.921336 0.0283444 -5.0107 0 3 0 0 -4.72066  -5.12922 0 2.62215 0 0 -4.90652  -0.0494261 0 0.0430291 0 0 -0.0364942  0.167947 0 0.334819 0 0 0.222359  0 0 0 0 0 0  
34.5575 0.939473 0.0288601 -4.73652 0 3 0 0 -4.40047  -4.88322 0 2.60069 0 0 -4.61659  -0.0514991 0 0.0450274 0 0 -0.0355684  0.198201 0 0.354279 0 0 0.251692  0 0 0 0 0 0  
35.1858 0.957819 0.0289974 -4.67126 0 3 0 0 -4.2574  -4.81571 0 2.57812 0 0 -4.49923  -0.0519315 0 0.0438289 0 0 -0.0345845  0.196386 0 0.378049 0 0 0.276414  0 0 0 0 0 0  
35.8142 0.976226 0.0287539 -4.69674 0 3 0 0 -4.18501  -4.83368 0 2.59085 0 0 -4.39793  -0.0444374 0 0.0473155 0 0 -0.0308024  0.181376 0 0.361836 0 0 0.243718  0 0 0 0 0 0  
36.4425 0.994466 0.0290499 -4.72548 0 3 0 0 -4.19971  -4.84801 0 2.61074 0 0 -4.39725  -0.0496642 0 0.0479313 0 0 -0.0355381  0.172196 0 0.341327 0 0 0.233085  0 0 0 0 0 0  
37.0708 1.01267 0.0292766 -4.70963 0 3 0 0 -4.15664  -4.8346 0 2.61912 0 0 -4.3528  -0.0426465 0 0.0448113 0 0 -0.0329973  0.167608 0 0.33607 0 0 0.229155  0 0 0 0 0 0  
37.6991 1.03 0.0264643 -4.68859 0 3 0 0 -4.19372  -4.8234 0 2.6188 0 0 -4.42681  -0.0449296 0 0.0394182 0 0 -0.0491033  0.179733 0 0.341778 0 0 0.282193  0 0 0 0 0 0  
38.3274 1.04682 0.0270587 -4.69299 0 3 0 0 -4.19671  -4.82997 0 2.60409 0 0 -4.41944  -0.0434788 0 0.0408616 0 0 -0.0440298  0.180463 0 0.355046 0 0 0.266767  0 0 0 0 0 0  
38.9557 1.06373 0.0256422 -4.79516 0 3 0 0 -4.30342  -4.89541 0 2.63393 0 0 -4.46419  -0.0479346 0 0.0439435 0 0 -0.035306  0.148193 0 0.322126 0 0 0.196075  0 0 0 0 0 0  
39.5841 1.07931 0.0236003 -4.87347 0 3 0 0 -4.53233  -4.96655 0 2.65285 0 0 -4.68067  -0.0466028 0 0.0382939 0 0 -0.0338136  0.139676 0 0.308855 0 0 0.182152  0 0 0 0 0 0  
40.2124 1.09339 0.0216757 -4.80685 0 3 0 0 -4.76801  -4.90551 0 2.70283 0 0 -4.90936  -0.0415811 0 0.0310086 0 0 -0.0265813  0.140242 0 0.266158 0 0 0.167923  0 0 0 0 0 0  
40.8407 1.10679 0.0216562 -4.72718 0 3 0 0 -5.03658  -4.83201 0 2.70163 0 0 -5.16349  -0.0420909 0 0.0300949 0 0 -0.0255484  0.146923 0 0.268276 0 0 0.152459  0 0 0 0 0 0  
41.469 1.12063 0.0224567 -4.73449 0 3 0 0 -5.21534  -4.8378 0 2.69708 0 0 -5.33142  -0.0420273 0 0.0333605 0 0 -0.0224701  0.145339 0 0.269563 0 0 0.138548  0 0 0 0 0 0  
42.0973 1.13482 0.0227651 -4.76585 0 3 0 0 -5.36763  -4.86745 0 2.69389 0 0 -5.49107  -0.0409502 0 0.0377995 0 0 -0.0251112  0.142545 0 0.268314 0 0 0.148549  0 0 0 0 0 0  
42.7257 1.14927 0.022609 -4.87948 0 3 0 0 -5.50977  -4.97409 0 2.69918 0 0 -5.62852  -0.0403816 0 0.0388341 0 0 -0.0342512  0.134986 0 0.261989 0 0 0.153005  0 0 0 0 0 0  
43.354 1.16337 0.0221465 -5.01075 0 3 0 0 -5.57285  -5.1111 0 2.70971 0 0 -5.69003  -0.0322776 0 0.0377165 0 0 -0.0273867  0.132625 0 0.252573 0 0 0.144573  0 0 0 0 0 0  
43.9823 1.17734 0.022043 -5.15878 0 3 0 0 -5.60285  -5.24052 0 2.70373 0 0 -5.72414  -0.0351496 0 0.0386206 0 0 -0.0279559  0.116885 0 0.257652 0 0 0.149249  0 0 0 0 0 0  
44.6106 1.19081 0.0215398 -5.18727 0 3 0 0 -5.53011  -5.25589 0 2.71449 0 0 -5.64026  -0.0314928 0 0.0386214 0 0 -0.0264128  0.100117 0 0.246891 0 0 0.136557  0 0 0 0 0 0  
45.2389 1.20439 0.0218986 -5.12393 0 3 0 0 -5.39283  -5.19736 0 2.70888 0 0 -5.50452  -0.0298279 0 0.0397337 0 0 -0.0262418  0.103262 0 0.251382 0 0 0.137929  0 0 0 0 0 0  
45.8673 1.21845 0.0222531 -5.06854 0 3 0 0 -5.19958  -5.15118 0 2.70825 0 0 -5.31834  -0.0340063 0 0.0420054 0 0 -0.0270268  0.116644 0 0.249743 0 0 0.14578  0 0 0 0 0 0  
46.4956 1.23281 0.0231317 -5.0696 0 3 0 0 -5.13535  -5.16463 0 2.69522 0 0 -5.2678  -0.0419099 0 0.0387545 0 0 -0.0291225  0.136937 0 0.266024 0 0 0.161573  0 0 0 0 0 0  
47.1239 1.2472 0.0221708 -5.05217 0 3 0 0 -5.08544  -5.13696 0 2.70799 0 0 -5.19956  -0.0420737 0 0.0402537 0 0 -0.0291581  0.126869 0 0.25176 0 0 0.143272  0 0 0 0 0 0  
47.7522 1.261 0.0209692 -5.1795 0 3 0 0 -4.91809  -5.25897 0 2.73252 0 0 -5.02253  -0.0358309 0 0.0373589 0 0 -0.0245234  0.115298 0 0.230124 0 0 0.128969  0 0 0 0 0 0  
48.3805 1.27382 0.0198949 -5.28442 0 3 0 0 -4.77692  -5.35474 0 2.75031 0 0 -4.86956  -0.0274439 0 0.0347662 0 0 -0.0163499  0.0977676 0 0.214927 0 0 0.108993  0 0 0 0 0 0  
49.0088 1.28625 0.0198492 -5.30596 0 3 0 0 -4.74426  -5.36106 0 2.74279 0 0 -4.83107  -0.0315159 0 0.0369211 0 0 -0.0174025  0.0866175 0 0.220291 0 0 0.104215  0 0 0 0 0 0  
49.6372 1.29875 0.0195365 -5.36547 0 3 0 0 -4.84509  -5.40922 0 2.74023 0 0 -4.9267  -0.0296412 0 0.0388342 0 0 -0.0240086  0.0733861 0 0.220932 0 0 0.105624  0 0 0 0 0 0  
50.2655 1.31108 0.0195955 -5.41312 0 3 0 0 -4.88638  -5.45521 0 2.75353 0 0 -4.98159  -0.025078 0 0.0365941 0 0 -0.0174242  0.0671671 0 0.209877 0 0 0.112626  0 0 0 0 0 0  
50.8938 1.32328 0.0194652 -5.42766 0 3 0 0 -4.88534  -5.46482 0 2.76108 0 0 -4.96552  -0.0258524 0 0.0370211 0 0 -0.0163551  0.063011 0 0.201895 0 0 0.0965372  0 0 0 0 0 0  
51.5221 1.33535 0.0191424 -5.42513 0 3 0 0 -4.92994  -5.47713 0 2.77367 0 0 -5.02209  -0.0221754 0 0.0325378 0 0 -0.0101726  0.0741733 0 0.193797 0 0 0.102326  0 0 0 0 0 0  
52.1504 1.34724 0.0188952 -5.45517 0 3 0 0 -5.0093  -5.51027 0 2.78184 0 0 -5.10447  -0.0191835 0 0.0313692 0 0 -0.0105606  0.074279 0 0.186791 0 0 0.10573  0 0 0 0 0 0  
52.7788 1.359 0.0183846 -5.52675 0 3 0 0 -5.06042  -5.58661 0 2.79198 0 0 -5.15127  -0.0197923 0 0.0294305 0 0 -0.0112287  0.0796475 0 0.178585 0 0 0.102076  0 0 0 0 0 0  
53.4071 1.37044 0.0181475 -5.64996 0 3 0 0 -5.12354  -5.71642 0 2.78745 0 0 -5.22527  -0.0206607 0 0.0279258 0 0 -0.0133143  0.0871285 0 0.18462 0 0 0.11505  0 0 0 0 0 0  
54.0354 1.38193 0.018323 -5.78505 0 3 0 0 -5.2163  -5.84618 0 2.78092 0 0 -5.30739  -0.0197433 0 0.0307263 0 0 -0.0147372  0.080868 0 0.188357 0 0 0.105827  0 0 0 0 0 0  
54.6637 1.39369 0.0190312 -5.87657 0 3 0 0 -5.31002  -5.93301 0 2.78019 0 0 -5.39023  -0.0196595 0 0.0333627 0 0 -0.0177197  0.076096 0 0.186451 0 0 0.097928  0 0 0 0 0 0  
55.292 1.4056 0.019037 -5.75439 0 3 0 0 -5.3309  -5.81927 0 2.78415 0 0 -5.41456  -0.0147789 0 0.0327885 0 0 -0.0152884  0.0796594 0 0.183057 0 0 0.0989459  0 0 0 0 0 0  
55.9203 1.41756 0.0192572 -5.61354 0 3 0 0 -5.32813  -5.66803 0 2.77956 0 0 -5.41716  -0.0174362 0 0.0333313 0 0 -0.0126324  0.071929 0 0.187107 0 0 0.10166  0 0 0 0 0 0  
56.5487 1.42995 0.0195593 -5.47057 0 3 0 0 -5.28126  -5.52952 0 2.77644 0 0 -5.37271  -0.014291 0 0.0344795 0 0 -0.00942702  0.0732373 0 0.189084 0 0 0.100884  0 0 0 0 0 0  
57.177 1.44243 0.0203835 -5.32918 0 3 0 0 -5.25793  -5.38457 0 2.77128 0 0 -5.35225  -0.0131666 0 0.0343182 0 0 -0.00138758  0.068564 0 0.1944 0 0 0.0957078  0 0 0 0 0 0  
57.8053 1.45509 0.020628 -5.22554 0 3 0 0 -5.28906  -5.30125 0 2.76691 0 0 -5.38922  -0.019159 0 0.0306583 0 0 -0.00976653  0.0948671 0 0.202428 0 0 0.109928  0 0 0 0 0 0  
58.4336 1.46803 0.0210788 -5.0044 0 3 0 0 -5.28112  -5.08945 0 2.75123 0 0 -5.38981  -0.021898 0 0.0337526 0 0 -0.0112331  0.106952 0 0.215016 0 0 0.119923  0 0 0 0 0 0  
59.0619 1.48161 0.0219192 -4.81325 0 3 0 0 -5.23586  -4.913 0 2.73475 0 0 -5.34907  -0.0300522 0 0.0354856 0 0 -0.0109863  0.129795 0 0.229764 0 0 0.124187  0 0 0 0 0 0  
59.6903 1.49598 0.0233543 -4.70526 0 3 0 0 -5.23316  -4.82738 0 2.70514 0 0 -5.35881  -0.0456336 0 0.0361966 0 0 -0.0184045  0.167753 0 0.258667 0 0 0.144054  0 0 0 0 0 0  
60.3186 1.51111 0.0247804 -4.57302 0 3 0 0 -5.27204  -4.6877 0 2.69604 0 0 -5.39361  -0.043552 0 0.0389173 0 0 -0.020365  0.158229 0 0.265046 0 0 0.141941  0 0 0 0 0 0  
60.9469 1.52679 0.02588 -4.39043 0 3 0 0 -5.15762  -4.53105 0 2.67418 0 0 -5.30898  -0.0388024 0 0.0377878 0 0 -0.0238907  0.179422 0 0.288037 0 0 0.175254  0 0 0 0 0 0  
61.5752 1.54334 0.0264421 -4.18949 0 3 0 0 -4.98024  -4.36267 0 2.64547 0 0 -5.15112  -0.0417537 0 0.0433414 0 0 -0.0320201  0.214933 0 0.311189 0 0 0.202895  0 0 0 0 0 0  
62.2035 1.55992 0.0265907 -4.0764 0 3 0 0 -4.68166  -4.26583 0 2.60264 0 0 -4.90397  -0.0525261 0 0.0444388 0 0 -0.0386595  0.241953 0 0.352917 0 0 0.260969  0 0 0 0 0 0  
62.8319 1.57696 0.0272945 -4.14476 0 3 0 0 -4.63669  -4.30631 0 2.60347 0 0 -4.85299  -0.0600733 0 0.0452238 0 0 -0.0426912  0.221616 0 0.351308 0 0 0.258995  0 0 0 0 0 0  
63.4602 1.5938 0.0264877 -4.33005 0 3 0 0 -4.77225  -4.47011 0 2.61969 0 0 -4.96744  -0.0521367 0 0.0445582 0 0 -0.0367308  0.192199 0 0.335747 0 0 0.231918  0 0 0 0 0 0  
64.0885 1.61045 0.0259136 -4.60504 0 3 0 0 -4.87491  -4.71474 0 2.63952 0 0 -5.03281  -0.0485016 0 0.0455011 0 0 -0.0331749  0.158198 0 0.314978 0 0 0.19108  0 0 0 0 0 0  
64.7168 1.62656 0.0251843 -4.77843 0 3 0 0 -5.00125  -4.86337 0 2.67781 0 0 -5.12998  -0.0422549 0 0.0461571 0 0 -0.0219801  0.1272 0 0.276035 0 0 0.15071  0 0 0 0 0 0  
65.3451 1.64233 0.0247407 -4.93191 0 3 0 0 -5.10307  -5.01313 0 2.68341 0 0 -5.23573  -0.041146 0 0.044659 0 0 -0.0215305  0.122362 0 0.271932 0 0 0.154189  0 0 0 0 0 0  
65.9734 1.65808 0.0243338 -5.05773 0 3 0 0 -5.07739  -5.12857 0 2.67611 0 0 -5.20547  -0.0498205 0 0.0451142 0 0 -0.0309473  0.120662 0 0.278777 0 0 0.159025  0 0 0 0 0 0  
66.6018 1.673 0.023341 -5.24515 0 3 0 0 -5.14043  -5.32454 0 2.70178 0 0 -5.27326  -0.039133 0 0.0378001 0 0 -0.0245619  0.118525 0 0.260421 0 0 0.157394  0 0 0 0 0 0  
67.2301 1.68766 0.0237371 -5.39439 0 3 0 0 -5.14472  -5.46647 0 2.70253 0 0 -5.26037  -0.038336 0 0.0363324 0 0 -0.0280662  0.11042 0 0.261141 0 0 0.143719  0 0 0 0 0 0  
67.8584 1.70281 0.0242285 -5.52043 0 3 0 0 -5.20339  -5.58428 0 2.69688 0 0 -5.30959  -0.0456974 0 0.0370035 0 0 -0.0375611  0.109546 0 0.266118 0 0 0.14376  0 0 0 0 0 0  
68.4867 1.71818 0.0243094 -5.64516 0 3 0 0 -5.25431  -5.71125 0 2.70662 0 0 -5.35106  -0.0394302 0 0.0370898 0 0 -0.0359463  0.105518 0 0.256295 0 0 0.132694  0 0 0 0 0 0  
69.115 1.73351 0.0246344 -5.67801 0 3 0 0 -5.32287  -5.7341 0 2.70429 0 0 -5.38834  -0.030643 0 0.0416581 0 0 -0.0361881  0.0867352 0 0.254049 0 0 0.101652  0 0 0 0 0 0  
69.7434 1.74911 0.0252649 -5.63189 0 3 0 0 -5.38372  -5.68413 0 2.69668 0 0 -5.44797  -0.029895 0 0.0448484 0 0 -0.0378709  0.0821413 0 0.258467 0 0 0.10212  0 0 0 0 0 0  
70.3717 1.76459 0.0240373 -5.5027 0 3 0 0 -5.32416  -5.56109 0 2.71583 0 0 -5.39907  -0.0222484 0 0.0423501 0 0 -0.0387343  0.080641 0 0.24182 0 0 0.113645  0 0 0 0 0 0  
71 1.77966 0.0237278 -5.33862 0 3 0 0 -5.31652  -5.41297 0 2.70503 0 0 -5.41382  -0.0189814 0 0.0397648 0 0 -0.0331169  0.0933287 0 0.255208 0 0 0.130411  0 0 0 0 0 0  
71.6283 1.79457 0.0237933 -5.17033 0 3 0 0 -5.28648  -5.25138 0 2.69638 0 0 -5.41459  -0.0225183 0 0.038007 0 0 -0.0317722  0.103571 0 0.265617 0 0 0.159875  0 0 0 0 0 0  
72.2566 1.80929 0.0233365 -4.87992 0 3 0 0 -5.34673  -4.96436 0 2.68793 0 0 -5.4868  -0.0182704 0 0.0370932 0 0 -0.0285871  0.102708 0 0.274981 0 0 0.168652  0 0 0 0 0 0  
72.8849 1.82435 0.0249657 -4.54511 0 3 0 0 -5.15157  -4.63737 0 2.65473 0 0 -5.30735  -0.0347307 0 0.039133 0 0 -0.0386542  0.126989 0 0.306137 0 0 0.194438  0 0 0 0 0 0  
73.5133 1.84026 0.0255615 -4.41979 0 3 0 0 -5.11093  -4.51091 0 2.65287 0 0 -5.27043  -0.0496926 0 0.0429163 0 0 -0.0401468  0.140809 0 0.304211 0 0 0.199653  0 0 0 0 0 0  
74.1416 1.85639 0.0253172 -4.32463 0 3 0 0 -4.85826  -4.43623 0 2.67467 0 0 -5.03115  -0.0363743 0 0.0431731 0 0 -0.0266021  0.147975 0 0.282155 0 0 0.199495  0 0 0 0 0 0  
74.7699 1.8725 0.0260778 -4.25063 0 3 0 0 -4.57006  -4.38801 0 2.65121 0 0 -4.77807  -0.0386938 0 0.0386601 0 0 -0.0324523  0.176069 0 0.31013 0 0 0.240458  0 0 0 0 0 0  
75.3982 1.88892 0.0263173 -4.20352 0 3 0 0 -4.2997  -4.35507 0 2.62999 0 0 -4.52382  -0.0377388 0 0.0366055 0 0 -0.0399824  0.189282 0 0.333406 0 0 0.264102  0 0 0 0 0 0  
76.0265 1.90579 0.0268628 -4.20653 0 3 0 0 -4.25721  -4.36277 0 2.60779 0 0 -4.49584  -0.0420108 0 0.0347259 0 0 -0.049927  0.198251 0 0.357484 0 0 0.288562  0 0 0 0 0 0  
76.6549 1.92265 0.02695 -4.28266 0 3 0 0 -4.27509  -4.44512 0 2.60956 0 0 -4.49589  -0.0440567 0 0.0287416 0 0 -0.0491868  0.206526 0 0.361699 0 0 0.269983  0 0 0 0 0 0  
77.2832 1.94031 0.0290475 -4.26343 0 3 0 0 -4.44739  -4.43581 0 2.57427 0 0 -4.65412  -0.0638564 0 0.0330165 0 0 -0.0539524  0.236229 0 0.392714 0 0 0.260682  0 0 0 0 0 0  
77.9115 1.95857 0.0287882 -4.30361 0 3 0 0 -4.49141  -4.46323 0 2.58255 0 0 -4.68923  -0.0604564 0 0.0358127 0 0 -0.0483867  0.220081 0 0.381638 0 0 0.246211  0 0 0 0 0 0  
78.5398 1.9767 0.0289917 -4.41655 0 3 0 0 -4.62964  -4.56286 0 2.58909 0 0 -4.81751  -0.0652751 0 0.0328239 0 0 -0.0390847  0.211582 0 0.378085 0 0 0.226952  0 0 0 0 0 0  
79.1681 1.99525 0.0301606 -4.49099 0 3 0 0 -4.61867  -4.61316 0 2.5899 0 0 -4.79436  -0.0635558 0 0.0448298 0 0 -0.0341569  0.185723 0 0.365269 0 0 0.209841  0 0 0 0 0 0  
79.7965 2.01418 0.0301922 -4.49237 0 3 0 0 -4.52751  -4.6203 0 2.57662 0 0 -4.69985  -0.0592243 0 0.0493753 0 0 -0.038974  0.187157 0 0.374001 0 0 0.211317  0 0 0 0 0 0  
80.4248 2.03281 0.0289245 -4.51345 0 3 0 0 -4.45197  -4.64282 0 2.59345 0 0 -4.60975  -0.0491692 0 0.0481597 0 0 -0.0351752  0.178542 0 0.358387 0 0 0.192953  0 0 0 0 0 0  
81.0531 2.05085 0.0286278 -4.51079 0 3 0 0 -4.384  -4.64258 0 2.60396 0 0 -4.54263  -0.0577267 0 0.0424767 0 0 -0.0375932  0.189519 0 0.35356 0 0 0.196224  0 0 0 0 0 0  
81.6814 2.06916 0.0301204 -4.42571 0 3 0 0 -4.20751  -4.58013 0 2.5818 0 0 -4.38773  -0.065705 0 0.0473587 0 0 -0.0363043  0.220123 0 0.370844 0 0 0.216526  0 0 0 0 0 0  
82.3097 2.08834 0.0298502 -4.31584 0 3 0 0 -4.07943  -4.46674 0 2.57658 0 0 -4.26358  -0.0577909 0 0.0506663 0 0 -0.0291019  0.208687 0 0.372754 0 0 0.213248  0 0 0 0 0 0  
82.938 2.10695 0.0292302 -4.41324 0 3 0 0 -4.0487  -4.56334 0 2.5745 0 0 -4.21985  -0.0530172 0 0.049626 0 0 -0.0372435  0.203117 0 0.375869 0 0 0.208388  0 0 0 0 0 0  
83.5664 2.1254 0.0290307 -4.46748 0 3 0 0 -4.08343  -4.62068 0 2.59123 0 0 -4.24269  -0.0527039 0 0.0477973 0 0 -0.0342208  0.205903 0 0.360969 0 0 0.193478  0 0 0 0 0 0  
84.1947 2.14337 0.0282406 -4.57252 0 3 0 0 -4.2288  -4.72336 0 2.59013 0 0 -4.39022  -0.0637027 0 0.0469829 0 0 -0.0483651  0.214544 0 0.362886 0 0 0.209783  0 0 0 0 0 0  
84.823 2.16048 0.0265638 -4.69687 0 3 0 0 -4.39005  -4.83426 0 2.62827 0 0 -4.53223  -0.0596662 0 0.0431704 0 0 -0.0437847  0.197065 0 0.328563 0 0 0.185968  0 0 0 0 0 0  
85.4513 2.17657 0.0249496 -4.89906 0 3 0 0 -4.47062  -5.02865 0 2.65745 0 0 -4.61069  -0.0481855 0 0.0379321 0 0 -0.0477131  0.177775 0 0.304615 0 0 0.187785  0 0 0 0 0 0  
86.0796 2.1919 0.02423 -4.96401 0 3 0 0 -4.53675  -5.09312 0 2.67716 0 0 -4.67753  -0.0449811 0 0.0322793 0 0 -0.0404788  0.174092 0 0.290556 0 0 0.181257  0 0 0 0 0 0  
86.708 2.207 0.0236731 -4.93207 0 3 0 0 -4.58612  -5.05244 0 2.69296 0 0 -4.7205  -0.0396021 0 0.0344263 0 0 -0.0278944  0.159976 0 0.272617 0 0 0.162278  0 0 0 0 0 0  
87.3363 2.22233 0.0253992 -4.72014 0 3 0 0 -4.51189  -4.85773 0 2.67111 0 0 -4.68126  -0.0427268 0 0.0374948 0 0 -0.0272572  0.180323 0 0.291393 0 0 0.196624  0 0 0 0 0 0  
87.9646 2.23835 0.0259931 -4.577 0 3 0 0 -4.46938  -4.72218 0 2.65081 0 0 -4.64794  -0.040615 0 0.0362263 0 0 -0.0268301  0.185793 0 0.31296 0 0 0.205392  0 0 0 0 0 0  
88.5929 2.25495 0.026767 -4.50482 0 3 0 0 -4.34953  -4.65313 0 2.62955 0 0 -4.54519  -0.0555292 0 0.0331868 0 0 -0.0425112  0.203837 0 0.337268 0 0 0.238177  0 0 0 0 0 0  
89.2212 2.27156 0.0254054 -4.54026 0 3 0 0 -4.35257  -4.65936 0 2.66618 0 0 -4.5152  -0.0358215 0 0.0354713 0 0 -0.0305836  0.154928 0 0.298349 0 0 0.193213  0 0 0 0 0 0  
89.8495 2.28705 0.0240178 -4.61825 0 3 0 0 -4.36723  -4.73403 0 2.68594 0 0 -4.52093  -0.0330957 0 0.0346359 0 0 -0.02692  0.148878 0 0.279428 0 0 0.180628  0 0 0 0 0 0  
90.4779 2.30176 0.0229033 -4.60098 0 3 0 0 -4.38443  -4.70649 0 2.70011 0 0 -4.51948  -0.0305073 0 0.033276 0 0 -0.0247848  0.136012 0 0.26661 0 0 0.159834  0 0 0 0 0 0  
91.1062 2.31619 0.0227244 -4.55266 0 3 0 0 -4.38586  -4.64672 0 2.69928 0 0 -4.50669  -0.0308102 0 0.0369594 0 0 -0.0217378  0.124867 0 0.263756 0 0 0.142569  0 0 0 0 0 0  
91.7345 2.33056 0.0231397 -4.43434 0 3 0 0 -4.39885  -4.53312 0 2.69971 0 0 -4.51367  -0.0318524 0 0.039894 0 0 -0.016093  0.130634 0 0.260394 0 0 0.13091  0 0 0 0 0 0  
92.3628 2.34515 0.0230605 -4.4174 0 3 0 0 -4.46745  -4.52462 0 2.70745 0 0 -4.58839  -0.0294276 0 0.0368889 0 0 -0.0214316  0.136654 0 0.255659 0 0 0.14237  0 0 0 0 0 0  
92.9911 2.36027 0.0248764 -4.38835 0 3 0 0 -4.57089  -4.48589 0 2.6938 0 0 -4.68179  -0.0289638 0 0.0410242 0 0 -0.0219484  0.126511 0 0.265181 0 0 0.132847  0 0 0 0 0 0  
93.6195 2.37651 0.0267993 -4.35577 0 3 0 0 -4.68134  -4.46946 0 2.66657 0 0 -4.79464  -0.0288806 0 0.0425924 0 0 -0.0281583  0.142566 0 0.290838 0 0 0.141463  0 0 0 0 0 0  
94.2478 2.3932 0.0262249 -4.32964 0 3 0 0 -4.78686  -4.45289 0 2.66339 0 0 -4.90811  -0.0412795 0 0.0408388 0 0 -0.0342706  0.164533 0 0.295771 0 0 0.155513  0 0 0 0 0 0  
94.8761 2.40939 0.0255035 -4.35002 0 3 0 0 -4.86648  -4.47019 0 2.67935 0 0 -4.99408  -0.0370815 0 0.0393123 0 0 -0.0332347  0.157249 0 0.281336 0 0 0.160827  0 0 0 0 0 0  
95.5044 2.42527 0.0255257 -4.46582 0 3 0 0 -4.97552  -4.58609 0 2.67794 0 0 -5.11204  -0.0345369 0 0.0394314 0 0 -0.0334953  0.154807 0 0.282632 0 0 0.170016  0 0 0 0 0 0  
96.1327 2.44143 0.025824 -4.53967 0 3 0 0 -4.98564  -4.65251 0 2.67416 0 0 -5.11973  -0.0428293 0 0.0369242 0 0 -0.0383039  0.155672 0 0.288921 0 0 0.172392  0 0 0 0 0 0  
96.7611 2.45788 0.025956 -4.64438 0 3 0 0 -5.00402  -4.75964 0 2.66489 0 0 -5.15636  -0.0466472 0 0.0359664 0 0 -0.0434112  0.161908 0 0.299148 0 0 0.195755  0 0 0 0 0 0  
97.3894 2.47367 0.0245841 -4.8244 0 3 0 0 -5.08046  -4.91481 0 2.6831 0 0 -5.23162  -0.0466235 0 0.0386833 0 0 -0.0371453  0.13703 0 0.278215 0 0 0.188305  0 0 0 0 0 0  
98.0177 2.48903 0.0240472 -4.90388 0 3 0 0 -5.13472  -4.98898 0 2.70918 0 0 -5.27858  -0.0350389 0 0.0372034 0 0 -0.0291272  0.120144 0 0.253616 0 0 0.172992  0 0 0 0 0 0  
98.646 2.50421 0.0243238 -4.90568 0 3 0 0 -5.13761  -4.99006 0 2.72426 0 0 -5.26347  -0.0291196 0 0.0381731 0 0 -0.0226869  0.113499 0 0.237572 0 0 0.148552  0 0 0 0 0 0  
99.2743 2.51914 0.0234427 -4.97674 0 3 0 0 -5.16707  -5.05278 0 2.73645 0 0 -5.2802  -0.0312055 0 0.0373398 0 0 -0.023227  0.107241 0 0.226213 0 0 0.136354  0 0 0 0 0 0  
99.9026 2.53373 0.0229843 -4.90693 0 3 0 0 -5.08808  -4.98459 0 2.73484 0 0 -5.20879  -0.0344484 0 0.0360836 0 0 -0.0210298  0.112113 0 0.22908 0 0 0.141749  0 0 0 0 0 0  
100.531 2.54793 0.0222386 -4.82705 0 3 0 0 -4.91841  -4.89946 0 2.73891 0 0 -5.03172  -0.0366106 0 0.0335669 0 0 -0.0244996  0.109019 0 0.227521 0 0 0.137807  0 0 0 0 0 0  
101.159 2.56178 0.021654 -4.75339 0 3 0 0 -4.71433  -4.83451 0 2.73172 0 0 -4.82642  -0.0355133 0 0.0335254 0 0 -0.0271559  0.116629 0 0.234755 0 0 0.139245  0 0 0 0 0 0  
101.788 2.57548 0.0218177 -4.7463 0 3 0 0 -4.60065  -4.84691 0 2.71433 0 0 -4.72766  -0.0382368 0 0.0322588 0 0 -0.0322906  0.138844 0 0.253409 0 0 0.1593  0 0 0 0 0 0  
102.416 2.58943 0.0225413 -4.82231 0 3 0 0 -4.50224  -4.94036 0 2.70706 0 0 -4.65542  -0.0345939 0 0.0291929 0 0 -0.03316  0.152641 0 0.263747 0 0 0.186332  0 0 0 0 0 0  
103.044 2.60329 0.0215589 -4.8899 0 3 0 0 -4.5385  -4.99198 0 2.7171 0 0 -4.6854  -0.0308636 0 0.0268236 0 0 -0.0367273  0.13294 0 0.256081 0 0 0.183629  0 0 0 0 0 0  
103.673 2.61668 0.0205553 -4.97072 0 3 0 0 -4.60029  -5.05598 0 2.74053 0 0 -4.72496  -0.0217838 0 0.0288298 0 0 -0.0351887  0.107039 0 0.230637 0 0 0.159863  0 0 0 0 0 0  
104.301 2.62954 0.0203676 -4.98919 0 3 0 0 -4.67516  -5.08087 0 2.74593 0 0 -4.81015  -0.0200493 0 0.0254221 0 0 -0.0258973  0.111729 0 0.228649 0 0 0.160887  0 0 0 0 0 0  
104.929 2.64254 0.0206794 -4.8296 0 3 0 0 -4.4952  -4.92613 0 2.73339 0 0 -4.65185  -0.0239976 0 0.0241059 0 0 -0.0224039  0.120534 0 0.242504 0 0 0.179049  0 0 0 0 0 0  
105.558 2.65571 0.0214451 -4.74103 0 3 0 0 -4.49765  -4.8501 0 2.70305 0 0 -4.67622  -0.0296911 0 0.0255856 0 0 -0.0329526  0.138763 0 0.271367 0 0 0.211516  0 0 0 0 0 0  
106.186 2.66954 0.0222683 -4.77135 0 3 0 0 -4.54132  -4.88294 0 2.69331 0 0 -4.72601  -0.0358029 0 0.0274764 0 0 -0.0317029  0.147401 0 0.279214 0 0 0.216394  0 0 0 0 0 0  
106.814 2.68371 0.0229715 -4.86035 0 3 0 0 -4.69365  -4.96431 0 2.69711 0 0 -4.85938  -0.035508 0 0.0339204 0 0 -0.0312503  0.139465 0 0.268968 0 0 0.196973  0 0 0 0 0 0  
107.442 2.69824 0.0230514 -4.9604 0 3 0 0 -4.85058  -5.04594 0 2.69673 0 0 -4.99237  -0.0359631 0 0.0380686 0 0 -0.0327574  0.121505 0 0.2652 0 0 0.174547  0 0 0 0 0 0  
108.071 2.71275 0.022598 -5.10246 0 3 0 0 -4.95773  -5.17725 0 2.70397 0 0 -5.07368  -0.0334095 0 0.0413767 0 0 -0.0284204  0.108197 0 0.254655 0 0 0.144373  0 0 0 0 0 0  
108.699 2.72706 0.0228415 -5.15322 0 3 0 0 -4.90971  -5.25701 0 2.71554 0 0 -5.04061  -0.0288126 0 0.0328707 0 0 -0.0296913  0.132601 0 0.251593 0 0 0.16059  0 0 0 0 0 0  
109.327 2.74138 0.0230635 -5.09424 0 3 0 0 -4.83766  -5.18935 0 2.70878 0 0 -4.97224  -0.0332316 0 0.0356718 0 0 -0.0321464  0.12834 0 0.255549 0 0 0.166723  0 0 0 0 0 0  
109.956 2.75593 0.0231769 -4.9931 0 3 0 0 -4.74904  -5.10154 0 2.69978 0 0 -4.89491  -0.0292919 0 0.0373141 0 0 -0.027409  0.137738 0 0.262908 0 0 0.173279  0 0 0 0 0 0  
110.584 2.77017 0.022698 -4.96481 0 3 0 0 -4.60094  -5.07461 0 2.698 0 0 -4.77273  -0.0266936 0 0.0352526 0 0 -0.0310797  0.136488 0 0.26675 0 0 0.202866  0 0 0 0 0 0  
111.212 2.78446 0.0222706 -4.9685 0 3 0 0 -4.52388  -5.0648 0 2.70464 0 0 -4.70455  -0.0292494 0 0.0358029 0 0 -0.0333167  0.125553 0 0.259554 0 0 0.213991  0 0 0 0 0 0  
111.841 2.79834 0.0216404 -4.95485 0 3 0 0 -4.57539  -5.04963 0 2.71223 0 0 -4.75322  -0.0238069 0 0.0336351 0 0 -0.0322231  0.118595 0 0.254139 0 0 0.210053  0 0 0 0 0 0  
112.469 2.81177 0.0213211 -4.88645 0 3 0 0 -4.64727  -4.98041 0 2.72424 0 0 -4.80955  -0.0189888 0 0.0338568 0 0 -0.0215447  0.112942 0 0.241901 0 0 0.18383  0 0 0 0 0 0  
113.097 2.82544 0.0225287 -4.83144 0 3 0 0 -4.6814  -4.93414 0 2.70968 0 0 -4.8521  -0.0181389 0 0.0327397 0 0 -0.0229398  0.120847 0 0.257582 0 0 0.193636  0 0 0 0 0 0  
113.726 2.83991 0.0232964 -4.87689 0 3 0 0 -4.77275  -4.97748 0 2.6919 0 0 -4.93688  -0.023973 0 0.0330263 0 0 -0.0283149  0.124568 0 0.275075 0 0 0.192446  0 0 0 0 0 0  
114.354 2.85511 0.0247084 -4.86263 0 3 0 0 -4.86752  -4.97593 0 2.66797 0 0 -5.03058  -0.0289679 0 0.036915 0 0 -0.0295246  0.142275 0 0.295115 0 0 0.192586  0 0 0 0 0 0  
114.982 2.8708 0.0251693 -4.8802 0 3 0 0 -4.92818  -4.99765 0 2.64802 0 0 -5.10637  -0.0378581 0 0.0417938 0 0 -0.0307454  0.155307 0 0.310188 0 0 0.208936  0 0 0 0 0 0  
115.611 2.88661 0.0250229 -4.86848 0 3 0 0 -4.90477  -5.02111 0 2.62614 0 0 -5.13887  -0.0418211 0 0.0338537 0 0 -0.0382557  0.194445 0 0.340009 0 0 0.272356  0 0 0 0 0 0  
116.239 2.90247 0.0254084 -4.9605 0 3 0 0 -4.99772  -5.09352 0 2.64603 0 0 -5.20077  -0.0395298 0 0.0365791 0 0 -0.0354121  0.172543 0 0.317389 0 0 0.238465  0 0 0 0 0 0  
116.867 2.91825 0.0248636 -5.09803 0 3 0 0 -5.14739  -5.19493 0 2.67423 0 0 -5.31389  -0.0385573 0 0.0384452 0 0 -0.0284057  0.135459 0 0.287325 0 0 0.194899  0 0 0 0 0 0  
117.496 2.93401 0.0245669 -5.29352 0 3 0 0 -5.26112  -5.36851 0 2.68641 0 0 -5.40784  -0.0392405 0 0.0413748 0 0 -0.0255503  0.114235 0 0.272218 0 0 0.172267  0 0 0 0 0 0  
118.124 2.94882 0.0224315 -5.43265 0 3 0 0 -5.32509  -5.48896 0 2.70834 0 0 -5.45008  -0.0326387 0 0.0405971 0 0 -0.0194669  0.0889487 0 0.251063 0 0 0.14445  0 0 0 0 0 0  
118.752 2.96257 0.0214302 -5.50787 0 3 0 0 -5.53479  -5.55311 0 2.72443 0 0 -5.6418  -0.0316987 0 0.0392878 0 0 -0.0170142  0.0769415 0 0.236281 0 0 0.12402  0 0 0 0 0 0  
119.381 2.97535 0.0193876 -5.54597 0 3 0 0 -5.68196  -5.57635 0 2.7565 0 0 -5.77137  -0.0294253 0 0.0334268 0 0 -0.0144261  0.0598066 0 0.210073 0 0 0.103833  0 0 0 0 0 0  
120.009 2.9875 0.0191971 -5.58253 0 3 0 0 -5.65593  -5.6177 0 2.76937 0 0 -5.74813  -0.029022 0 0.0303812 0 0 -0.0123703  0.0641959 0 0.200247 0 0 0.104568  0 0 0 0 0 0  
120.637 2.99977 0.0199796 -5.52887 0 3 0 0 -5.61497  -5.58402 0 2.76713 0 0 -5.7181  -0.0228372 0 0.0311971 0 0 -0.0122509  0.0779874 0 0.201678 0 0 0.115384  0 0 0 0 0 0  
121.265 3.01325 0.022228 -5.47827 0 3 0 0 -5.52579  -5.54315 0 2.73713 0 0 -5.65335  -0.0263288 0 0.0345148 0 0 -0.0189554  0.0912073 0 0.228351 0 0 0.146515  0 0 0 0 0 0  
121.894 3.02732 0.0226979 -5.40375 0 3 0 0 -5.36631  -5.46435 0 2.72969 0 0 -5.48654  -0.0303628 0 0.03726 0 0 -0.0184091  0.0909606 0 0.23305 0 0 0.138634  0 0 0 0 0 0  
122.522 3.04178 0.0227683 -5.2786 0 3 0 0 -5.19148  -5.33897 0 2.71523 0 0 -5.3078  -0.0316693 0 0.0398885 0 0 -0.0240904  0.0920454 0 0.244881 0 0 0.140417  0 0 0 0 0 0  
123.15 3.05611 0.023472 -5.10715 0 3 0 0 -5.09551  -5.16688 0 2.69324 0 0 -5.2186  -0.0377564 0 0.04384 0 0 -0.0352753  0.0974873 0 0.262924 0 0 0.158364  0 0 0 0 0 0  
123.779 3.07061 0.0226277 -5.07366 0 3 0 0 -5.05466  -5.14025 0 2.71668 0 0 -5.17483  -0.0367332 0 0.0422641 0 0 -0.0298161  0.103328 0 0.241053 0 0 0.149989  0 0 0 0 0 0  
124.407 3.08479 0.022207 -5.04678 0 3 0 0 -5.03544  -5.135 0 2.72332 0 0 -5.16338  -0.0319553 0 0.0377336 0 0 -0.0277959  0.120174 0 0.23895 0 0 0.155735  0 0 0 0 0 0  
125.035 3.09865 0.0221981 -4.99629 0 3 0 0 -5.0183  -5.08748 0 2.72438 0 0 -5.14766  -0.0350987 0 0.0345108 0 0 -0.0280827  0.126281 0 0.241113 0 0 0.157436  0 0 0 0 0 0  
125.664 3.1126 0.0218731 -5.0202 0 3 0 0 -5.16818  -5.10534 0 2.73498 0 0 -5.27935  -0.031275 0 0.035461 0 0 -0.0266805  0.116416 0 0.229558 0 0 0.137845  0 0 0 0 0 0  
126.292 3.12627 0.0217247 -5.06088 0 3 0 0 -5.30478  -5.14607 0 2.74003 0 0 -5.41435  -0.0263328 0 0.0368635 0 0 -0.016747  0.11152 0 0.223111 0 0 0.126323  0 0 0 0 0 0  
126.92 3.13969 0.0205337 -5.15375 0 3 0 0 -5.40132  -5.24123 0 2.7476 0 0 -5.50739  -0.0354007 0 0.0330869 0 0 -0.0166411  0.122872 0 0.219317 0 0 0.12272  0 0 0 0 0 0  
127.549 3.15242 0.0201861 -5.28494 0 3 0 0 -5.47305  -5.36203 0 2.75138 0 0 -5.5638  -0.0320724 0 0.033124 0 0 -0.0232784  0.109168 0 0.2155 0 0 0.114027  0 0 0 0 0 0  
128.177 3.16532 0.0207176 -5.41607 0 3 0 0 -5.4851  -5.49013 0 2.75771 0 0 -5.55536  -0.0314084 0 0.033264 0 0 -0.0288402  0.10547 0 0.209025 0 0 0.0990984  0 0 0 0 0 0  
128.805 3.17838 0.0203504 -5.43255 0 3 0 0 -5.54359  -5.50235 0 2.767 0 0 -5.62123  -0.0316624 0 0.0315323 0 0 -0.0287533  0.101456 0 0.201469 0 0 0.106394  0 0 0 0 0 0  
129.434 3.19082 0.0189603 -5.36104 0 3 0 0 -5.47246  -5.41866 0 2.78785 0 0 -5.54337  -0.0278589 0 0.0283854 0 0 -0.0191222  0.0854752 0 0.18376 0 0 0.0900316  0 0 0 0 0 0  
130.062 3.20258 0.0184626 -5.37058 0 3 0 0 -5.36722  -5.43766 0 2.79481 0 0 -5.44569  -0.0198272 0 0.0258156 0 0 -0.0129626  0.0869044 0 0.179377 0 0 0.0914298  0 0 0 0 0 0  
130.69 3.21405 0.0182024 -5.4381 0 3 0 0 -5.31839  -5.50428 0 2.79509 0 0 -5.39654  -0.0235149 0 0.0240471 0 0 -0.0187253  0.0896987 0 0.180858 0 0 0.0968728  0 0 0 0 0 0  
131.319 3.22549 0.0179168 -5.47356 0 3 0 0 -5.40905  -5.5205 0 2.79894 0 0 -5.47638  -0.023064 0 0.0247623 0 0 -0.0256692  0.0699979 0 0.176294 0 0 0.0929989  0 0 0 0 0 0  
131.947 3.23692 0.017899 -5.52512 0 3 0 0 -5.4145  -5.57006 0 2.7983 0 0 -5.48711  -0.0243143 0 0.0246997 0 0 -0.0222338  0.0692521 0 0.177004 0 0 0.0948373  0 0 0 0 0 0  
132.575 3.24841 0.0181365 -5.42824 0 3 0 0 -5.44312  -5.4829 0 2.78809 0 0 -5.5159  -0.0278801 0 0.0260006 0 0 -0.0265771  0.0825424 0 0.185909 0 0 0.0993549  0 0 0 0 0 0  
133.204 3.26018 0.0188017 -5.37059 0 3 0 0 -5.47632  -5.42445 0 2.78878 0 0 -5.54457  -0.0229357 0 0.0282436 0 0 -0.0240056  0.0767914 0 0.182981 0 0 0.0922643  0 0 0 0 0 0  
133.832 3.27214 0.019594 -5.30189 0 3 0 0 -5.38343  -5.35935 0 2.78183 0 0 -5.45927  -0.0208069 0 0.0285803 0 0 -0.0179305  0.0782686 0 0.189593 0 0 0.0937685  0 0 0 0 0 0  
134.46 3.28457 0.0196801 -5.23348 0 3 0 0 -5.27986  -5.28955 0 2.77747 0 0 -5.35236  -0.0182369 0 0.029189 0 0 -0.0165349  0.0743063 0 0.193342 0 0 0.089042  0 0 0 0 0 0  
135.088 3.29693 0.0198395 -5.24798 0 3 0 0 -5.27181  -5.30338 0 2.76953 0 0 -5.34316  -0.013853 0 0.0320147 0 0 -0.0171483  0.0692531 0 0.198452 0 0 0.0884983  0 0 0 0 0 0  
135.717 3.30991 0.0204932 -5.251 0 3 0 0 -5.32312  -5.30765 0 2.76142 0 0 -5.39493  -0.0166586 0 0.0287451 0 0 -0.018687  0.0733058 0 0.209832 0 0 0.0904946  0 0 0 0 0 0  
136.345 3.32259 0.0201592 -5.25187 0 3 0 0 -5.46882  -5.30381 0 2.77046 0 0 -5.53962  -0.0208764 0 0.0271829 0 0 -0.0210108  0.072819 0 0.20236 0 0 0.0918174  0 0 0 0 0 0  
136.973 3.33521 0.0199816 -5.23648 0 3 0 0 -5.5668  -5.28471 0 2.76966 0 0 -5.62451  -0.0226337 0 0.0287382 0 0 -0.0225169  0.0708649 0 0.201606 0 0 0.0802224  0 0 0 0 0 0  
137.602 3.34777 0.0205464 -5.20555 0 3 0 0 -5.61688  -5.26186 0 2.76833 0 0 -5.69372  -0.0255496 0 0.0268917 0 0 -0.0218429  0.0818588 0 0.204781 0 0 0.0986838  0 0 0 0 0 0  
138.23 3.35999 0.0191544 -5.13834 0 3 0 0 -5.64791  -5.20172 0 2.77706 0 0 -5.72951  -0.0200129 0 0.0252661 0 0 -0.0184513  0.0833973 0 0.197677 0 0 0.100048  0 0 0 0 0 0  
138.858 3.37204 0.0194287 -5.12894 0 3 0 0 -5.75909  -5.19221 0 2.77761 0 0 -5.84111  -0.0172931 0 0.0283498 0 0 -0.0160988  0.080566 0 0.194037 0 0 0.0981182  0 0 0 0 0 0  
139.487 3.38464 0.0210272 -5.035 0 3 0 0 -5.86865  -5.11365 0 2.74665 0 0 -5.96553  -0.0237805 0 0.0310639 0 0 -0.0169302  0.102431 0 0.222284 0 0 0.113807  0 0 0 0 0 0  
140.115 3.39827 0.0218501 -4.971 0 3 0 0 -5.84045  -5.04759 0 2.72174 0 0 -5.9561  -0.0329657 0 0.0351787 0 0 -0.0224955  0.109553 0 0.243079 0 0 0.138148  0 0 0 0 0 0  
140.743 3.41243 0.0231377 -4.89644 0 3 0 0 -5.74981  -4.98376 0 2.71017 0 0 -5.87167  -0.0290669 0 0.038702 0 0 -0.0156071  0.116379 0 0.251131 0 0 0.137474  0 0 0 0 0 0  
141.372 3.42678 0.0225529 -4.99236 0 3 0 0 -5.57648  -5.06851 0 2.71444 0 0 -5.69345  -0.0321185 0 0.0370467 0 0 -0.0204905  0.108268 0 0.248513 0 0 0.137462  0 0 0 0 0 0  
142 3.44094 0.0221384 -5.13706 0 3 0 0 -5.46391  -5.20261 0 2.72107 0 0 -5.57794  -0.0306804 0 0.0402864 0 0 -0.0210275  0.0962258 0 0.238644 0 0 0.135061  0 0 0 0 0 0  
142.628 3.45452 0.0213921 -5.2686 0 3 0 0 -5.36638  -5.34402 0 2.72437 0 0 -5.48122  -0.0283364 0 0.0367703 0 0 -0.0188959  0.103756 0 0.238856 0 0 0.133732  0 0 0 0 0 0  
143.257 3.46795 0.0210102 -5.35724 0 3 0 0 -5.21848  -5.4363 0 2.72535 0 0 -5.32949  -0.0286536 0 0.0367148 0 0 -0.0152649  0.107716 0 0.237938 0 0 0.12627  0 0 0 0 0 0  
143.885 3.4808 0.0206749 -5.46069 0 3 0 0 -5.08513  -5.52826 0 2.72538 0 0 -5.20633  -0.0198575 0 0.0353813 0 0 -0.0100708  0.0874354 0 0.239235 0 0 0.131263  0 0 0 0 0 0  
144.513 3.49387 0.0207877 -5.48944 0 3 0 0 -4.97966  -5.55398 0 2.71917 0 0 -5.10149  -0.0193254 0 0.0375589 0 0 -0.00486422  0.0838681 0 0.243269 0 0 0.126692  0 0 0 0 0 0  
145.142 3.50712 0.0212106 -5.56364 0 3 0 0 -4.97549  -5.63239 0 2.70893 0 0 -5.09535  -0.0269022 0 0.0378004 0 0 -0.0147687  0.0956553 0 0.253272 0 0 0.134625  0 0 0 0 0 0  
145.77 3.52024 0.0206917 -5.72572 0 3 0 0 -5.11683  -5.77877 0 2.72094 0 0 -5.21415  -0.028303 0 0.0356588 0 0 -0.0181781  0.0813451 0 0.243403 0 0 0.115506  0 0 0 0 0 0  
146.398 3.53306 0.0199972 -5.8703 0 3 0 0 -5.30971  -5.90843 0 2.73412 0 0 -5.40171  -0.0315188 0 0.0363082 0 0 -0.0218403  0.0696478 0 0.229572 0 0 0.113843  0 0 0 0 0 0  
147.027 3.54516 0.0186155 -5.9822 0 3 0 0 -5.46232  -6.02315 0 2.75598 0 0 -5.55562  -0.0292644 0 0.0339529 0 0 -0.0227334  0.0702169 0 0.210069 0 0 0.116036  0 0 0 0 0 0  
147.655 3.5568 0.0179406 -5.9995 0 3 0 0 -5.36665  -6.05128 0 2.76893 0 0 -5.46843  -0.0204771 0 0.0296266 0 0 -0.0161076  0.0722499 0 0.20144 0 0 0.117887  0 0 0 0 0 0  
148.283 3.568 0.0179201 -5.96121 0 3 0 0 -5.24018  -6.00884 0 2.77135 0 0 -5.32586  -0.0255305 0 0.030012 0 0 -0.0212212  0.0731586 0 0.198636 0 0 0.106909  0 0 0 0 0 0  
148.911 3.57934 0.0182034 -5.99125 0 3 0 0 -5.23733  -6.03172 0 2.77302 0 0 -5.31264  -0.0260527 0 0.030684 0 0 -0.0232984  0.0665276 0 0.196296 0 0 0.0986077  0 0 0 0 0 0  
149.54 3.59106 0.019055 -5.94748 0 3 0 0 -5.09444  -5.98837 0 2.76671 0 0 -5.17017  -0.0227394 0 0.0323894 0 0 -0.0215397  0.0636334 0 0.200897 0 0 0.0972663  0 0 0 0 0 0  
150.168 3.60292 0.0187899 -5.77542 0 3 0 0 -4.94031  -5.82089 0 2.76326 0 0 -5.01748  -0.0252564 0 0.0308555 0 0 -0.0230098  0.0707201 0 0.20588 0 0 0.100181  0 0 0 0 0 0  
150.796 3.61473 0.018992 -5.73461 0 3 0 0 -4.82009  -5.78323 0 2.76351 0 0 -4.90132  -0.0222774 0 0.0305974 0 0 -0.0222337  0.0709002 0 0.205897 0 0 0.103461  0 0 0 0 0 0  
151.425 3.62717 0.0198916 -5.69176 0 3 0 0 -4.81267  -5.74927 0 2.74602 0 0 -4.90369  -0.0243452 0 0.0336329 0 0 -0.0285343  0.0818609 0 0.220351 0 0 0.119557  0 0 0 0 0 0  
152.053 3.6397 0.0199618 -5.65162 0 3 0 0 -4.74352  -5.71238 0 2.74049 0 0 -4.84052  -0.0277947 0 0.0362994 0 0 -0.0279321  0.0885493 0 0.223209 0 0 0.12493  0 0 0 0 0 0  
152.681 3.65229 0.0198527 -5.6653 0 3 0 0 -4.6682  -5.72261 0 2.73118 0 0 -4.77104  -0.0190746 0 0.0398856 0 0 -0.022126  0.0763786 0 0.228938 0 0 0.12496  0 0 0 0 0 0  
153.31 3.66434 0.0188466 -5.54012 0 3 0 0 -4.58034  -5.61809 0 2.74813 0 0 -4.687  -0.019062 0 0.0299581 0 0 -0.0214525  0.0970361 0 0.22191 0 0 0.128111  0 0 0 0 0 0  
153.938 3.67611 0.0184068 -5.41137 0 3 0 0 -4.53851  -5.50084 0 2.75881 0 0 -4.6467  -0.00992984 0 0.0240662 0 0 -0.0218854  0.0994068 0 0.217122 0 0 0.130082  0 0 0 0 0 0  
154.566 3.68808 0.0196445 -5.38073 0 3 0 0 -4.52951  -5.46586 0 2.74755 0 0 -4.6509  -0.00876779 0 0.0262809 0 0 -0.0210845  0.0938948 0 0.226174 0 0 0.142476  0 0 0 0 0 0  
155.195 3.70089 0.0209922 -5.33486 0 3 0 0 -4.54412  -5.41545 0 2.73876 0 0 -4.65322  -0.0117278 0 0.0292281 0 0 -0.025567  0.0923168 0 0.232011 0 0 0.134672  0 0 0 0 0 0  
155.823 3.71444 0.0218748 -5.35931 0 3 0 0 -4.48221  -5.44778 0 2.71354 0 0 -4.60529  -0.0185554 0 0.026863 0 0 -0.0315932  0.107023 0 0.2596 0 0 0.15468  0 0 0 0 0 0  
156.451 3.72854 0.0236703 -5.18324 0 3 0 0 -4.40491  -5.28045 0 2.68822 0 0 -4.53206  -0.0212023 0 0.0320388 0 0 -0.0238232  0.118413 0 0.279746 0 0 0.150964  0 0 0 0 0 0  
157.08 3.74373 0.0246938 -5.02527 0 3 0 0 -4.37156  -5.12113 0 2.67159 0 0 -4.50383  -0.0262944 0 0.0372823 0 0 -0.0310958  0.122154 0 0.291124 0 0 0.163365  0 0 0 0 0 0  
157.708 3.75968 0.0252821 -4.93176 0 3 0 0 -4.30836  -5.0377 0 2.66188 0 0 -4.46303  -0.0321572 0 0.036832 0 0 -0.0305063  0.13809 0 0.301284 0 0 0.18517  0 0 0 0 0 0  
158.336 3.77546 0.0250608 -4.9309 0 3 0 0 -4.27511  -5.02543 0 2.6641 0 0 -4.44397  -0.0313407 0 0.0340812 0 0 -0.0405602  0.12587 0 0.301814 0 0 0.209424  0 0 0 0 0 0  
158.965 3.79119 0.0249925 -5.03903 0 3 0 0 -4.38465  -5.14429 0 2.66397 0 0 -4.5526  -0.0409989 0 0.0351522 0 0 -0.0452051  0.146259 0 0.300876 0 0 0.213156  0 0 0 0 0 0  
159.593 3.80696 0.0250333 -5.14609 0 3 0 0 -4.59737  -5.25353 0 2.66612 0 0 -4.75526  -0.0438857 0 0.0343459 0 0 -0.0429635  0.15133 0 0.299536 0 0 0.200857  0 0 0 0 0 0  
160.221 3.82266 0.024638 -5.30652 0 3 0 0 -4.73598  -5.41313 0 2.676 0 0 -4.88908  -0.0384538 0 0.0342653 0 0 -0.0393969  0.145057 0 0.28973 0 0 0.192501  0 0 0 0 0 0  
160.85 3.83807 0.024489 -5.36765 0 3 0 0 -4.87583  -5.48073 0 2.68341 0 0 -5.02743  -0.0364512 0 0.0341189 0 0 -0.0357021  0.149532 0 0.282469 0 0 0.187299  0 0 0 0 0 0  
161.478 3.85348 0.0246531 -5.45786 0 3 0 0 -4.89542  -5.56841 0 2.68533 0 0 -5.03548  -0.0441878 0 0.0339204 0 0 -0.0427749  0.154732 0 0.280754 0 0 0.182828  0 0 0 0 0 0  
162.106 3.86905 0.0245411 -5.57509 0 3 0 0 -4.9299  -5.68049 0 2.69104 0 0 -5.06727  -0.038687 0 0.0365438 0 0 -0.041942  0.144085 0 0.272413 0 0 0.179306  0 0 0 0 0 0  
162.734 3.88446 0.0247461 -5.6334 0 3 0 0 -4.94558  -5.72913 0 2.68917 0 0 -5.07398  -0.0396698 0 0.0386764 0 0 -0.0330087  0.135397 0 0.272154 0 0 0.161413  0 0 0 0 0 0  
163.363 3.90018 0.0249877 -5.62486 0 3 0 0 -4.9703  -5.7172 0 2.68571 0 0 -5.09554  -0.0390109 0 0.0413085 0 0 -0.0402786  0.131359 0 0.272978 0 0 0.165519  0 0 0 0 0 0  
163.991 3.91602 0.0253522 -5.6551 0 3 0 0 -5.09524  -5.73537 0 2.69137 0 0 -5.20712  -0.0324742 0 0.042514 0 0 -0.0404534  0.112746 0 0.266115 0 0 0.152334  0 0 0 0 0 0  
164.619 3.93188 0.0254472 -5.69422 0 3 0 0 -5.21389  -5.77569 0 2.68942 0 0 -5.33427  -0.0358531 0 0.0446242 0 0 -0.0434557  0.117326 0 0.265955 0 0 0.163837  0 0 0 0 0 0  
165.248 3.9477 0.0256955 -5.6958 0 3 0 0 -5.19384  -5.76604 0 2.69786 0 0 -5.30544  -0.0370046 0 0.0435208 0 0 -0.04324  0.107248 0 0.258617 0 0 0.154843  0 0 0 0 0 0  
165.876 3.96421 0.0263246 -5.59577 0 3 0 0 -4.97501  -5.69328 0 2.68606 0 0 -5.12706  -0.0310415 0 0.040671 0 0 -0.033511  0.128555 0 0.273269 0 0 0.185558  0 0 0 0 0 0  
166.504 3.98111 0.0270823 -5.49991 0 3 0 0 -4.78249  -5.6437 0 2.66523 0 0 -4.97013  -0.0302342 0 0.0399221 0 0 -0.0313541  0.174026 0 0.294849 0 0 0.218996  0 0 0 0 0 0  
167.133 3.99803 0.0267813 -5.36205 0 3 0 0 -4.71212  -5.5248 0 2.6546 0 0 -4.89224  -0.0254237 0 0.0385574 0 0 -0.0268077  0.188175 0 0.306847 0 0 0.20693  0 0 0 0 0 0  
167.761 4.01452 0.0261189 -5.22499 0 3 0 0 -4.64835  -5.36011 0 2.66879 0 0 -4.81519  -0.0294381 0 0.0398655 0 0 -0.0268548  0.164551 0 0.291343 0 0 0.193696  0 0 0 0 0 0  
168.389 4.03132 0.027621 -5.09007 0 3 0 0 -4.61191  -5.22397 0 2.64305 0 0 -4.78182  -0.0340846 0 0.0438512 0 0 -0.0287129  0.167983 0 0.313101 0 0 0.198621  0 0 0 0 0 0  
169.018 4.04902 0.0286422 -5.13415 0 3 0 0 -4.53533  -5.24397 0 2.62558 0 0 -4.69626  -0.0455052 0 0.0455986 0 0 -0.0466429  0.155323 0 0.328821 0 0 0.20757  0 0 0 0 0 0  
169.646 4.06733 0.0299308 -5.28278 0 3 0 0 -4.46566  -5.387 0 2.61423 0 0 -4.61582  -0.0482095 0 0.0496744 0 0 -0.0458177  0.152431 0 0.336093 0 0 0.19598  0 0 0 0 0 0  
170.274 4.08551 0.028464 -5.41202 0 3 0 0 -4.47308  -5.4983 0 2.63986 0 0 -4.59857  -0.0530028 0 0.0487458 0 0 -0.0439627  0.139283 0 0.311392 0 0 0.169447  0 0 0 0 0 0  
170.903 4.10284 0.026119 -5.61091 0 3 0 0 -4.48202  -5.68421 0 2.67142 0 0 -4.60366  -0.0573572 0 0.0427512 0 0 -0.0355943  0.13066 0 0.285828 0 0 0.157231  0 0 0 0 0 0  
171.531 4.11869 0.0241103 -5.61789 0 3 0 0 -4.52003  -5.69393 0 2.69814 0 0 -4.63297  -0.0450751 0 0.0399243 0 0 -0.0344547  0.121109 0 0.261937 0 0 0.147396  0 0 0 0 0 0  
172.159 4.13293 0.0219384 -5.5481 0 3 0 0 -4.59879  -5.61409 0 2.72734 0 0 -4.70748  -0.0364594 0 0.0354759 0 0 -0.0243536  0.102455 0 0.237183 0 0 0.133049  0 0 0 0 0 0  
172.788 4.1466 0.022063 -5.50738 0 3 0 0 -4.67834  -5.5827 0 2.71903 0 0 -4.79661  -0.0399038 0 0.0344696 0 0 -0.0296707  0.115222 0 0.246497 0 0 0.147946  0 0 0 0 0 0  
173.416 4.16061 0.0225791 -5.40681 0 3 0 0 -4.67618  -5.48637 0 2.71922 0 0 -4.78615  -0.0380768 0 0.0344168 0 0 -0.0299241  0.117642 0 0.246362 0 0 0.139894  0 0 0 0 0 0  
174.044 4.17456 0.0225793 -5.44142 0 3 0 0 -4.70191  -5.50672 0 2.72075 0 0 -4.80112  -0.036307 0 0.0370424 0 0 -0.0251385  0.101605 0 0.242203 0 0 0.124358  0 0 0 0 0 0  
174.673 4.18859 0.0219065 -5.42805 0 3 0 0 -4.67049  -5.48361 0 2.72197 0 0 -4.77099  -0.0299161 0 0.0378632 0 0 -0.0204978  0.0854761 0 0.240169 0 0 0.120994  0 0 0 0 0 0  
175.301 4.20238 0.0223797 -5.50009 0 3 0 0 -4.63506  -5.5671 0 2.72345 0 0 -4.73242  -0.0291297 0 0.0361011 0 0 -0.0251725  0.0961382 0 0.240448 0 0 0.122539  0 0 0 0 0 0  
175.929 4.21648 0.0226341 -5.45297 0 3 0 0 -4.5796  -5.52297 0 2.72074 0 0 -4.68666  -0.0336594 0 0.0381116 0 0 -0.0313811  0.103662 0 0.241148 0 0 0.138439  0 0 0 0 0 0  
176.558 4.23092 0.0231015 -5.36983 0 3 0 0 -4.50984  -5.45101 0 2.71308 0 0 -4.62233  -0.0405802 0 0.0379117 0 0 -0.0332214  0.121753 0 0.249008 0 0 0.145708  0 0 0 0 0 0  
177.186 4.24591 0.0242005 -5.29881 0 3 0 0 -4.50944  -5.37849 0 2.70265 0 0 -4.62334  -0.0411505 0 0.038315 0 0 -0.0323131  0.120837 0 0.259036 0 0 0.146205  0 0 0 0 0 0  
177.814 4.2613 0.0256888 -5.21304 0 3 0 0 -4.44746  -5.30313 0 2.68563 0 0 -4.56131  -0.0457673 0 0.0429139 0 0 -0.0383149  0.135859 0 0.271457 0 0 0.152163  0 0 0 0 0 0  
178.442 4.27765 0.0257439 -5.14962 0 3 0 0 -4.46227  -5.24819 0 2.68455 0 0 -4.57652  -0.045614 0 0.0452723 0 0 -0.0370692  0.144189 0 0.270176 0 0 0.151323  0 0 0 0 0 0  
179.071 4.29462 0.0273245 -5.08599 0 3 0 0 -4.34075  -5.20147 0 2.66051 0 0 -4.47555  -0.0542209 0 0.0489625 0 0 -0.040304  0.169695 0 0.290523 0 0 0.175102  0 0 0 0 0 0  
179.699 4.31171 0.0268296 -5.05063 0 3 0 0 -4.29219  -5.1685 0 2.65095 0 0 -4.43564  -0.0473044 0 0.0494148 0 0 -0.0480664  0.165174 0 0.299632 0 0 0.191509  0 0 0 0 0 0  
180.327 4.32821 0.0258088 -4.98271 0 3 0 0 -4.34609  -5.08819 0 2.67214 0 0 -4.48789  -0.0339709 0 0.0426406 0 0 -0.0314216  0.139445 0 0.28522 0 0 0.173224  0 0 0 0 0 0  
180.956 4.3443 0.0259195 -4.8723 0 3 0 0 -4.41358  -4.97793 0 2.67065 0 0 -4.5394  -0.0379365 0 0.0413728 0 0 -0.040542  0.14357 0 0.287974 0 0 0.166367  0 0 0 0 0 0  
181.584 4.36058 0.0260198 -4.82604 0 3 0 0 -4.45763  -4.92917 0 2.66317 0 0 -4.58182  -0.0415442 0 0.0453679 0 0 -0.0467253  0.144678 0 0.291458 0 0 0.170911  0 0 0 0 0 0  
182.212 4.37693 0.0253878 -4.89731 0 3 0 0 -4.49962  -5.00652 0 2.67874 0 0 -4.64028  -0.0449058 0 0.0424417 0 0 -0.0501269  0.154122 0 0.278815 0 0 0.190784  0 0 0 0 0 0  
182.841 4.39268 0.0246918 -4.92445 0 3 0 0 -4.6761  -5.03483 0 2.69369 0 0 -4.81109  -0.0428537 0 0.039288 0 0 -0.0461042  0.153232 0 0.267022 0 0 0.181094  0 0 0 0 0 0  
183.469 4.4081 0.0241745 -4.93121 0 3 0 0 -4.85418  -5.02875 0 2.69957 0 0 -4.97021  -0.0440073 0 0.0395715 0 0 -0.0463624  0.141539 0 0.260859 0 0 0.162397  0 0 0 0 0 0  
184.097 4.42342 0.0241388 -4.92021 0 3 0 0 -4.93588  -5.0123 0 2.70225 0 0 -5.05493  -0.0441775 0 0.0366114 0 0 -0.0459927  0.136274 0 0.26114 0 0 0.165044  0 0 0 0 0 0  
184.726 4.43888 0.0240025 -4.93074 0 3 0 0 -5.04541  -5.03806 0 2.71888 0 0 -5.17276  -0.0296031 0 0.0317748 0 0 -0.0400139  0.136925 0 0.249348 0 0 0.167365  0 0 0 0 0 0  
185.354 4.45395 0.0244345 -4.94601 0 3 0 0 -5.0095  -5.04503 0 2.7126 0 0 -5.13121  -0.0295516 0 0.0331937 0 0 -0.035479  0.12857 0 0.254202 0 0 0.157187  0 0 0 0 0 0  
185.982 4.46899 0.0232203 -5.08985 0 3 0 0 -4.92853  -5.18775 0 2.72117 0 0 -5.04187  -0.0324205 0 0.0319816 0 0 -0.0372545  0.130327 0 0.246852 0 0 0.150599  0 0 0 0 0 0  
186.611 4.48313 0.0221678 -5.16738 0 3 0 0 -4.86149  -5.28266 0 2.7254 0 0 -4.98417  -0.0279399 0 0.0285065 0 0 -0.0335324  0.143217 0 0.246098 0 0 0.156208  0 0 0 0 0 0  
187.239 4.49736 0.0226004 -5.35481 0 3 0 0 -5.01162  -5.46854 0 2.7381 0 0 -5.12806  -0.0211613 0 0.0295509 0 0 -0.0257667  0.134897 0 0.232345 0 0 0.142206  0 0 0 0 0 0  
187.867 4.5115 0.0225333 -5.39894 0 3 0 0 -5.1113  -5.49482 0 2.74749 0 0 -5.20726  -0.0215011 0 0.0313753 0 0 -0.0237417  0.117383 0 0.221137 0 0 0.119705  0 0 0 0 0 0  
188.496 4.52572 0.0227931 -5.34487 0 3 0 0 -5.24321  -5.42296 0 2.74415 0 0 -5.32972  -0.0206233 0 0.0324759 0 0 -0.021677  0.0987114 0 0.223373 0 0 0.108191  0 0 0 0 0 0  
189.124 4.53985 0.0214703 -5.32835 0 3 0 0 -5.36305  -5.40898 0 2.74658 0 0 -5.45137  -0.0250952 0 0.0310874 0 0 -0.0254088  0.105728 0 0.222335 0 0 0.113721  0 0 0 0 0 0  
189.752 4.55268 0.0195584 -5.33328 0 3 0 0 -5.4282  -5.40462 0 2.7673 0 0 -5.52431  -0.0286503 0 0.0282055 0 0 -0.021688  0.0999887 0 0.204495 0 0 0.117805  0 0 0 0 0 0  
190.381 4.56524 0.0202093 -5.29045 0 3 0 0 -5.39487  -5.36625 0 2.76276 0 0 -5.49821  -0.0305782 0 0.030646 0 0 -0.0179898  0.106382 0 0.206595 0 0 0.121329  0 0 0 0 0 0  
191.009 4.57802 0.020237 -5.24149 0 3 0 0 -5.41568  -5.31724 0 2.75188 0 0 -5.52685  -0.0306699 0 0.0316278 0 0 -0.0215252  0.106425 0 0.216495 0 0 0.132692  0 0 0 0 0 0  
191.637 4.59049 0.0194124 -5.13674 0 3 0 0 -5.40288  -5.21333 0 2.7512 0 0 -5.52226  -0.0316101 0 0.0350746 0 0 -0.018863  0.108203 0 0.213724 0 0 0.138238  0 0 0 0 0 0  
192.265 4.60283 0.0193454 -5.06696 0 3 0 0 -5.42901  -5.148 0 2.74962 0 0 -5.54247  -0.0281582 0 0.033497 0 0 -0.0161103  0.109197 0 0.216887 0 0 0.129565  0 0 0 0 0 0  
192.894 4.61506 0.0193774 -5.14479 0 3 0 0 -5.56144  -5.23081 0 2.76257 0 0 -5.66616  -0.0183381 0 0.0330329 0 0 -0.0139159  0.104361 0 0.204399 0 0 0.118635  0 0 0 0 0 0  
193.522 4.6272 0.0192632 -5.30134 0 3 0 0 -5.71997  -5.38203 0 2.7629 0 0 -5.80295  -0.0150224 0 0.0341011 0 0 -0.0112839  0.0957195 0 0.202996 0 0 0.0942652  0 0 0 0 0 0  
194.15 4.63951 0.0196426 -5.41564 0 3 0 0 -5.85005  -5.50385 0 2.7627 0 0 -5.9387  -0.0158483 0 0.0345989 0 0 -0.00967011  0.104057 0 0.202701 0 0 0.0983201  0 0 0 0 0 0  
194.779 4.65195 0.0198139 -5.43029 0 3 0 0 -5.95078  -5.506 0 2.75857 0 0 -6.03417  -0.018709 0 0.0352703 0 0 -0.0128818  0.0944201 0 0.20616 0 0 0.0962776  0 0 0 0 0 0  
195.407 4.66419 0.0188837 -5.47946 0 3 0 0 -5.91077  -5.55043 0 2.77316 0 0 -6.00455  -0.0203339 0 0.0320503 0 0 -0.0156923  0.0913132 0 0.194792 0 0 0.109475  0 0 0 0 0 0  
196.035 4.6757 0.0184483 -5.45357 0 3 0 0 -5.87991  -5.52523 0 2.77714 0 0 -5.97324  -0.0156855 0 0.0283756 0 0 -0.0144007  0.0873456 0 0.194487 0 0 0.107731  0 0 0 0 0 0  
196.664 4.6873 0.0186664 -5.40517 0 3 0 0 -5.70564  -5.47457 0 2.77684 0 0 -5.79158  -0.0149407 0 0.0279842 0 0 -0.0115908  0.0843484 0 0.195181 0 0 0.0975326  0 0 0 0 0 0  
197.292 4.69936 0.0198501 -5.35035 0 3 0 0 -5.47373  -5.42813 0 2.76754 0 0 -5.5607  -0.0142543 0 0.0324564 0 0 -0.0134464  0.0920366 0 0.200008 0 0 0.100416  0 0 0 0 0 0  
197.92 4.71235 0.0215467 -5.37645 0 3 0 0 -5.33043  -5.46022 0 2.74629 0 0 -5.42617  -0.0201308 0 0.0344436 0 0 -0.0174688  0.103905 0 0.219264 0 0 0.113215  0 0 0 0 0 0  
198.549 4.7261 0.022347 -5.36631 0 3 0 0 -5.25354  -5.44899 0 2.73773 0 0 -5.3462  -0.0203335 0 0.0362593 0 0 -0.0177925  0.103007 0 0.226007 0 0 0.110445  0 0 0 0 0 0  
199.177 4.74029 0.0237191 -5.36364 0 3 0 0 -5.12285  -5.43681 0 2.71806 0 0 -5.21843  -0.017677 0 0.0374603 0 0 -0.0188496  0.0908496 0 0.244478 0 0 0.114437  0 0 0 0 0 0  
199.805 4.7551 0.0234839 -5.20079 0 3 0 0 -4.91684  -5.27943 0 2.71041 0 0 -5.01233  -0.0207451 0 0.038009 0 0 -0.0276026  0.0993827 0 0.251583 0 0 0.12309  0 0 0 0 0 0  
200.434 4.76982 0.0237944 -5.00738 0 3 0 0 -4.81292  -5.08641 0 2.70357 0 0 -4.90642  -0.0231838 0 0.0401889 0 0 -0.0218143  0.10221 0 0.25624 0 0 0.115315  0 0 0 0 0 0  
201.062 4.78466 0.023599 -4.85191 0 3 0 0 -4.91801  -4.94225 0 2.70128 0 0 -5.02828  -0.0236368 0 0.0381321 0 0 -0.0225301  0.113977 0 0.260592 0 0 0.132799  0 0 0 0 0 0  
201.69 4.79922 0.0230301 -4.76189 0 3 0 0 -4.98516  -4.85344 0 2.70953 0 0 -5.10024  -0.0293498 0 0.0368199 0 0 -0.0234242  0.120898 0 0.253646 0 0 0.138505  0 0 0 0 0 0  
202.319 4.81385 0.0239724 -4.72684 0 3 0 0 -4.96384  -4.82299 0 2.69413 0 0 -5.10033  -0.0303164 0 0.0361042 0 0 -0.026476  0.12646 0 0.269769 0 0 0.162968  0 0 0 0 0 0  
202.947 4.82909 0.0247881 -4.66113 0 3 0 0 -4.91938  -4.76755 0 2.67725 0 0 -5.05826  -0.0346744 0 0.0372026 0 0 -0.0222308  0.141097 0 0.28555 0 0 0.161114  0 0 0 0 0 0  
203.575 4.84457 0.0253202 -4.66859 0 3 0 0 -4.93194  -4.76803 0 2.66667 0 0 -5.06632  -0.0384382 0 0.0396525 0 0 -0.0268462  0.137871 0 0.293676 0 0 0.161229  0 0 0 0 0 0  
204.204 4.86026 0.0241621 -4.79624 0 3 0 0 -4.96523  -4.90237 0 2.68439 0 0 -5.1048  -0.0369948 0 0.0380213 0 0 -0.0295906  0.143124 0 0.277587 0 0 0.169157  0 0 0 0 0 0  
204.832 4.87526 0.023191 -4.93098 0 3 0 0 -4.98307  -5.02994 0 2.69286 0 0 -5.11287  -0.0371854 0 0.0371016 0 0 -0.0384781  0.136147 0 0.270043 0 0 0.168281  0 0 0 0 0 0  
205.46 4.88975 0.0226724 -4.99446 0 3 0 0 -5.04168  -5.07975 0 2.70692 0 0 -5.16781  -0.0374578 0 0.0363808 0 0 -0.0377801  0.12275 0 0.256701 0 0 0.163913  0 0 0 0 0 0  
206.088 4.90373 0.0218187 -4.95802 0 3 0 0 -5.087  -5.02989 0 2.7214 0 0 -5.19667  -0.0326548 0 0.035813 0 0 -0.0290721  0.104523 0 0.242789 0 0 0.138749  0 0 0 0 0 0  
206.717 4.91726 0.0215069 -4.96122 0 3 0 0 -5.03621  -5.02869 0 2.72676 0 0 -5.14851  -0.026525 0 0.0367256 0 0 -0.0217632  0.0939889 0 0.23651 0 0 0.134059  0 0 0 0 0 0  
207.345 4.93029 0.0201436 -5.14444 0 3 0 0 -5.12  -5.19685 0 2.74535 0 0 -5.21873  -0.0238273 0 0.0343726 0 0 -0.0167866  0.0762388 0 0.220274 0 0 0.11551  0 0 0 0 0 0  
207.973 4.94348 0.0211482 -5.35467 0 3 0 0 -5.13201  -5.40237 0 2.73872 0 0 -5.22653  -0.0283131 0 0.0353065 0 0 -0.0200757  0.0760166 0 0.225972 0 0 0.114597  0 0 0 0 0 0  
208.602 4.95696 0.0215738 -5.51365 0 3 0 0 -5.15602  -5.56516 0 2.73621 0 0 -5.26547  -0.0288424 0 0.0385688 0 0 -0.0236948  0.0803555 0 0.225221 0 0 0.133153  0 0 0 0 0 0  
209.23 4.97041 0.0215646 -5.54853 0 3 0 0 -5.14793  -5.60217 0 2.74256 0 0 -5.26545  -0.0267326 0 0.0380414 0 0 -0.0216891  0.0803751 0 0.2194 0 0 0.139211  0 0 0 0 0 0  
209.858 4.98372 0.0210416 -5.60894 0 3 0 0 -5.03578  -5.6748 0 2.74942 0 0 -5.16649  -0.0223876 0 0.0341372 0 0 -0.0161586  0.0882569 0 0.216445 0 0 0.146868  0 0 0 0 0 0  
210.487 4.99677 0.0206826 -5.58755 0 3 0 0 -5.1428  -5.65121 0 2.75807 0 0 -5.26297  -0.0237094 0 0.0299137 0 0 -0.0172279  0.0873629 0 0.212014 0 0 0.137399  0 0 0 0 0 0  
211.115 5.00959 0.0199023 -5.60832 0 3 0 0 -5.29891  -5.67326 0 2.7725 0 0 -5.40755  -0.0216263 0 0.0279664 0 0 -0.0130395  0.0865592 0 0.199529 0 0 0.121683  0 0 0 0 0 0  
