# LF_DEM version v3.0-126-gb72fb1a
# np 1000
# VF 0.76
# Lx 73.993
# Ly 0
# Lz 73.993
# flow_type shear
# data in cl units.
#1: time
#2: cumulated strain
#3: shear rate
#4-9: total stress tensor (xx, xy, xz, yz, yy, zz)
#10-15: contact stress tensor (xx, xy, xz, yz, yy, zz)
#16-21: dashpot stress tensor (xx, xy, xz, yz, yy, zz)
#22-27: hydro stress tensor (xx, xy, xz, yz, yy, zz)
#28-33: repulsion stress tensor (xx, xy, xz, yz, yy, zz)

0.00942478 0.00042402 0.04499 -2.1774 0 2 0 0 -2.0274  -2.42464 0 1.31048 0 0 -2.45605  -0.126144 0 0.0469785 0 0 -0.149933  0.373379 0 0.642542 0 0 0.578578  0 0 0 0 0 0  
0.942478 0.0361915 0.0362379 -2.53096 0 2 0 0 -2.2933  -2.70789 0 1.47051 0 0 -2.5582  -0.0925644 0 0.0422009 0 0 -0.109207  0.269498 0 0.487285 0 0 0.374109  0 0 0 0 0 0  
1.88496 0.0691646 0.0337162 -2.69304 0 2 0 0 -2.43506  -2.85449 0 1.54365 0 0 -2.65341  -0.062784 0 0.0404369 0 0 -0.077518  0.224232 0 0.415914 0 0 0.295868  0 0 0 0 0 0  
2.82743 0.10022 0.0324821 -2.72636 0 2 0 0 -2.544  -2.86273 0 1.56436 0 0 -2.73729  -0.0608082 0 0.0356878 0 0 -0.0694957  0.197184 0 0.399954 0 0 0.262784  0 0 0 0 0 0  
3.76991 0.130573 0.0321365 -2.7124 0 2 0 0 -2.60808  -2.84684 0 1.56689 0 0 -2.78627  -0.0756045 0 0.0385545 0 0 -0.0735882  0.210043 0 0.394551 0 0 0.251785  0 0 0 0 0 0  
4.71239 0.160258 0.0307064 -2.62508 0 2 0 0 -2.6068  -2.752 0 1.57265 0 0 -2.77628  -0.0655915 0 0.0371785 0 0 -0.0728826  0.192508 0 0.390175 0 0 0.242365  0 0 0 0 0 0  
5.65487 0.188365 0.0286261 -2.60451 0 2 0 0 -2.69522  -2.71472 0 1.59845 0 0 -2.84617  -0.0600174 0 0.0369561 0 0 -0.0696806  0.170226 0 0.364593 0 0 0.220632  0 0 0 0 0 0  
6.59734 0.214627 0.027922 -2.6278 0 2 0 0 -2.81684  -2.7126 0 1.62504 0 0 -2.94942  -0.0588464 0 0.0432807 0 0 -0.0571909  0.143641 0 0.331678 0 0 0.189766  0 0 0 0 0 0  
7.53982 0.240762 0.0271467 -2.65115 0 2 0 0 -2.96067  -2.72952 0 1.63483 0 0 -3.07773  -0.0536751 0 0.0447834 0 0 -0.0570191  0.132052 0 0.32039 0 0 0.174083  0 0 0 0 0 0  
8.4823 0.26594 0.0260741 -2.83796 0 2 0 0 -3.09868  -2.91627 0 1.66279 0 0 -3.22  -0.0458816 0 0.0401621 0 0 -0.0490303  0.12419 0 0.297045 0 0 0.17035  0 0 0 0 0 0  
9.42478 0.289625 0.0239794 -2.94438 0 2 0 0 -3.26937  -3.01028 0 1.71001 0 0 -3.37233  -0.0288332 0 0.033266 0 0 -0.0369085  0.0947293 0 0.256719 0 0 0.139873  0 0 0 0 0 0  
10.3673 0.311833 0.0233189 -3.08809 0 2 0 0 -3.37311  -3.1463 0 1.73345 0 0 -3.47486  -0.0335314 0 0.0321988 0 0 -0.0294981  0.0917419 0 0.234352 0 0 0.131243  0 0 0 0 0 0  
11.3097 0.333984 0.0235653 -3.12116 0 2 0 0 -3.26076  -3.171 0 1.73367 0 0 -3.3627  -0.0312978 0 0.0341554 0 0 -0.0271208  0.0811294 0 0.232174 0 0 0.129069  0 0 0 0 0 0  
12.2522 0.356481 0.0238203 -3.05324 0 2 0 0 -3.20526  -3.10961 0 1.72114 0 0 -3.30916  -0.0280407 0 0.0358001 0 0 -0.0235823  0.0844113 0 0.243064 0 0 0.127474  0 0 0 0 0 0  
13.1947 0.379654 0.0253808 -3.04243 0 2 0 0 -3.14724  -3.11515 0 1.71041 0 0 -3.28314  -0.0232125 0 0.0354366 0 0 -0.0234118  0.0959332 0 0.254157 0 0 0.15931  0 0 0 0 0 0  
14.1372 0.403262 0.0245905 -2.96958 0 2 0 0 -3.12183  -3.03328 0 1.70691 0 0 -3.27011  -0.0340494 0 0.0344388 0 0 -0.0254411  0.0977458 0 0.258646 0 0 0.173719  0 0 0 0 0 0  
15.0796 0.426581 0.0251228 -2.91411 0 2 0 0 -3.05983  -2.98749 0 1.69184 0 0 -3.21667  -0.0414181 0 0.0281351 0 0 -0.0233734  0.114797 0 0.280021 0 0 0.180209  0 0 0 0 0 0  
16.0221 0.451768 0.028319 -2.83077 0 2 0 0 -2.99793  -2.93565 0 1.6393 0 0 -3.189  -0.056857 0 0.0294879 0 0 -0.0489969  0.161741 0 0.331217 0 0 0.240065  0 0 0 0 0 0  
16.9646 0.479695 0.0306851 -2.85969 0 2 0 0 -2.93534  -2.96609 0 1.60001 0 0 -3.14648  -0.0619515 0 0.0350909 0 0 -0.0516945  0.16835 0 0.364899 0 0 0.262834  0 0 0 0 0 0  
17.9071 0.509645 0.0329122 -2.84477 0 2 0 0 -2.86511  -2.97384 0 1.55589 0 0 -3.08909  -0.0698591 0 0.0414196 0 0 -0.0599625  0.198934 0 0.40269 0 0 0.28394  0 0 0 0 0 0  
18.8496 0.540704 0.0328492 -2.82941 0 2 0 0 -2.81441  -2.99725 0 1.54526 0 0 -3.04347  -0.0827153 0 0.0384126 0 0 -0.060739  0.250555 0 0.416329 0 0 0.289802  0 0 0 0 0 0  
19.792 0.57148 0.0325206 -2.79321 0 2 0 0 -2.64478  -2.95223 0 1.53901 0 0 -2.85853  -0.0871106 0 0.0385816 0 0 -0.0685323  0.246132 0 0.422404 0 0 0.282282  0 0 0 0 0 0  
20.7345 0.602015 0.032423 -2.68929 0 2 0 0 -2.60821  -2.82236 0 1.54846 0 0 -2.80825  -0.0773361 0 0.0389784 0 0 -0.0705372  0.210407 0 0.41256 0 0 0.270574  0 0 0 0 0 0  
21.677 0.632296 0.0315876 -2.70914 0 2 0 0 -2.58415  -2.81432 0 1.57132 0 0 -2.77422  -0.0704252 0 0.041873 0 0 -0.0686063  0.175605 0 0.386805 0 0 0.258677  0 0 0 0 0 0  
22.6195 0.661556 0.0304482 -2.7521 0 2 0 0 -2.54591  -2.85632 0 1.56306 0 0 -2.71852  -0.0751516 0 0.0395651 0 0 -0.0873889  0.17938 0 0.397375 0 0 0.259998  0 0 0 0 0 0  
23.5619 0.689676 0.0293411 -2.88172 0 2 0 0 -2.53614  -3.00194 0 1.58375 0 0 -2.70542  -0.0748963 0 0.0376729 0 0 -0.0840396  0.195117 0 0.378576 0 0 0.253317  0 0 0 0 0 0  
24.5044 0.716976 0.0282756 -2.92703 0 2 0 0 -2.48338  -3.06963 0 1.60104 0 0 -2.68115  -0.0736498 0 0.0344622 0 0 -0.077533  0.216249 0 0.364494 0 0 0.275302  0 0 0 0 0 0  
25.4469 0.74354 0.0282561 -2.92931 0 2 0 0 -2.52876  -3.09401 0 1.60218 0 0 -2.74581  -0.0727575 0 0.0312618 0 0 -0.0758686  0.237462 0 0.366555 0 0 0.292917  0 0 0 0 0 0  
26.3894 0.769991 0.0280174 -3.05151 0 2 0 0 -2.59859  -3.20842 0 1.61128 0 0 -2.8092  -0.0731826 0 0.0325829 0 0 -0.0732934  0.230086 0 0.356136 0 0 0.283907  0 0 0 0 0 0  
27.3319 0.795961 0.0272779 -3.10944 0 2 0 0 -2.54285  -3.2583 0 1.63289 0 0 -2.75786  -0.0613122 0 0.0327942 0 0 -0.0579293  0.210174 0 0.334319 0 0 0.272936  0 0 0 0 0 0  
28.2743 0.820919 0.0259236 -3.13813 0 2 0 0 -2.60613  -3.25349 0 1.64562 0 0 -2.80815  -0.0606213 0 0.0365374 0 0 -0.0506618  0.175981 0 0.317841 0 0 0.252681  0 0 0 0 0 0  
29.2168 0.845345 0.0254475 -3.19665 0 2 0 0 -2.74371  -3.27753 0 1.66838 0 0 -2.91355  -0.055937 0 0.0401393 0 0 -0.0359582  0.136823 0 0.291477 0 0 0.205796  0 0 0 0 0 0  
30.1593 0.868587 0.0237914 -3.21505 0 2 0 0 -2.80926  -3.28782 0 1.69159 0 0 -2.9583  -0.0558237 0 0.0376233 0 0 -0.0331175  0.128602 0 0.270789 0 0 0.182156  0 0 0 0 0 0  
31.1018 0.890533 0.02284 -3.23601 0 2 0 0 -2.77839  -3.31654 0 1.70427 0 0 -2.92177  -0.0574871 0 0.0334046 0 0 -0.0335816  0.138023 0 0.26233 0 0 0.176963  0 0 0 0 0 0  
32.0442 0.912143 0.0231339 -3.17866 0 2 0 0 -2.73529  -3.25956 0 1.69949 0 0 -2.87666  -0.0590523 0 0.0374952 0 0 -0.0308507  0.139959 0 0.263013 0 0 0.172221  0 0 0 0 0 0  
32.9867 0.934438 0.0247693 -3.0314 0 2 0 0 -2.64171  -3.13965 0 1.65886 0 0 -2.83065  -0.0507198 0 0.0372911 0 0 -0.0390406  0.158973 0 0.303846 0 0 0.227982  0 0 0 0 0 0  
33.9292 0.958111 0.0256784 -2.87391 0 2 0 0 -2.57968  -2.9998 0 1.64096 0 0 -2.77441  -0.0574547 0 0.0389911 0 0 -0.0430041  0.183347 0 0.320052 0 0 0.237733  0 0 0 0 0 0  
34.8717 0.98221 0.0255301 -2.80852 0 2 0 0 -2.54538  -2.9283 0 1.62778 0 0 -2.74565  -0.0632488 0 0.0368585 0 0 -0.0506142  0.183029 0 0.335357 0 0 0.25088  0 0 0 0 0 0  
35.8142 1.00617 0.0252757 -2.75752 0 2 0 0 -2.60714  -2.86242 0 1.63307 0 0 -2.79519  -0.0525861 0 0.0406435 0 0 -0.0452867  0.157485 0 0.326291 0 0 0.233333  0 0 0 0 0 0  
36.7566 1.03039 0.0257342 -2.79862 0 2 0 0 -2.75974  -2.91099 0 1.6398 0 0 -2.95211  -0.0562117 0 0.0380084 0 0 -0.0442595  0.168583 0 0.322196 0 0 0.236626  0 0 0 0 0 0  
37.6991 1.05362 0.0238602 -2.92734 0 2 0 0 -2.92477  -3.02924 0 1.6729 0 0 -3.09415  -0.0518411 0 0.036307 0 0 -0.0359985  0.153735 0 0.29079 0 0 0.205371  0 0 0 0 0 0  
38.6416 1.07538 0.0220564 -2.97717 0 2 0 0 -3.01395  -3.06957 0 1.70656 0 0 -3.15368  -0.0298074 0 0.0350953 0 0 -0.0235702  0.122208 0 0.258344 0 0 0.163299  0 0 0 0 0 0  
39.5841 1.09515 0.0205317 -3.03351 0 2 0 0 -3.13974  -3.1216 0 1.7325 0 0 -3.27646  -0.0287878 0 0.0313194 0 0 -0.0196348  0.116878 0 0.236178 0 0 0.156353  0 0 0 0 0 0  
40.5265 1.11453 0.0209172 -3.00769 0 2 0 0 -3.25961  -3.09683 0 1.73577 0 0 -3.38779  -0.0291346 0 0.0302453 0 0 -0.0118605  0.118277 0 0.233986 0 0 0.140039  0 0 0 0 0 0  
41.469 1.13465 0.0221465 -2.90382 0 2 0 0 -3.24926  -2.99406 0 1.73132 0 0 -3.37377  -0.0306997 0 0.0311139 0 0 -0.0141875  0.120943 0 0.23757 0 0 0.138705  0 0 0 0 0 0  
42.4115 1.15591 0.0233041 -2.87941 0 2 0 0 -3.23889  -2.96956 0 1.71598 0 0 -3.35813  -0.0382012 0 0.0351836 0 0 -0.0229553  0.128357 0 0.248841 0 0 0.142195  0 0 0 0 0 0  
43.354 1.17891 0.0251542 -2.84748 0 2 0 0 -3.24818  -2.93657 0 1.69269 0 0 -3.36729  -0.0386138 0 0.0402871 0 0 -0.0206177  0.127703 0 0.267024 0 0 0.139724  0 0 0 0 0 0  
44.2965 1.20313 0.0262398 -2.78863 0 2 0 0 -3.2638  -2.88763 0 1.68455 0 0 -3.38992  -0.0426673 0 0.042694 0 0 -0.0255909  0.141668 0 0.272752 0 0 0.15171  0 0 0 0 0 0  
45.2389 1.22792 0.0259236 -2.57397 0 2 0 0 -3.12629  -2.70336 0 1.66965 0 0 -3.28994  -0.0502476 0 0.0435642 0 0 -0.029454  0.179634 0 0.286788 0 0 0.193102  0 0 0 0 0 0  
46.1814 1.2517 0.0245404 -2.42877 0 2 0 0 -3.06377  -2.60211 0 1.66954 0 0 -3.24357  -0.0544062 0 0.0356887 0 0 -0.0325344  0.227747 0 0.294773 0 0 0.212335  0 0 0 0 0 0  
47.1239 1.27502 0.0249723 -2.37156 0 2 0 0 -3.00273  -2.55437 0 1.66124 0 0 -3.18258  -0.0515 0 0.0344733 0 0 -0.0268581  0.234307 0 0.304285 0 0 0.2067  0 0 0 0 0 0  
48.0664 1.2989 0.0259856 -2.41608 0 2 0 0 -2.98797  -2.58544 0 1.64607 0 0 -3.16459  -0.0573601 0 0.0341274 0 0 -0.0352856  0.226717 0 0.319808 0 0 0.211897  0 0 0 0 0 0  
49.0088 1.32366 0.0267286 -2.39951 0 2 0 0 -2.92362  -2.55458 0 1.62395 0 0 -3.11412  -0.0650285 0 0.0321974 0 0 -0.0445688  0.220104 0 0.34385 0 0 0.23507  0 0 0 0 0 0  
49.9513 1.34912 0.0272522 -2.44285 0 2 0 0 -2.8999  -2.59218 0 1.61452 0 0 -3.09957  -0.0599344 0 0.0346068 0 0 -0.0493996  0.209266 0 0.350876 0 0 0.249071  0 0 0 0 0 0  
50.8938 1.3748 0.0270461 -2.48633 0 2 0 0 -2.98531  -2.6275 0 1.62468 0 0 -3.16593  -0.0571876 0 0.0339345 0 0 -0.0455606  0.198359 0 0.34139 0 0 0.226182  0 0 0 0 0 0  
51.8363 1.4005 0.0275471 -2.6045 0 2 0 0 -3.00462  -2.73809 0 1.63408 0 0 -3.18875  -0.0572284 0 0.0319604 0 0 -0.0437585  0.19082 0 0.333955 0 0 0.227891  0 0 0 0 0 0  
52.7788 1.42656 0.0282546 -2.59055 0 2 0 0 -2.97237  -2.71516 0 1.625 0 0 -3.13007  -0.056701 0 0.0385558 0 0 -0.0479926  0.181309 0 0.336449 0 0 0.205698  0 0 0 0 0 0  
53.7212 1.45354 0.028397 -2.52583 0 2 0 0 -2.79003  -2.65298 0 1.60319 0 0 -2.98431  -0.071056 0 0.0381446 0 0 -0.0608447  0.198202 0 0.358665 0 0 0.255127  0 0 0 0 0 0  
54.6637 1.47987 0.0269034 -2.44433 0 2 0 0 -2.69825  -2.5721 0 1.62546 0 0 -2.88868  -0.0554682 0 0.0348517 0 0 -0.0565808  0.183235 0 0.339685 0 0 0.24701  0 0 0 0 0 0  
55.6062 1.50434 0.0251259 -2.46081 0 2 0 0 -2.79349  -2.57903 0 1.64674 0 0 -2.97413  -0.0627186 0 0.0338871 0 0 -0.0619402  0.180934 0 0.319369 0 0 0.242584  0 0 0 0 0 0  
56.5487 1.5273 0.0237066 -2.60572 0 2 0 0 -3.02714  -2.69084 0 1.67034 0 0 -3.17108  -0.0552613 0 0.0332273 0 0 -0.0536374  0.140372 0 0.296435 0 0 0.197579  0 0 0 0 0 0  
57.4911 1.54959 0.0236392 -2.72707 0 2 0 0 -3.18292  -2.79676 0 1.69139 0 0 -3.29868  -0.0414144 0 0.0354761 0 0 -0.0388774  0.111101 0 0.273132 0 0 0.154635  0 0 0 0 0 0  
58.4336 1.5715 0.0225168 -2.7459 0 2 0 0 -3.25603  -2.81549 0 1.70238 0 0 -3.35775  -0.0444925 0 0.0362807 0 0 -0.0428418  0.114083 0 0.261337 0 0 0.144562  0 0 0 0 0 0  
59.3761 1.59266 0.0220244 -2.66776 0 2 0 0 -3.23879  -2.74463 0 1.69003 0 0 -3.346  -0.0447194 0 0.0386598 0 0 -0.0407985  0.121595 0 0.271305 0 0 0.148011  0 0 0 0 0 0  
60.3186 1.61313 0.0212202 -2.60585 0 2 0 0 -3.18296  -2.70946 0 1.70172 0 0 -3.31851  -0.0392966 0 0.0314443 0 0 -0.0445092  0.142899 0 0.266835 0 0 0.180054  0 0 0 0 0 0  
61.2611 1.63274 0.0204958 -2.56839 0 2 0 0 -3.12198  -2.68329 0 1.72443 0 0 -3.26807  -0.0326417 0 0.0254916 0 0 -0.0405059  0.14755 0 0.250083 0 0 0.1866  0 0 0 0 0 0  
62.2035 1.65199 0.0209203 -2.48012 0 2 0 0 -3.09254  -2.60127 0 1.72144 0 0 -3.23788  -0.0310218 0 0.023739 0 0 -0.0319187  0.152173 0 0.254823 0 0 0.177266  0 0 0 0 0 0  
63.146 1.67194 0.0216172 -2.38103 0 2 0 0 -3.10655  -2.51848 0 1.70752 0 0 -3.26234  -0.033982 0 0.0251989 0 0 -0.037259  0.171436 0 0.267285 0 0 0.193047  0 0 0 0 0 0  
64.0885 1.69315 0.0234523 -2.29919 0 2 0 0 -3.09478  -2.46728 0 1.67552 0 0 -3.26623  -0.0321848 0 0.0263162 0 0 -0.0424946  0.200274 0 0.298161 0 0 0.21395  0 0 0 0 0 0  
65.031 1.71603 0.0250742 -2.24571 0 2 0 0 -3.09141  -2.4159 0 1.66049 0 0 -3.27424  -0.0461884 0 0.0276273 0 0 -0.0399303  0.216378 0 0.31188 0 0 0.222752  0 0 0 0 0 0  
65.9734 1.74058 0.0269149 -2.2444 0 2 0 0 -3.04833  -2.41607 0 1.62682 0 0 -3.24067  -0.0549677 0 0.0311601 0 0 -0.0418589  0.22664 0 0.34202 0 0 0.234204  0 0 0 0 0 0  
66.9159 1.76656 0.0277623 -2.28259 0 2 0 0 -2.9899  -2.43899 0 1.61294 0 0 -3.1826  -0.0621623 0 0.0327544 0 0 -0.0463322  0.218561 0 0.354302 0 0 0.239028  0 0 0 0 0 0  
67.8584 1.79331 0.0279248 -2.46518 0 2 0 0 -2.88857  -2.6041 0 1.62658 0 0 -3.07964  -0.0559167 0 0.0334357 0 0 -0.0427388  0.194841 0 0.339987 0 0 0.233802  0 0 0 0 0 0  
68.8009 1.81904 0.0268835 -2.61322 0 2 0 0 -2.88766  -2.73191 0 1.62466 0 0 -3.05625  -0.0574473 0 0.0389713 0 0 -0.0513944  0.176129 0 0.336372 0 0 0.219981  0 0 0 0 0 0  
69.7434 1.84443 0.0268607 -2.67063 0 2 0 0 -2.92298  -2.77722 0 1.64099 0 0 -3.08901  -0.0521817 0 0.0370904 0 0 -0.0438117  0.158771 0 0.321923 0 0 0.209845  0 0 0 0 0 0  
70.6858 1.87013 0.0279277 -2.70447 0 2 0 0 -2.88662  -2.81151 0 1.64113 0 0 -3.07583  -0.0581432 0 0.0346227 0 0 -0.0455757  0.165182 0 0.324248 0 0 0.234789  0 0 0 0 0 0  
71.6283 1.89674 0.0286162 -2.6517 0 2 0 0 -2.81018  -2.77622 0 1.61498 0 0 -3.02888  -0.065279 0 0.0370784 0 0 -0.0412461  0.1898 0 0.347944 0 0 0.259945  0 0 0 0 0 0  
72.5708 1.92379 0.0291077 -2.64237 0 2 0 0 -2.66677  -2.79745 0 1.60841 0 0 -2.90794  -0.0747226 0 0.0316512 0 0 -0.0461365  0.229804 0 0.35994 0 0 0.287306  0 0 0 0 0 0  
73.5133 1.95045 0.0279373 -2.73234 0 2 0 0 -2.62931  -2.88833 0 1.61731 0 0 -2.84876  -0.073852 0 0.032825 0 0 -0.058786  0.229847 0 0.349869 0 0 0.278237  0 0 0 0 0 0  
74.4557 1.9767 0.0272236 -2.71263 0 2 0 0 -2.57965  -2.85854 0 1.63128 0 0 -2.78579  -0.065881 0 0.0331227 0 0 -0.0637741  0.211794 0 0.335595 0 0 0.269922  0 0 0 0 0 0  
75.3982 2.00229 0.0272821 -2.71998 0 2 0 0 -2.70129  -2.86135 0 1.63238 0 0 -2.9041  -0.0571059 0 0.0331469 0 0 -0.057891  0.198477 0 0.334472 0 0 0.260698  0 0 0 0 0 0  
76.3407 2.02788 0.026738 -2.77624 0 2 0 0 -2.87785  -2.89862 0 1.64297 0 0 -3.05563  -0.0547653 0 0.0357925 0 0 -0.0465549  0.177137 0 0.321241 0 0 0.224329  0 0 0 0 0 0  
77.2832 2.05317 0.0269266 -2.84375 0 2 0 0 -3.07552  -2.93862 0 1.65327 0 0 -3.2463  -0.0541284 0 0.037339 0 0 -0.0495371  0.149007 0 0.309392 0 0 0.220313  0 0 0 0 0 0  
78.2257 2.07864 0.0271396 -2.85559 0 2 0 0 -3.27174  -2.94173 0 1.65433 0 0 -3.44785  -0.0607394 0 0.0364517 0 0 -0.0569728  0.146882 0 0.309217 0 0 0.233084  0 0 0 0 0 0  
79.1681 2.10407 0.0271083 -2.87948 0 2 0 0 -3.35023  -2.9646 0 1.65688 0 0 -3.53091  -0.0632555 0 0.0366511 0 0 -0.0554182  0.148368 0 0.30647 0 0 0.236098  0 0 0 0 0 0  
80.1106 2.12954 0.0272285 -2.84515 0 2 0 0 -3.28246  -2.9196 0 1.648 0 0 -3.45687  -0.0718583 0 0.0389946 0 0 -0.0606117  0.146309 0 0.313009 0 0 0.235026  0 0 0 0 0 0  
81.0531 2.15587 0.0278978 -2.74965 0 2 0 0 -3.17698  -2.84234 0 1.62549 0 0 -3.37653  -0.0681015 0 0.0378361 0 0 -0.0595031  0.160795 0 0.336679 0 0 0.259061  0 0 0 0 0 0  
81.9956 2.1819 0.0270832 -2.77602 0 2 0 0 -3.13068  -2.86251 0 1.62708 0 0 -3.31554  -0.0663855 0 0.0381775 0 0 -0.04636  0.152876 0 0.334739 0 0 0.231223  0 0 0 0 0 0  
82.938 2.20712 0.0274758 -2.84664 0 2 0 0 -3.12833  -2.96233 0 1.62552 0 0 -3.33991  -0.0620485 0 0.0341162 0 0 -0.0522799  0.177736 0 0.340366 0 0 0.263863  0 0 0 0 0 0  
83.8805 2.2335 0.0278671 -2.97082 0 2 0 0 -3.12937  -3.07853 0 1.64486 0 0 -3.33143  -0.0580264 0 0.0325613 0 0 -0.0503303  0.165745 0 0.322574 0 0 0.252384  0 0 0 0 0 0  
84.823 2.25985 0.0286363 -2.98225 0 2 0 0 -3.04207  -3.10301 0 1.6316 0 0 -3.25149  -0.0601808 0 0.0304927 0 0 -0.0699556  0.180935 0 0.337905 0 0 0.279373  0 0 0 0 0 0  
85.7655 2.28611 0.0278178 -2.93835 0 2 0 0 -2.88277  -3.05992 0 1.64081 0 0 -3.08572  -0.058363 0 0.0318882 0 0 -0.0539928  0.179931 0 0.327297 0 0 0.256942  0 0 0 0 0 0  
86.708 2.31282 0.0292915 -2.80421 0 2 0 0 -2.82153  -2.93442 0 1.60944 0 0 -3.0442  -0.055638 0 0.0305133 0 0 -0.0544683  0.185841 0 0.360047 0 0 0.277141  0 0 0 0 0 0  
87.6504 2.34117 0.0304251 -2.6796 0 2 0 0 -2.78088  -2.83026 0 1.58572 0 0 -3.0221  -0.0505872 0 0.0296692 0 0 -0.0617504  0.201247 0 0.384606 0 0 0.302971  0 0 0 0 0 0  
88.5929 2.37009 0.0303466 -2.53002 0 2 0 0 -2.76697  -2.6836 0 1.56486 0 0 -2.98989  -0.0563939 0 0.0389043 0 0 -0.0659416  0.209968 0 0.39624 0 0 0.288861  0 0 0 0 0 0  
89.5354 2.3984 0.0290897 -2.40929 0 2 0 0 -2.85671  -2.55457 0 1.57277 0 0 -3.08215  -0.0691922 0 0.0382201 0 0 -0.0617307  0.214468 0 0.389011 0 0 0.287172  0 0 0 0 0 0  
90.4779 2.42518 0.0281481 -2.45865 0 2 0 0 -2.96478  -2.59382 0 1.58899 0 0 -3.19151  -0.0736645 0 0.034039 0 0 -0.0674446  0.208842 0 0.376968 0 0 0.294173  0 0 0 0 0 0  
91.4203 2.45221 0.0292037 -2.51346 0 2 0 0 -3.06496  -2.64415 0 1.57674 0 0 -3.29485  -0.0665523 0 0.0357257 0 0 -0.0671963  0.197241 0 0.387533 0 0 0.297086  0 0 0 0 0 0  
92.3628 2.4797 0.0289833 -2.56506 0 2 0 0 -3.12734  -2.70091 0 1.5886 0 0 -3.3553  -0.0638667 0 0.0368133 0 0 -0.0599187  0.199711 0 0.374583 0 0 0.287881  0 0 0 0 0 0  
93.3053 2.50683 0.0284027 -2.59444 0 2 0 0 -3.17164  -2.72554 0 1.60862 0 0 -3.38036  -0.0513545 0 0.0392373 0 0 -0.050692  0.18245 0 0.352145 0 0 0.259417  0 0 0 0 0 0  
94.2478 2.53456 0.0298409 -2.65851 0 2 0 0 -3.17326  -2.79484 0 1.60606 0 0 -3.37986  -0.056718 0 0.0388033 0 0 -0.0476258  0.193044 0 0.355136 0 0 0.25423  0 0 0 0 0 0  
95.1903 2.56326 0.0311112 -2.66655 0 2 0 0 -3.07501  -2.80786 0 1.59596 0 0 -3.28743  -0.0669524 0 0.0383924 0 0 -0.0622151  0.208267 0 0.365651 0 0 0.274631  0 0 0 0 0 0  
96.1327 2.59341 0.0331677 -2.49952 0 2 0 0 -2.87279  -2.6749 0 1.55603 0 0 -3.12254  -0.0757822 0 0.0310641 0 0 -0.0774978  0.251161 0 0.412905 0 0 0.327251  0 0 0 0 0 0  
97.0752 2.62514 0.034887 -2.4154 0 2 0 0 -2.80247  -2.60442 0 1.51281 0 0 -3.05077  -0.0833095 0 0.0314071 0 0 -0.090531  0.272329 0 0.455782 0 0 0.338838  0 0 0 0 0 0  
98.0177 2.65823 0.0351353 -2.39542 0 2 0 0 -2.66215  -2.58578 0 1.49191 0 0 -2.9288  -0.0852064 0 0.0223446 0 0 -0.0977254  0.275572 0 0.485749 0 0 0.364384  0 0 0 0 0 0  
98.9602 2.69182 0.0359412 -2.36508 0 2 0 0 -2.54416  -2.57437 0 1.47044 0 0 -2.83619  -0.105566 0 0.0249712 0 0 -0.105877  0.314856 0 0.504585 0 0 0.397905  0 0 0 0 0 0  
99.9026 2.72565 0.0355273 -2.40139 0 2 0 0 -2.54659  -2.58194 0 1.51229 0 0 -2.8021  -0.101748 0 0.0301928 0 0 -0.101346  0.282299 0 0.45752 0 0 0.356852  0 0 0 0 0 0  
100.845 2.75824 0.0334235 -2.50035 0 2 0 0 -2.54486  -2.66985 0 1.52316 0 0 -2.75247  -0.0977531 0 0.0336941 0 0 -0.104712  0.26725 0 0.443146 0 0 0.312322  0 0 0 0 0 0  
101.788 2.78853 0.0308647 -2.59334 0 2 0 0 -2.53173  -2.72136 0 1.563 0 0 -2.71134  -0.089035 0 0.0406547 0 0 -0.0936229  0.217057 0 0.396341 0 0 0.27323  0 0 0 0 0 0  
102.73 2.81769 0.0310877 -2.66744 0 2 0 0 -2.58655  -2.78889 0 1.56769 0 0 -2.78938  -0.0955242 0 0.0363327 0 0 -0.0875813  0.216968 0 0.39598 0 0 0.290405  0 0 0 0 0 0  
103.673 2.84652 0.029873 -2.67053 0 2 0 0 -2.63406  -2.78859 0 1.57335 0 0 -2.84372  -0.0863514 0 0.0364782 0 0 -0.0770217  0.204408 0 0.39017 0 0 0.286683  0 0 0 0 0 0  
104.615 2.87347 0.0268961 -2.70311 0 2 0 0 -2.66551  -2.80363 0 1.62981 0 0 -2.84273  -0.0642275 0 0.0355515 0 0 -0.0625568  0.164749 0 0.334636 0 0 0.239783  0 0 0 0 0 0  
105.558 2.89909 0.026526 -2.88942 0 2 0 0 -2.77278  -2.96597 0 1.64582 0 0 -2.93346  -0.0741301 0 0.0316518 0 0 -0.0534563  0.150685 0 0.32253 0 0 0.214136  0 0 0 0 0 0  
106.5 2.92329 0.0250534 -3.0811 0 2 0 0 -2.94393  -3.16206 0 1.67745 0 0 -3.08764  -0.0554672 0 0.0296379 0 0 -0.036547  0.136425 0 0.29291 0 0 0.18025  0 0 0 0 0 0  
107.442 2.94627 0.0241882 -3.15724 0 2 0 0 -3.08799  -3.22751 0 1.69485 0 0 -3.21463  -0.0548902 0 0.032036 0 0 -0.0379037  0.125156 0 0.273113 0 0 0.164552  0 0 0 0 0 0  
108.385 2.96948 0.0253041 -3.23168 0 2 0 0 -3.22019  -3.29477 0 1.68976 0 0 -3.32726  -0.0561142 0 0.0365921 0 0 -0.0384928  0.119213 0 0.273653 0 0 0.145561  0 0 0 0 0 0  
109.327 2.99333 0.0254471 -3.21299 0 2 0 0 -3.20912  -3.26318 0 1.6879 0 0 -3.32201  -0.05919 0 0.039898 0 0 -0.0382129  0.109385 0 0.272205 0 0 0.151104  0 0 0 0 0 0  
110.27 3.01718 0.0251267 -3.14707 0 2 0 0 -3.07452  -3.21119 0 1.67933 0 0 -3.21141  -0.0692492 0 0.0389252 0 0 -0.0384727  0.133376 0 0.281748 0 0 0.175361  0 0 0 0 0 0  
111.212 3.0412 0.0257005 -3.10859 0 2 0 0 -2.89146  -3.21382 0 1.66413 0 0 -3.0536  -0.0502609 0 0.0348598 0 0 -0.0323018  0.155494 0 0.301014 0 0 0.19444  0 0 0 0 0 0  
112.155 3.06552 0.0261471 -3.06615 0 2 0 0 -2.87309  -3.17366 0 1.64633 0 0 -3.04771  -0.0452887 0 0.0377231 0 0 -0.0357002  0.152797 0 0.315952 0 0 0.210324  0 0 0 0 0 0  
113.097 3.08996 0.025915 -2.99177 0 2 0 0 -2.88285  -3.1055 0 1.63368 0 0 -3.05697  -0.0373114 0 0.0359765 0 0 -0.0406337  0.151039 0 0.330348 0 0 0.214761  0 0 0 0 0 0  
114.04 3.11468 0.0266407 -2.98615 0 2 0 0 -3.04461  -3.08984 0 1.60971 0 0 -3.21087  -0.0444732 0 0.0371833 0 0 -0.0528327  0.148159 0 0.353105 0 0 0.219098  0 0 0 0 0 0  
114.982 3.14005 0.0265771 -3.02473 0 2 0 0 -3.11155  -3.1115 0 1.6447 0 0 -3.26846  -0.0413618 0 0.0378682 0 0 -0.0461745  0.12813 0 0.31743 0 0 0.203079  0 0 0 0 0 0  
115.925 3.16573 0.0272367 -3.03196 0 2 0 0 -3.14502  -3.11349 0 1.64092 0 0 -3.30659  -0.0391152 0 0.0376418 0 0 -0.0443566  0.120643 0 0.321442 0 0 0.205919  0 0 0 0 0 0  
116.867 3.19098 0.0261181 -3.00859 0 2 0 0 -3.07725  -3.09736 0 1.64907 0 0 -3.24816  -0.0418615 0 0.0386029 0 0 -0.0490974  0.130635 0 0.312326 0 0 0.220011  0 0 0 0 0 0  
117.81 3.21522 0.0254488 -2.87096 0 2 0 0 -2.98531  -2.95725 0 1.65189 0 0 -3.14503  -0.0447193 0 0.0367454 0 0 -0.0456146  0.131012 0 0.31136 0 0 0.205344  0 0 0 0 0 0  
118.752 3.2398 0.0272511 -2.89487 0 2 0 0 -2.84795  -3.00311 0 1.63339 0 0 -3.02583  -0.0464818 0 0.0362919 0 0 -0.0516096  0.154718 0 0.330323 0 0 0.229486  0 0 0 0 0 0  
119.695 3.2659 0.0279289 -2.8468 0 2 0 0 -2.73394  -2.95975 0 1.6202 0 0 -2.94501  -0.0514685 0 0.0323414 0 0 -0.0624154  0.164417 0 0.347463 0 0 0.273487  0 0 0 0 0 0  
120.637 3.2914 0.0263271 -2.86935 0 2 0 0 -2.68613  -2.97834 0 1.63474 0 0 -2.88456  -0.0580971 0 0.0291992 0 0 -0.0610021  0.167094 0 0.336059 0 0 0.259431  0 0 0 0 0 0  
121.58 3.31492 0.0234438 -2.97846 0 2 0 0 -2.91265  -3.06783 0 1.67006 0 0 -3.06843  -0.0556594 0 0.0291132 0 0 -0.0534882  0.145037 0 0.300823 0 0 0.20927  0 0 0 0 0 0  
122.522 3.33672 0.0229475 -2.98552 0 2 0 0 -3.06868  -3.07459 0 1.69041 0 0 -3.21253  -0.0452453 0 0.0301636 0 0 -0.0394601  0.134306 0 0.279431 0 0 0.183302  0 0 0 0 0 0  
123.465 3.35863 0.0229658 -3.06115 0 2 0 0 -3.20577  -3.14035 0 1.68923 0 0 -3.33674  -0.0466295 0 0.0347437 0 0 -0.0388199  0.125826 0 0.276025 0 0 0.169787  0 0 0 0 0 0  
124.407 3.38005 0.022588 -3.1601 0 2 0 0 -3.2518  -3.24387 0 1.70171 0 0 -3.39789  -0.0438296 0 0.0323771 0 0 -0.034016  0.127606 0 0.265912 0 0 0.180107  0 0 0 0 0 0  
125.35 3.4015 0.0226248 -3.23368 0 2 0 0 -3.34637  -3.31548 0 1.70744 0 0 -3.47364  -0.0365763 0 0.0349698 0 0 -0.0350613  0.118377 0 0.257595 0 0 0.162331  0 0 0 0 0 0  
126.292 3.42297 0.0230397 -3.218 0 2 0 0 -3.41591  -3.29291 0 1.6969 0 0 -3.51745  -0.0355723 0 0.0364323 0 0 -0.0390582  0.110487 0 0.266667 0 0 0.140595  0 0 0 0 0 0  
127.235 3.44487 0.0227657 -3.16176 0 2 0 0 -3.48467  -3.23604 0 1.70556 0 0 -3.58562  -0.033832 0 0.0360706 0 0 -0.0326331  0.108111 0 0.258373 0 0 0.133585  0 0 0 0 0 0  
128.177 3.46567 0.0212182 -3.19864 0 2 0 0 -3.56865  -3.26629 0 1.73124 0 0 -3.65819  -0.0312116 0 0.0334239 0 0 -0.0331475  0.0988625 0 0.235333 0 0 0.122688  0 0 0 0 0 0  
129.119 3.48523 0.0203389 -3.25584 0 2 0 0 -3.6076  -3.32479 0 1.74844 0 0 -3.68813  -0.0386976 0 0.0278679 0 0 -0.032183  0.107654 0 0.223697 0 0 0.112714  0 0 0 0 0 0  
130.062 3.50462 0.0209174 -3.23946 0 2 0 0 -3.53314  -3.30973 0 1.73898 0 0 -3.61789  -0.0395323 0 0.0265949 0 0 -0.0319492  0.109797 0 0.234424 0 0 0.116699  0 0 0 0 0 0  
131.004 3.5241 0.020181 -3.20744 0 2 0 0 -3.48293  -3.28099 0 1.74809 0 0 -3.58048  -0.0322691 0 0.0269286 0 0 -0.0296357  0.105818 0 0.224977 0 0 0.127183  0 0 0 0 0 0  
131.947 3.54325 0.0205384 -3.22523 0 2 0 0 -3.45484  -3.30105 0 1.74778 0 0 -3.5671  -0.0264977 0 0.0286101 0 0 -0.0273892  0.102318 0 0.22361 0 0 0.139646  0 0 0 0 0 0  
132.889 3.56368 0.0224829 -3.2356 0 2 0 0 -3.49475  -3.3186 0 1.73576 0 0 -3.61089  -0.0287986 0 0.0288229 0 0 -0.0284539  0.111801 0 0.235421 0 0 0.144598  0 0 0 0 0 0  
133.832 3.58526 0.0233538 -3.28433 0 2 0 0 -3.54002  -3.36466 0 1.72546 0 0 -3.65586  -0.0333266 0 0.0306679 0 0 -0.0248765  0.11365 0 0.243874 0 0 0.140719  0 0 0 0 0 0  
134.774 3.6078 0.0244239 -3.30149 0 2 0 0 -3.48724  -3.40504 0 1.71808 0 0 -3.6102  -0.0376755 0 0.0294315 0 0 -0.0258911  0.141228 0 0.252491 0 0 0.148853  0 0 0 0 0 0  
135.717 3.63045 0.0233259 -3.22988 0 2 0 0 -3.2883  -3.33914 0 1.72287 0 0 -3.42816  -0.0342411 0 0.0286659 0 0 -0.0253882  0.143495 0 0.248459 0 0 0.165247  0 0 0 0 0 0  
136.659 3.65169 0.0216405 -3.17243 0 2 0 0 -3.13665  -3.27501 0 1.71893 0 0 -3.27158  -0.0317175 0 0.0284875 0 0 -0.0259615  0.134297 0 0.252579 0 0 0.160887  0 0 0 0 0 0  
137.602 3.67118 0.019826 -3.16933 0 2 0 0 -3.06567  -3.2559 0 1.73406 0 0 -3.18539  -0.0222928 0 0.0313809 0 0 -0.0173905  0.108855 0 0.234559 0 0 0.13711  0 0 0 0 0 0  
138.544 3.6894 0.0196341 -3.20699 0 2 0 0 -3.01284  -3.28894 0 1.74557 0 0 -3.13196  -0.0250224 0 0.0336328 0 0 -0.0168643  0.106978 0 0.220793 0 0 0.135985  0 0 0 0 0 0  
139.487 3.70755 0.0194252 -3.17546 0 2 0 0 -2.98917  -3.26227 0 1.73707 0 0 -3.12033  -0.0213333 0 0.0349361 0 0 -0.0163049  0.10814 0 0.22799 0 0 0.147464  0 0 0 0 0 0  
140.429 3.72652 0.0203794 -3.08539 0 2 0 0 -2.89211  -3.19111 0 1.71843 0 0 -3.05181  -0.0316901 0 0.0314744 0 0 -0.0280328  0.137408 0 0.250095 0 0 0.187733  0 0 0 0 0 0  
141.372 3.74624 0.0216654 -3.04835 0 2 0 0 -2.85461  -3.16177 0 1.69968 0 0 -3.01737  -0.0378984 0 0.029345 0 0 -0.0398761  0.151318 0 0.270975 0 0 0.202634  0 0 0 0 0 0  
142.314 3.76631 0.0207556 -3.1849 0 2 0 0 -2.96542  -3.27671 0 1.71491 0 0 -3.09278  -0.0387551 0 0.0307754 0 0 -0.031963  0.130565 0 0.254312 0 0 0.159323  0 0 0 0 0 0  
143.257 3.78558 0.0201428 -3.24804 0 2 0 0 -3.01991  -3.33243 0 1.73498 0 0 -3.13987  -0.0272308 0 0.0319376 0 0 -0.0251371  0.111614 0 0.233082 0 0 0.14509  0 0 0 0 0 0  
144.199 3.80421 0.0196909 -3.25289 0 2 0 0 -3.04689  -3.33116 0 1.74502 0 0 -3.15526  -0.0276469 0 0.0316836 0 0 -0.023008  0.105922 0 0.223294 0 0 0.131379  0 0 0 0 0 0  
145.142 3.82356 0.0212056 -3.19453 0 2 0 0 -3.16818  -3.27722 0 1.73072 0 0 -3.2888  -0.0301266 0 0.0297282 0 0 -0.0261509  0.112814 0 0.239547 0 0 0.146766  0 0 0 0 0 0  
146.084 3.8441 0.0224913 -3.11771 0 2 0 0 -3.23624  -3.21821 0 1.71929 0 0 -3.37928  -0.0321614 0 0.0264393 0 0 -0.0320179  0.132662 0 0.254275 0 0 0.175059  0 0 0 0 0 0  
147.027 3.86589 0.0237063 -3.09593 0 2 0 0 -3.2836  -3.19668 0 1.7014 0 0 -3.42983  -0.0366594 0 0.0297406 0 0 -0.0341406  0.137407 0 0.268857 0 0 0.180375  0 0 0 0 0 0  
147.969 3.88848 0.0238487 -3.08101 0 2 0 0 -3.30106  -3.17638 0 1.69284 0 0 -3.4365  -0.0377986 0 0.0346291 0 0 -0.0394845  0.133161 0 0.272534 0 0 0.174923  0 0 0 0 0 0  
148.911 3.91069 0.023943 -2.98487 0 2 0 0 -3.25349  -3.0703 0 1.69165 0 0 -3.38489  -0.0474016 0 0.0333899 0 0 -0.0398941  0.132839 0 0.274959 0 0 0.171293  0 0 0 0 0 0  
149.854 3.93346 0.0249901 -2.94148 0 2 0 0 -3.19611  -3.01799 0 1.67697 0 0 -3.32456  -0.0611562 0 0.0377321 0 0 -0.0488371  0.137662 0 0.285297 0 0 0.177296  0 0 0 0 0 0  
150.796 3.95753 0.0260882 -2.93981 0 2 0 0 -3.15396  -3.02638 0 1.65729 0 0 -3.30579  -0.0646912 0 0.0389019 0 0 -0.0485693  0.151254 0 0.303807 0 0 0.200395  0 0 0 0 0 0  
151.739 3.9819 0.0252575 -3.03731 0 2 0 0 -3.11353  -3.11739 0 1.66587 0 0 -3.25795  -0.0650558 0 0.0395388 0 0 -0.0465807  0.145133 0 0.294596 0 0 0.190994  0 0 0 0 0 0  
152.681 4.00434 0.0226137 -3.17888 0 2 0 0 -3.1453  -3.25446 0 1.68839 0 0 -3.29141  -0.0569413 0 0.0320684 0 0 -0.0400354  0.132524 0 0.279546 0 0 0.186153  0 0 0 0 0 0  
153.624 4.02561 0.0223312 -3.17004 0 2 0 0 -3.10704  -3.26188 0 1.70459 0 0 -3.26677  -0.0535315 0 0.0316596 0 0 -0.0320483  0.145363 0 0.263748 0 0 0.191772  0 0 0 0 0 0  
154.566 4.04619 0.0215994 -3.13424 0 2 0 0 -3.06784  -3.23217 0 1.71161 0 0 -3.21637  -0.0486919 0 0.0340893 0 0 -0.0395497  0.146627 0 0.254299 0 0 0.188073  0 0 0 0 0 0  
155.509 4.06665 0.021592 -3.0563 0 2 0 0 -3.03633  -3.16064 0 1.70331 0 0 -3.19969  -0.0495828 0 0.0326086 0 0 -0.032969  0.153923 0 0.264081 0 0 0.196327  0 0 0 0 0 0  
156.451 4.08699 0.021275 -2.94499 0 2 0 0 -2.91872  -3.07155 0 1.69689 0 0 -3.09588  -0.0488585 0 0.0274807 0 0 -0.0260615  0.175425 0 0.27563 0 0 0.203226  0 0 0 0 0 0  
157.394 4.10741 0.0219767 -2.92146 0 2 0 0 -2.90339  -3.06061 0 1.70053 0 0 -3.07612  -0.0396517 0 0.0314221 0 0 -0.0303559  0.1788 0 0.268044 0 0 0.203095  0 0 0 0 0 0  
158.336 4.12845 0.0226014 -2.95549 0 2 0 0 -2.9113  -3.09073 0 1.69789 0 0 -3.06969  -0.0414464 0 0.0307483 0 0 -0.0323444  0.176686 0 0.271361 0 0 0.190731  0 0 0 0 0 0  
159.279 4.15077 0.0242345 -2.95764 0 2 0 0 -2.8686  -3.08714 0 1.69425 0 0 -3.04283  -0.0323138 0 0.0321584 0 0 -0.0287727  0.161813 0 0.273592 0 0 0.202999  0 0 0 0 0 0  
160.221 4.1737 0.0239702 -2.94416 0 2 0 0 -2.83613  -3.05735 0 1.70055 0 0 -2.99982  -0.0249914 0 0.0320254 0 0 -0.0305278  0.138185 0 0.267422 0 0 0.194222  0 0 0 0 0 0  
161.164 4.19636 0.024265 -2.86556 0 2 0 0 -2.89111  -2.98036 0 1.6926 0 0 -3.04723  -0.0240875 0 0.0368849 0 0 -0.0290303  0.138886 0 0.270514 0 0 0.185152  0 0 0 0 0 0  
162.106 4.21923 0.0241723 -2.74157 0 2 0 0 -2.93191  -2.86273 0 1.69751 0 0 -3.09995  -0.0185174 0 0.0355469 0 0 -0.0265422  0.139676 0 0.266939 0 0 0.194584  0 0 0 0 0 0  
163.049 4.24207 0.0245062 -2.69971 0 2 0 0 -2.96939  -2.82515 0 1.67417 0 0 -3.15531  -0.028902 0 0.0361349 0 0 -0.0265929  0.15434 0 0.289691 0 0 0.212512  0 0 0 0 0 0  
163.991 4.26581 0.0257387 -2.73072 0 2 0 0 -2.91732  -2.8543 0 1.65087 0 0 -3.12178  -0.0433256 0 0.0372682 0 0 -0.037324  0.166909 0 0.31186 0 0 0.241782  0 0 0 0 0 0  
164.934 4.29004 0.025735 -2.9078 0 2 0 0 -2.95772  -3.02098 0 1.65617 0 0 -3.1615  -0.0442625 0 0.0360939 0 0 -0.0399668  0.157439 0 0.30774 0 0 0.243749  0 0 0 0 0 0  
165.876 4.31438 0.0261469 -3.05496 0 2 0 0 -3.002  -3.16085 0 1.66797 0 0 -3.17709  -0.0431007 0 0.0353937 0 0 -0.0472036  0.148994 0 0.29664 0 0 0.222294  0 0 0 0 0 0  
166.819 4.3391 0.0259841 -3.1334 0 2 0 0 -3.04171  -3.24424 0 1.66502 0 0 -3.2027  -0.04599 0 0.0344242 0 0 -0.0495781  0.156831 0 0.300551 0 0 0.21056  0 0 0 0 0 0  
167.761 4.36327 0.0250855 -3.1915 0 2 0 0 -2.989  -3.30642 0 1.67941 0 0 -3.13945  -0.045157 0 0.0393814 0 0 -0.047968  0.160076 0 0.281205 0 0 0.198423  0 0 0 0 0 0  
168.704 4.3867 0.0244122 -3.17547 0 2 0 0 -2.86664  -3.30918 0 1.67929 0 0 -3.04087  -0.0415374 0 0.0331232 0 0 -0.037621  0.175252 0 0.287586 0 0 0.211851  0 0 0 0 0 0  
169.646 4.40892 0.023 -3.21978 0 2 0 0 -2.76045  -3.34794 0 1.68313 0 0 -2.95427  -0.0402462 0 0.0279673 0 0 -0.0409071  0.16841 0 0.288904 0 0 0.234726  0 0 0 0 0 0  
170.588 4.43084 0.0233197 -3.24513 0 2 0 0 -2.66828  -3.37933 0 1.67736 0 0 -2.85827  -0.0451211 0 0.0311126 0 0 -0.0370418  0.179318 0 0.291529 0 0 0.227026  0 0 0 0 0 0  
171.531 4.45301 0.0232131 -3.22239 0 2 0 0 -2.70062  -3.35296 0 1.68653 0 0 -2.87371  -0.046593 0 0.0299777 0 0 -0.0422433  0.177162 0 0.28349 0 0 0.215327  0 0 0 0 0 0  
172.473 4.4754 0.0242373 -3.22253 0 2 0 0 -2.72033  -3.35099 0 1.67421 0 0 -2.88477  -0.0484846 0 0.0287564 0 0 -0.0380258  0.176944 0 0.297038 0 0 0.202456  0 0 0 0 0 0  
173.416 4.49856 0.0250583 -3.11757 0 2 0 0 -2.80326  -3.23509 0 1.66336 0 0 -2.96712  -0.0507813 0 0.0330875 0 0 -0.042527  0.168301 0 0.303553 0 0 0.206387  0 0 0 0 0 0  
174.358 4.52231 0.0253784 -3.09888 0 2 0 0 -2.89128  -3.21488 0 1.65911 0 0 -3.05621  -0.0449056 0 0.0329702 0 0 -0.0341549  0.160905 0 0.307921 0 0 0.199086  0 0 0 0 0 0  
175.301 4.54695 0.0262718 -3.04879 0 2 0 0 -2.926  -3.16688 0 1.6514 0 0 -3.09687  -0.0487052 0 0.0350773 0 0 -0.0384999  0.166794 0 0.313522 0 0 0.209369  0 0 0 0 0 0  
176.243 4.57195 0.0268149 -2.93001 0 2 0 0 -2.82996  -3.06743 0 1.6346 0 0 -3.03246  -0.0540628 0 0.0347789 0 0 -0.0454835  0.191481 0 0.330619 0 0 0.247982  0 0 0 0 0 0  
177.186 4.59756 0.0276089 -2.92017 0 2 0 0 -2.76682  -3.05547 0 1.62725 0 0 -2.96199  -0.0587154 0 0.0381104 0 0 -0.0489572  0.194022 0 0.334637 0 0 0.244126  0 0 0 0 0 0  
178.128 4.6234 0.0272195 -2.88941 0 2 0 0 -2.82851  -3.02089 0 1.63515 0 0 -3.00981  -0.0578968 0 0.036832 0 0 -0.0522233  0.189379 0 0.328016 0 0 0.233515  0 0 0 0 0 0  
179.071 4.64895 0.027018 -2.94227 0 2 0 0 -2.88266  -3.07189 0 1.65097 0 0 -3.03988  -0.0447104 0 0.0382903 0 0 -0.0443092  0.174332 0 0.310737 0 0 0.201523  0 0 0 0 0 0  
180.013 4.67316 0.0252392 -2.98101 0 2 0 0 -2.8438  -3.11205 0 1.67538 0 0 -3.00301  -0.0380913 0 0.0299703 0 0 -0.0384157  0.169138 0 0.294653 0 0 0.197626  0 0 0 0 0 0  
180.956 4.69593 0.0230945 -3.0512 0 2 0 0 -2.83923  -3.15348 0 1.69308 0 0 -2.96857  -0.0399323 0 0.0330844 0 0 -0.034007  0.142212 0 0.273833 0 0 0.163345  0 0 0 0 0 0  
181.898 4.71718 0.0220531 -3.14156 0 2 0 0 -2.84424  -3.24978 0 1.7098 0 0 -2.96445  -0.0397398 0 0.0328554 0 0 -0.0349637  0.147966 0 0.257342 0 0 0.155171  0 0 0 0 0 0  
182.841 4.7378 0.0214216 -3.28441 0 2 0 0 -2.89247  -3.37904 0 1.71167 0 0 -3.01699  -0.0360724 0 0.0333 0 0 -0.0382053  0.13071 0 0.255026 0 0 0.162722  0 0 0 0 0 0  
183.783 4.75781 0.0209716 -3.38709 0 2 0 0 -3.00312  -3.47464 0 1.72317 0 0 -3.13382  -0.0390984 0 0.0324191 0 0 -0.0386041  0.126647 0 0.244406 0 0 0.169304  0 0 0 0 0 0  
184.726 4.77752 0.0207145 -3.38881 0 2 0 0 -3.02508  -3.47922 0 1.73281 0 0 -3.14742  -0.0306646 0 0.0293098 0 0 -0.0335394  0.121078 0 0.237881 0 0 0.155873  0 0 0 0 0 0  
185.668 4.79665 0.0200049 -3.3575 0 2 0 0 -3.0291  -3.4408 0 1.73613 0 0 -3.13516  -0.0274385 0 0.0311154 0 0 -0.0308533  0.110739 0 0.23275 0 0 0.13691  0 0 0 0 0 0  
186.611 4.81637 0.021641 -3.25113 0 2 0 0 -2.95163  -3.34911 0 1.71123 0 0 -3.08557  -0.0211546 0 0.0327861 0 0 -0.0297881  0.119142 0 0.255984 0 0 0.163729  0 0 0 0 0 0  
187.553 4.8366 0.0216036 -3.14721 0 2 0 0 -2.92408  -3.23469 0 1.71134 0 0 -3.04452  -0.0289099 0 0.0343287 0 0 -0.0286031  0.116396 0 0.254332 0 0 0.149037  0 0 0 0 0 0  
188.496 4.85763 0.0229259 -3.04766 0 2 0 0 -2.8795  -3.15457 0 1.6921 0 0 -3.02283  -0.0358311 0 0.0316353 0 0 -0.0259219  0.142746 0 0.27627 0 0 0.169253  0 0 0 0 0 0  
189.438 4.87967 0.0238558 -2.97605 0 2 0 0 -2.81799  -3.09158 0 1.67744 0 0 -2.97703  -0.037009 0 0.0328871 0 0 -0.0223551  0.152538 0 0.289671 0 0 0.181397  0 0 0 0 0 0  
190.381 4.90272 0.02504 -2.98201 0 2 0 0 -2.85002  -3.08624 0 1.66358 0 0 -3.0051  -0.0373294 0 0.0376664 0 0 -0.0317559  0.141568 0 0.298754 0 0 0.186835  0 0 0 0 0 0  
191.323 4.92716 0.0268484 -2.95653 0 2 0 0 -2.8375  -3.0508 0 1.64167 0 0 -2.96721  -0.0441882 0 0.0407635 0 0 -0.0436905  0.138455 0 0.317566 0 0 0.173398  0 0 0 0 0 0  
192.265 4.9529 0.0274054 -2.85955 0 2 0 0 -2.68421  -2.96685 0 1.60715 0 0 -2.85394  -0.0568688 0 0.0374325 0 0 -0.0593244  0.164167 0 0.355419 0 0 0.229053  0 0 0 0 0 0  
193.208 4.97839 0.0266285 -2.80077 0 2 0 0 -2.59777  -2.93292 0 1.61439 0 0 -2.78194  -0.0543308 0 0.0302646 0 0 -0.0701241  0.186479 0 0.355345 0 0 0.254291  0 0 0 0 0 0  
194.15 5.00287 0.0251041 -2.76847 0 2 0 0 -2.55321  -2.90237 0 1.61961 0 0 -2.75545  -0.0625241 0 0.030805 0 0 -0.0701738  0.19642 0 0.349584 0 0 0.272415  0 0 0 0 0 0  
