# LF_DEM version v3.0-126-gb72fb1a
# np 1000
# VF 0.76
# Lx 73.993
# Ly 0
# Lz 73.993
# flow_type shear
# data in cl units.
#1: time
#2: cumulated strain
#3: shear rate
#4-9: total stress tensor (xx, xy, xz, yz, yy, zz)
#10-15: contact stress tensor (xx, xy, xz, yz, yy, zz)
#16-21: dashpot stress tensor (xx, xy, xz, yz, yy, zz)
#22-27: hydro stress tensor (xx, xy, xz, yz, yy, zz)
#28-33: repulsion stress tensor (xx, xy, xz, yz, yy, zz)

0.00628319 0.00037389 0.0595065 -3.87664 0 3 0 0 -3.81888  -4.21057 0 2.12573 0 0 -4.21941  -0.164438 0 0.0635005 0 0 -0.154107  0.498361 0 0.810773 0 0 0.554636  0 0 0 0 0 0  
0.628319 0.0254908 0.0360037 -3.90555 0 3 0 0 -3.83988  -4.07331 0 2.46308 0 0 -4.07038  -0.100775 0 0.0450395 0 0 -0.106522  0.268529 0 0.491879 0 0 0.337029  0 0 0 0 0 0  
1.25664 0.046897 0.032761 -4.19714 0 3 0 0 -4.21269  -4.34273 0 2.53588 0 0 -4.432  -0.0834177 0 0.0402458 0 0 -0.0895677  0.229011 0 0.423879 0 0 0.308874  0 0 0 0 0 0  
1.88496 0.0664699 0.0296065 -4.49631 0 3 0 0 -4.50153  -4.59809 0 2.60139 0 0 -4.67502  -0.0600464 0 0.0387876 0 0 -0.0760522  0.161829 0 0.359824 0 0 0.249534  0 0 0 0 0 0  
2.51327 0.0845397 0.0283558 -4.70559 0 3 0 0 -4.72163  -4.79048 0 2.63287 0 0 -4.87301  -0.060547 0 0.0340595 0 0 -0.0758776  0.145433 0 0.333075 0 0 0.227264  0 0 0 0 0 0  
3.14159 0.10215 0.0277809 -4.82873 0 3 0 0 -4.9456  -4.89447 0 2.65096 0 0 -5.06378  -0.0565303 0 0.0364804 0 0 -0.0682295  0.122273 0 0.312557 0 0 0.186415  0 0 0 0 0 0  
3.76991 0.119354 0.0270408 -4.88127 0 3 0 0 -5.04073  -4.94172 0 2.66932 0 0 -5.15405  -0.0523059 0 0.0387532 0 0 -0.0600676  0.112757 0 0.29193 0 0 0.173391  0 0 0 0 0 0  
4.39823 0.136264 0.0264206 -4.94872 0 3 0 0 -5.09099  -4.99635 0 2.67244 0 0 -5.20173  -0.0533612 0 0.040538 0 0 -0.0542254  0.100989 0 0.287026 0 0 0.16497  0 0 0 0 0 0  
5.02655 0.1528 0.0257188 -5.05349 0 3 0 0 -5.20125  -5.11494 0 2.69389 0 0 -5.31909  -0.0490066 0 0.0379392 0 0 -0.0520257  0.110465 0 0.268175 0 0 0.169871  0 0 0 0 0 0  
5.65487 0.168579 0.02501 -5.10124 0 3 0 0 -5.29187  -5.16812 0 2.69347 0 0 -5.41362  -0.04475 0 0.0378317 0 0 -0.0459414  0.111634 0 0.268697 0 0 0.167695  0 0 0 0 0 0  
6.28319 0.184096 0.0240032 -5.35718 0 3 0 0 -5.57625  -5.42286 0 2.72225 0 0 -5.69131  -0.0365296 0 0.0365389 0 0 -0.0359617  0.102215 0 0.241211 0 0 0.151023  0 0 0 0 0 0  
6.9115 0.198725 0.0229663 -5.50607 0 3 0 0 -5.87482  -5.56559 0 2.73941 0 0 -5.9812  -0.0344108 0 0.037778 0 0 -0.0320172  0.0939338 0 0.222814 0 0 0.138398  0 0 0 0 0 0  
7.53982 0.212606 0.0215866 -5.55455 0 3 0 0 -6.16786  -5.61499 0 2.7443 0 0 -6.26721  -0.0396431 0 0.033131 0 0 -0.0373945  0.100085 0 0.222565 0 0 0.136742  0 0 0 0 0 0  
8.16814 0.226157 0.0215738 -5.77238 0 3 0 0 -6.46356  -5.83376 0 2.7542 0 0 -6.54436  -0.0378096 0 0.035496 0 0 -0.0391201  0.0991848 0 0.210303 0 0 0.11992  0 0 0 0 0 0  
8.79646 0.240037 0.022304 -5.97295 0 3 0 0 -6.59947  -6.03002 0 2.75949 0 0 -6.66916  -0.033972 0 0.0376689 0 0 -0.0341688  0.0910475 0 0.202846 0 0 0.10386  0 0 0 0 0 0  
9.42478 0.254094 0.0223584 -6.14319 0 3 0 0 -6.62342  -6.19038 0 2.76187 0 0 -6.68382  -0.0292085 0 0.0396037 0 0 -0.029456  0.0764017 0 0.198525 0 0 0.0898625  0 0 0 0 0 0  
10.0531 0.268002 0.021864 -6.1228 0 3 0 0 -6.58284  -6.17174 0 2.76417 0 0 -6.64  -0.0286413 0 0.0393701 0 0 -0.0285919  0.0775775 0 0.196458 0 0 0.0857517  0 0 0 0 0 0  
10.6814 0.281549 0.0206877 -5.98897 0 3 0 0 -6.36754  -6.03434 0 2.77544 0 0 -6.42956  -0.0253555 0 0.0377173 0 0 -0.0235121  0.0707247 0 0.186843 0 0 0.0855315  0 0 0 0 0 0  
11.3097 0.294271 0.0204038 -5.88831 0 3 0 0 -6.21914  -5.93734 0 2.7696 0 0 -6.27992  -0.0272964 0 0.0370998 0 0 -0.0223787  0.0763337 0 0.193299 0 0 0.0831565  0 0 0 0 0 0  
11.9381 0.306759 0.0197186 -5.78809 0 3 0 0 -6.09267  -5.84226 0 2.76462 0 0 -6.16808  -0.0226969 0 0.038887 0 0 -0.0180547  0.0768703 0 0.196496 0 0 0.0934671  0 0 0 0 0 0  
12.5664 0.319085 0.0197856 -5.63329 0 3 0 0 -6.0109  -5.71189 0 2.75566 0 0 -6.09851  -0.0243173 0 0.0386495 0 0 -0.0187833  0.102919 0 0.205687 0 0 0.106399  0 0 0 0 0 0  
13.1947 0.331744 0.0200698 -5.5491 0 3 0 0 -5.95226  -5.62643 0 2.74145 0 0 -6.03762  -0.0278793 0 0.0398128 0 0 -0.0245558  0.105205 0 0.218732 0 0 0.109921  0 0 0 0 0 0  
13.823 0.344301 0.0195168 -5.51731 0 3 0 0 -5.93946  -5.58798 0 2.755 0 0 -6.02183  -0.0234527 0 0.037575 0 0 -0.0246723  0.0941139 0 0.207427 0 0 0.107043  0 0 0 0 0 0  
14.4513 0.356222 0.0181535 -5.37801 0 3 0 0 -5.83756  -5.44341 0 2.77049 0 0 -5.90415  -0.0252697 0 0.0348611 0 0 -0.0237099  0.09067 0 0.19465 0 0 0.0903025  0 0 0 0 0 0  
15.0796 0.367702 0.0183268 -5.18505 0 3 0 0 -5.64712  -5.2562 0 2.76456 0 0 -5.72531  -0.0217949 0 0.0313946 0 0 -0.0154872  0.0929446 0 0.204045 0 0 0.0936768  0 0 0 0 0 0  
15.708 0.379502 0.0187176 -5.07067 0 3 0 0 -5.42166  -5.14604 0 2.75162 0 0 -5.51972  -0.0186897 0 0.0311824 0 0 -0.0152685  0.0940641 0 0.217193 0 0 0.113334  0 0 0 0 0 0  
16.3363 0.391297 0.0192332 -5.0205 0 3 0 0 -5.39006  -5.08225 0 2.74845 0 0 -5.48229  -0.0215501 0 0.0341838 0 0 -0.0174219  0.0832997 0 0.217368 0 0 0.109659  0 0 0 0 0 0  
16.9646 0.403585 0.0202894 -5.03032 0 3 0 0 -5.48564  -5.10005 0 2.74214 0 0 -5.57653  -0.0202388 0 0.0350109 0 0 -0.0164463  0.0899678 0 0.222845 0 0 0.107336  0 0 0 0 0 0  
17.5929 0.416186 0.0206536 -5.03948 0 3 0 0 -5.4692  -5.11037 0 2.72971 0 0 -5.56139  -0.0229617 0 0.0364858 0 0 -0.0220889  0.0938536 0 0.233805 0 0 0.114282  0 0 0 0 0 0  
18.2212 0.429328 0.0214429 -5.0335 0 3 0 0 -5.49865  -5.10137 0 2.72823 0 0 -5.59679  -0.0274261 0 0.0375962 0 0 -0.022549  0.0952884 0 0.234178 0 0 0.120692  0 0 0 0 0 0  
18.8496 0.443248 0.0223225 -5.08433 0 3 0 0 -5.55631  -5.14512 0 2.73045 0 0 -5.6453  -0.0245118 0 0.0384974 0 0 -0.0216366  0.0853003 0 0.231057 0 0 0.110626  0 0 0 0 0 0  
19.4779 0.45719 0.0219728 -5.20189 0 3 0 0 -5.627  -5.2555 0 2.74447 0 0 -5.71352  -0.0214632 0 0.0360972 0 0 -0.0218416  0.0750753 0 0.219433 0 0 0.108366  0 0 0 0 0 0  
20.1062 0.470877 0.0221705 -5.34549 0 3 0 0 -5.69399  -5.3885 0 2.74148 0 0 -5.75869  -0.0284653 0 0.03782 0 0 -0.0270764  0.0714735 0 0.220704 0 0 0.0917814  0 0 0 0 0 0  
20.7345 0.48521 0.0227793 -5.43118 0 3 0 0 -5.64889  -5.4812 0 2.74508 0 0 -5.7186  -0.0330424 0 0.0392093 0 0 -0.022393  0.0830589 0 0.215714 0 0 0.0921119  0 0 0 0 0 0  
21.3628 0.499765 0.0231905 -5.37915 0 3 0 0 -5.64263  -5.43152 0 2.75001 0 0 -5.72078  -0.0323996 0 0.0355421 0 0 -0.0238337  0.0847657 0 0.21445 0 0 0.101979  0 0 0 0 0 0  
21.9911 0.514573 0.0237889 -5.33996 0 3 0 0 -5.51406  -5.39159 0 2.74861 0 0 -5.59589  -0.0345662 0 0.0377006 0 0 -0.023667  0.086202 0 0.213689 0 0 0.105497  0 0 0 0 0 0  
22.6195 0.529884 0.0248263 -5.09988 0 3 0 0 -5.19234  -5.17949 0 2.72178 0 0 -5.28218  -0.0317688 0 0.0367931 0 0 -0.0205143  0.111374 0 0.241424 0 0 0.110354  0 0 0 0 0 0  
23.2478 0.545694 0.0251355 -4.90308 0 3 0 0 -4.90546  -4.9823 0 2.71139 0 0 -5.01315  -0.029823 0 0.0356655 0 0 -0.0229779  0.109047 0 0.25294 0 0 0.130674  0 0 0 0 0 0  
23.8761 0.561859 0.0267992 -4.81564 0 3 0 0 -4.74306  -4.89438 0 2.67118 0 0 -4.86896  -0.0299988 0 0.0382794 0 0 -0.0268888  0.108743 0 0.29054 0 0 0.152786  0 0 0 0 0 0  
24.5044 0.578603 0.0267746 -4.68914 0 3 0 0 -4.68311  -4.7781 0 2.66469 0 0 -4.81575  -0.0341835 0 0.0381022 0 0 -0.0359466  0.123149 0 0.297211 0 0 0.168587  0 0 0 0 0 0  
25.1327 0.595444 0.0268041 -4.6641 0 3 0 0 -4.56738  -4.76211 0 2.64838 0 0 -4.73679  -0.037374 0 0.0385253 0 0 -0.0399275  0.13538 0 0.313094 0 0 0.209337  0 0 0 0 0 0  
25.7611 0.612499 0.0269012 -4.78158 0 3 0 0 -4.73444  -4.87511 0 2.66128 0 0 -4.90071  -0.0395913 0 0.0389602 0 0 -0.0392352  0.133121 0 0.299756 0 0 0.205497  0 0 0 0 0 0  
26.3894 0.629654 0.0276515 -4.99208 0 3 0 0 -4.80408  -5.08603 0 2.65236 0 0 -4.98582  -0.0477655 0 0.0382175 0 0 -0.057755  0.141708 0 0.309418 0 0 0.23949  0 0 0 0 0 0  
27.0177 0.647268 0.0279146 -5.14632 0 3 0 0 -4.79127  -5.246 0 2.64611 0 0 -4.9782  -0.0486606 0 0.033548 0 0 -0.0646288  0.14834 0 0.320346 0 0 0.251562  0 0 0 0 0 0  
27.646 0.664708 0.0272835 -5.21534 0 3 0 0 -4.73184  -5.3188 0 2.64132 0 0 -4.93161  -0.0527177 0 0.0348856 0 0 -0.0607247  0.156181 0 0.323794 0 0 0.260494  0 0 0 0 0 0  
28.2743 0.681391 0.0254087 -5.33634 0 3 0 0 -4.71877  -5.42309 0 2.67155 0 0 -4.88206  -0.042214 0 0.0394845 0 0 -0.0425134  0.128969 0 0.288961 0 0 0.205812  0 0 0 0 0 0  
28.9027 0.697022 0.0246103 -5.44356 0 3 0 0 -4.69243  -5.5242 0 2.69323 0 0 -4.85068  -0.0358915 0 0.0366311 0 0 -0.0315709  0.116539 0 0.270135 0 0 0.189828  0 0 0 0 0 0  
29.531 0.712109 0.0236105 -5.38608 0 3 0 0 -4.69749  -5.46414 0 2.69974 0 0 -4.85051  -0.0308782 0 0.033817 0 0 -0.0266557  0.10893 0 0.266441 0 0 0.179681  0 0 0 0 0 0  
30.1593 0.726838 0.0233186 -5.36837 0 3 0 0 -4.63481  -5.42811 0 2.69929 0 0 -4.77504  -0.028838 0 0.0375405 0 0 -0.0217511  0.0885793 0 0.263174 0 0 0.161974  0 0 0 0 0 0  
30.7876 0.741693 0.0239315 -5.42097 0 3 0 0 -4.66837  -5.49415 0 2.70418 0 0 -4.81157  -0.0259999 0 0.0360046 0 0 -0.0162704  0.0991878 0 0.259818 0 0 0.159471  0 0 0 0 0 0  
31.4159 0.757252 0.025527 -5.4884 0 3 0 0 -4.67791  -5.57056 0 2.68467 0 0 -4.82965  -0.0340356 0 0.0365481 0 0 -0.0182651  0.116198 0 0.278786 0 0 0.170009  0 0 0 0 0 0  
32.0442 0.773559 0.0264714 -5.46391 0 3 0 0 -4.57289  -5.54811 0 2.6613 0 0 -4.73039  -0.0466112 0 0.041473 0 0 -0.0311423  0.130809 0 0.297229 0 0 0.188637  0 0 0 0 0 0  
32.6726 0.790547 0.0273819 -5.34993 0 3 0 0 -4.4669  -5.40586 0 2.64675 0 0 -4.59976  -0.0478071 0 0.0505036 0 0 -0.0335401  0.103733 0 0.302749 0 0 0.166399  0 0 0 0 0 0  
33.3009 0.808209 0.0279155 -5.08409 0 3 0 0 -4.36891  -5.14166 0 2.62617 0 0 -4.52165  -0.0510028 0 0.0513029 0 0 -0.0380322  0.108569 0 0.322526 0 0 0.190765  0 0 0 0 0 0  
33.9292 0.825566 0.0278268 -4.95577 0 3 0 0 -4.37637  -5.01826 0 2.63476 0 0 -4.53393  -0.0492741 0 0.0498183 0 0 -0.0297028  0.111766 0 0.31542 0 0 0.187269  0 0 0 0 0 0  
34.5575 0.842361 0.0259018 -4.9496 0 3 0 0 -4.48237  -5.0052 0 2.66311 0 0 -4.62967  -0.043343 0 0.0441392 0 0 -0.0182035  0.0989428 0 0.292752 0 0 0.165509  0 0 0 0 0 0  
35.1858 0.8583 0.025024 -4.92932 0 3 0 0 -4.62455  -4.99467 0 2.68361 0 0 -4.77831  -0.0459169 0 0.0415459 0 0 -0.0220933  0.111265 0 0.274842 0 0 0.175849  0 0 0 0 0 0  
35.8142 0.873973 0.025116 -4.96856 0 3 0 0 -4.64863  -5.03026 0 2.6868 0 0 -4.79095  -0.0373549 0 0.0431479 0 0 -0.0209806  0.0990537 0 0.270053 0 0 0.163305  0 0 0 0 0 0  
36.4425 0.889665 0.0252464 -4.91981 0 3 0 0 -4.59102  -4.99386 0 2.68543 0 0 -4.71464  -0.0324513 0 0.0420009 0 0 -0.0203245  0.106505 0 0.272571 0 0 0.143936  0 0 0 0 0 0  
37.0708 0.905483 0.0252683 -4.82478 0 3 0 0 -4.50877  -4.90309 0 2.66938 0 0 -4.64674  -0.034938 0 0.0425377 0 0 -0.0285299  0.113244 0 0.288087 0 0 0.1665  0 0 0 0 0 0  
37.6991 0.921773 0.0269261 -4.78466 0 3 0 0 -4.41878  -4.88502 0 2.6563 0 0 -4.5751  -0.0333532 0 0.0385295 0 0 -0.0316001  0.133713 0 0.305168 0 0 0.187927  0 0 0 0 0 0  
38.3274 0.938829 0.0277967 -4.75835 0 3 0 0 -4.30286  -4.86131 0 2.64116 0 0 -4.47452  -0.0382055 0 0.041253 0 0 -0.0331994  0.141166 0 0.317583 0 0 0.20485  0 0 0 0 0 0  
38.9557 0.956579 0.0289562 -4.72334 0 3 0 0 -4.30819  -4.82828 0 2.61635 0 0 -4.47968  -0.0515871 0 0.0417491 0 0 -0.0496845  0.156532 0 0.341901 0 0 0.221176  0 0 0 0 0 0  
39.5841 0.975205 0.029808 -4.63608 0 3 0 0 -4.36244  -4.76418 0 2.5925 0 0 -4.55384  -0.0555607 0 0.0420884 0 0 -0.0512588  0.183667 0 0.36541 0 0 0.242659  0 0 0 0 0 0  
40.2124 0.993927 0.029402 -4.55423 0 3 0 0 -4.34369  -4.68356 0 2.60245 0 0 -4.54555  -0.0518371 0 0.0420312 0 0 -0.0530828  0.181163 0 0.355523 0 0 0.254949  0 0 0 0 0 0  
40.8407 1.01183 0.0279625 -4.48783 0 3 0 0 -4.47257  -4.60084 0 2.61106 0 0 -4.64752  -0.0480518 0 0.0488055 0 0 -0.046642  0.161062 0 0.34013 0 0 0.221586  0 0 0 0 0 0  
41.469 1.02906 0.0270868 -4.41364 0 3 0 0 -4.50495  -4.51764 0 2.62232 0 0 -4.66905  -0.0481415 0 0.0443762 0 0 -0.0430085  0.152136 0 0.333301 0 0 0.207111  0 0 0 0 0 0  
42.0973 1.0455 0.0258385 -4.50498 0 3 0 0 -4.52082  -4.59943 0 2.64975 0 0 -4.67276  -0.0518046 0 0.0410633 0 0 -0.0498348  0.146248 0 0.309183 0 0 0.201771  0 0 0 0 0 0  
42.7257 1.06176 0.025822 -4.66905 0 3 0 0 -4.66527  -4.76287 0 2.66448 0 0 -4.80168  -0.0494045 0 0.0403654 0 0 -0.0438116  0.14322 0 0.295159 0 0 0.180223  0 0 0 0 0 0  
43.354 1.07761 0.0248161 -4.78697 0 3 0 0 -4.72159  -4.87262 0 2.68427 0 0 -4.8515  -0.045827 0 0.0354808 0 0 -0.0393936  0.131482 0 0.28025 0 0 0.169311  0 0 0 0 0 0  
43.9823 1.09303 0.0248283 -4.78561 0 3 0 0 -4.71951  -4.87524 0 2.68914 0 0 -4.85147  -0.0463252 0 0.037714 0 0 -0.0344604  0.135956 0 0.273148 0 0 0.166422  0 0 0 0 0 0  
44.6106 1.10863 0.0245659 -4.76557 0 3 0 0 -4.67692  -4.87241 0 2.69104 0 0 -4.82985  -0.0531687 0 0.0305858 0 0 -0.0402931  0.160011 0 0.278377 0 0 0.193228  0 0 0 0 0 0  
45.2389 1.12339 0.0231521 -4.6742 0 3 0 0 -4.59664  -4.79411 0 2.7064 0 0 -4.74911  -0.0553535 0 0.0262869 0 0 -0.0370293  0.175258 0 0.267314 0 0 0.189501  0 0 0 0 0 0  
45.8673 1.13822 0.0234607 -4.70607 0 3 0 0 -4.47367  -4.82195 0 2.7039 0 0 -4.61973  -0.0466371 0 0.0278675 0 0 -0.0321268  0.162517 0 0.268228 0 0 0.178182  0 0 0 0 0 0  
46.4956 1.15311 0.0236912 -4.81889 0 3 0 0 -4.61021  -4.92344 0 2.71228 0 0 -4.74302  -0.0444894 0 0.0349424 0 0 -0.03239  0.149045 0 0.252782 0 0 0.165197  0 0 0 0 0 0  
47.1239 1.16778 0.0230478 -4.89944 0 3 0 0 -4.79851  -4.99372 0 2.72564 0 0 -4.92352  -0.0407832 0 0.0346885 0 0 -0.0291494  0.135063 0 0.239673 0 0 0.154158  0 0 0 0 0 0  
47.7522 1.1821 0.0227145 -4.90604 0 3 0 0 -4.83906  -4.99269 0 2.7297 0 0 -4.95695  -0.0383053 0 0.0337503 0 0 -0.0209903  0.124956 0 0.236546 0 0 0.138877  0 0 0 0 0 0  
48.3805 1.1962 0.0220502 -4.92564 0 3 0 0 -4.85309  -4.99872 0 2.73779 0 0 -4.96547  -0.0391586 0 0.0327266 0 0 -0.022703  0.112241 0 0.229487 0 0 0.135083  0 0 0 0 0 0  
49.0088 1.21016 0.0228247 -4.96202 0 3 0 0 -4.90696  -5.04368 0 2.73159 0 0 -5.01392  -0.0366117 0 0.0352093 0 0 -0.0254483  0.118272 0 0.233199 0 0 0.132407  0 0 0 0 0 0  
49.6372 1.22438 0.0229829 -5.00233 0 3 0 0 -4.91172  -5.07334 0 2.73375 0 0 -5.00872  -0.034186 0 0.0337183 0 0 -0.0304554  0.105204 0 0.232534 0 0 0.127454  0 0 0 0 0 0  
50.2655 1.23889 0.0228215 -5.04218 0 3 0 0 -4.85961  -5.10775 0 2.73282 0 0 -4.95706  -0.0336974 0 0.0341045 0 0 -0.0318298  0.0992617 0 0.233073 0 0 0.129281  0 0 0 0 0 0  
50.8938 1.25308 0.0220006 -5.07967 0 3 0 0 -4.91788  -5.15268 0 2.74601 0 0 -5.01456  -0.0304312 0 0.0281531 0 0 -0.0324026  0.103442 0 0.225833 0 0 0.12908  0 0 0 0 0 0  
51.5221 1.26685 0.0220076 -5.00916 0 3 0 0 -4.87819  -5.08035 0 2.75174 0 0 -4.98437  -0.0285192 0 0.0282763 0 0 -0.0301254  0.0997068 0 0.219983 0 0 0.136299  0 0 0 0 0 0  
52.1504 1.28078 0.0227395 -4.94851 0 3 0 0 -4.87917  -5.01582 0 2.73676 0 0 -4.97851  -0.0316208 0 0.0321118 0 0 -0.0286048  0.0989351 0 0.231127 0 0 0.127942  0 0 0 0 0 0  
52.7788 1.29532 0.0237656 -4.89792 0 3 0 0 -4.73937  -4.97158 0 2.72783 0 0 -4.86061  -0.0341585 0 0.0337738 0 0 -0.0265265  0.107813 0 0.238392 0 0 0.147762  0 0 0 0 0 0  
53.4071 1.3103 0.0241527 -4.94391 0 3 0 0 -4.77519  -5.01683 0 2.72112 0 0 -4.90072  -0.0375881 0 0.0332554 0 0 -0.0315424  0.1105 0 0.245623 0 0 0.157072  0 0 0 0 0 0  
54.0354 1.32583 0.0253882 -5.00064 0 3 0 0 -4.80218  -5.07831 0 2.70863 0 0 -4.9519  -0.0349218 0 0.0342988 0 0 -0.0235305  0.112595 0 0.257075 0 0 0.173244  0 0 0 0 0 0  
54.6637 1.3422 0.0264321 -5.11941 0 3 0 0 -4.83261  -5.19421 0 2.70183 0 0 -4.9666  -0.0359887 0 0.0398329 0 0 -0.023803  0.11079 0 0.258333 0 0 0.157792  0 0 0 0 0 0  
55.292 1.35914 0.0272627 -5.28309 0 3 0 0 -4.9717  -5.35877 0 2.69024 0 0 -5.08979  -0.0387577 0 0.0428887 0 0 -0.0321663  0.114442 0 0.266872 0 0 0.150251  0 0 0 0 0 0  
55.9203 1.3762 0.0275454 -5.34435 0 3 0 0 -5.12453  -5.4163 0 2.69241 0 0 -5.22747  -0.0377013 0 0.0441165 0 0 -0.0313001  0.109647 0 0.26347 0 0 0.134235  0 0 0 0 0 0  
56.5487 1.39383 0.0284404 -5.31894 0 3 0 0 -5.13199  -5.39636 0 2.68151 0 0 -5.2372  -0.0378092 0 0.0452197 0 0 -0.0387343  0.115231 0 0.27327 0 0 0.143944  0 0 0 0 0 0  
57.177 1.41196 0.0289761 -5.242 0 3 0 0 -5.12285  -5.31322 0 2.66334 0 0 -5.25233  -0.0347855 0 0.0475944 0 0 -0.0393167  0.106004 0 0.289066 0 0 0.168806  0 0 0 0 0 0  
57.8053 1.43029 0.0291358 -4.90642 0 3 0 0 -5.0038  -4.9946 0 2.64209 0 0 -5.15059  -0.0372308 0 0.0510098 0 0 -0.0391333  0.125413 0 0.3069 0 0 0.185924  0 0 0 0 0 0  
58.4336 1.44872 0.0288251 -4.63298 0 3 0 0 -4.71784  -4.75358 0 2.63398 0 0 -4.89817  -0.0368815 0 0.0485501 0 0 -0.0393169  0.157477 0 0.317474 0 0 0.219642  0 0 0 0 0 0  
59.0619 1.46725 0.0293246 -4.5034 0 3 0 0 -4.38866  -4.63245 0 2.62165 0 0 -4.59629  -0.0497749 0 0.0426491 0 0 -0.0383313  0.178824 0 0.335703 0 0 0.245962  0 0 0 0 0 0  
59.6903 1.48556 0.0295872 -4.52957 0 3 0 0 -4.27405  -4.65083 0 2.62428 0 0 -4.48415  -0.0485163 0 0.0381302 0 0 -0.0392634  0.169781 0 0.337591 0 0 0.249367  0 0 0 0 0 0  
60.3186 1.50448 0.030464 -4.65206 0 3 0 0 -4.22896  -4.75729 0 2.6124 0 0 -4.43002  -0.0625829 0 0.0405095 0 0 -0.0479249  0.167806 0 0.347089 0 0 0.248982  0 0 0 0 0 0  
60.9469 1.52327 0.0293098 -4.71012 0 3 0 0 -4.36694  -4.80692 0 2.61712 0 0 -4.56002  -0.0575131 0 0.0391221 0 0 -0.0418716  0.15432 0 0.343762 0 0 0.234954  0 0 0 0 0 0  
61.5752 1.54132 0.0283878 -4.85228 0 3 0 0 -4.58117  -4.95113 0 2.64699 0 0 -4.75517  -0.0475961 0 0.04105 0 0 -0.0359994  0.146449 0 0.311958 0 0 0.209994  0 0 0 0 0 0  
62.2035 1.55907 0.0285455 -5.03641 0 3 0 0 -4.69262  -5.12027 0 2.65778 0 0 -4.85408  -0.0448327 0 0.0423084 0 0 -0.0295398  0.128694 0 0.299915 0 0 0.191009  0 0 0 0 0 0  
62.8319 1.57694 0.0282927 -5.07858 0 3 0 0 -4.71566  -5.16828 0 2.64897 0 0 -4.87894  -0.0480737 0 0.038722 0 0 -0.0336536  0.137772 0 0.312308 0 0 0.196936  0 0 0 0 0 0  
63.4602 1.59477 0.0275473 -5.09192 0 3 0 0 -4.72435  -5.19192 0 2.65766 0 0 -4.89175  -0.0402328 0 0.0394757 0 0 -0.0275715  0.140231 0 0.302861 0 0 0.194975  0 0 0 0 0 0  
64.0885 1.61194 0.0267281 -5.1891 0 3 0 0 -4.65086  -5.28871 0 2.66613 0 0 -4.82115  -0.040491 0 0.0389639 0 0 -0.0313981  0.140104 0 0.294911 0 0 0.201685  0 0 0 0 0 0  
64.7168 1.62884 0.0270703 -5.2659 0 3 0 0 -4.69122  -5.38547 0 2.66674 0 0 -4.86396  -0.039218 0 0.0375825 0 0 -0.0362178  0.158791 0 0.29568 0 0 0.208953  0 0 0 0 0 0  
65.3451 1.64557 0.0264219 -5.21673 0 3 0 0 -4.78986  -5.34334 0 2.67177 0 0 -4.95734  -0.0326192 0 0.0382576 0 0 -0.0300336  0.159223 0 0.289973 0 0 0.19752  0 0 0 0 0 0  
65.9734 1.66234 0.0266732 -5.09327 0 3 0 0 -4.86215  -5.21924 0 2.66376 0 0 -5.01317  -0.0372859 0 0.038564 0 0 -0.0388755  0.163264 0 0.297675 0 0 0.189898  0 0 0 0 0 0  
66.6018 1.67907 0.0267247 -5.03462 0 3 0 0 -4.87608  -5.16662 0 2.6548 0 0 -5.02742  -0.0454325 0 0.0351944 0 0 -0.0421807  0.177437 0 0.310009 0 0 0.19352  0 0 0 0 0 0  
67.2301 1.69603 0.027771 -5.09937 0 3 0 0 -4.6899  -5.23091 0 2.63677 0 0 -4.82813  -0.0429034 0 0.0441578 0 0 -0.0420678  0.174439 0 0.319074 0 0 0.180298  0 0 0 0 0 0  
67.8584 1.71374 0.0283821 -4.98276 0 3 0 0 -4.56445  -5.12912 0 2.61534 0 0 -4.73228  -0.0473126 0 0.0440164 0 0 -0.0461457  0.193672 0 0.340643 0 0 0.213974  0 0 0 0 0 0  
68.4867 1.73138 0.0273493 -4.92883 0 3 0 0 -4.54829  -5.05707 0 2.62557 0 0 -4.70434  -0.0447099 0 0.0449728 0 0 -0.0489144  0.172947 0 0.329457 0 0 0.204972  0 0 0 0 0 0  
69.115 1.74845 0.0273552 -4.89209 0 3 0 0 -4.6657  -5.02652 0 2.64392 0 0 -4.82936  -0.0398783 0 0.0410659 0 0 -0.0340531  0.174315 0 0.315011 0 0 0.19771  0 0 0 0 0 0  
69.7434 1.76532 0.0264387 -4.93087 0 3 0 0 -4.86435  -5.0636 0 2.66644 0 0 -5.02901  -0.0389723 0 0.0383736 0 0 -0.0196003  0.171706 0 0.295189 0 0 0.184257  0 0 0 0 0 0  
70.3717 1.78181 0.0259925 -5.0673 0 3 0 0 -5.01417  -5.17786 0 2.68452 0 0 -5.15735  -0.0285796 0 0.0418522 0 0 -0.0139202  0.139142 0 0.273627 0 0 0.157095  0 0 0 0 0 0  
71 1.79825 0.0257692 -5.21198 0 3 0 0 -5.0514  -5.31193 0 2.67921 0 0 -5.21586  -0.0271566 0 0.0450333 0 0 -0.0157036  0.127111 0 0.275753 0 0 0.180161  0 0 0 0 0 0  
71.6283 1.81393 0.0250891 -5.33887 0 3 0 0 -4.99249  -5.42099 0 2.69417 0 0 -5.14953  -0.0252188 0 0.0427834 0 0 -0.0190405  0.107336 0 0.26305 0 0 0.17608  0 0 0 0 0 0  
72.2566 1.82932 0.0236828 -5.37884 0 3 0 0 -5.00979  -5.44412 0 2.70879 0 0 -5.13753  -0.0240542 0 0.0418118 0 0 -0.0169785  0.0893346 0 0.249396 0 0 0.144715  0 0 0 0 0 0  
72.8849 1.84408 0.0228608 -5.39851 0 3 0 0 -5.03077  -5.46143 0 2.71779 0 0 -5.14202  -0.0254652 0 0.0379361 0 0 -0.0266847  0.0883863 0 0.244276 0 0 0.137927  0 0 0 0 0 0  
73.5133 1.85864 0.0231969 -5.37799 0 3 0 0 -5.0057  -5.44221 0 2.72104 0 0 -5.12106  -0.0248814 0 0.0389036 0 0 -0.0285535  0.0891018 0 0.24006 0 0 0.143921  0 0 0 0 0 0  
74.1416 1.87334 0.0233354 -5.41253 0 3 0 0 -4.98709  -5.47647 0 2.71763 0 0 -5.09948  -0.0270306 0 0.0369165 0 0 -0.0254158  0.0909663 0 0.24545 0 0 0.137809  0 0 0 0 0 0  
74.7699 1.88849 0.0245028 -5.33158 0 3 0 0 -5.00597  -5.41401 0 2.69754 0 0 -5.13041  -0.0313584 0 0.0351779 0 0 -0.0268169  0.113788 0 0.267287 0 0 0.151265  0 0 0 0 0 0  
75.3982 1.90379 0.0241738 -5.38334 0 3 0 0 -4.96103  -5.46619 0 2.70656 0 0 -5.0847  -0.0260092 0 0.0352091 0 0 -0.0219495  0.108851 0 0.25823 0 0 0.14562  0 0 0 0 0 0  
76.0265 1.9189 0.0241557 -5.2408 0 3 0 0 -5.02476  -5.30546 0 2.70514 0 0 -5.1266  -0.0184934 0 0.0355413 0 0 -0.0199489  0.0831506 0 0.259322 0 0 0.121793  0 0 0 0 0 0  
76.6549 1.93436 0.0247317 -5.04508 0 3 0 0 -5.18097  -5.11065 0 2.705 0 0 -5.28856  -0.0277168 0 0.0377281 0 0 -0.0205488  0.093286 0 0.25727 0 0 0.128139  0 0 0 0 0 0  
77.2832 1.94967 0.0235457 -4.86525 0 3 0 0 -5.43083  -4.95697 0 2.714 0 0 -5.53654  -0.0326178 0 0.039316 0 0 -0.019993  0.124337 0 0.246686 0 0 0.125703  0 0 0 0 0 0  
77.9115 1.96437 0.0231509 -4.87529 0 3 0 0 -5.7108  -4.95734 0 2.72153 0 0 -5.81843  -0.0309707 0 0.035695 0 0 -0.0147994  0.113014 0 0.242774 0 0 0.122435  0 0 0 0 0 0  
78.5398 1.9786 0.0229358 -4.95806 0 3 0 0 -5.88519  -5.0279 0 2.72289 0 0 -5.98639  -0.0316883 0 0.035327 0 0 -0.025727  0.101532 0 0.241783 0 0 0.12693  0 0 0 0 0 0  
79.1681 1.99314 0.0235837 -5.03726 0 3 0 0 -5.99851  -5.09277 0 2.7243 0 0 -6.09888  -0.0343521 0 0.0376096 0 0 -0.0197735  0.0898577 0 0.23809 0 0 0.120144  0 0 0 0 0 0  
79.7965 2.00834 0.0249056 -5.03549 0 3 0 0 -5.9924  -5.08371 0 2.70946 0 0 -6.09848  -0.0388934 0 0.0410859 0 0 -0.0241028  0.0871213 0 0.24945 0 0 0.130189  0 0 0 0 0 0  
80.4248 2.02397 0.0247568 -4.97618 0 3 0 0 -5.85032  -5.02366 0 2.70441 0 0 -5.95974  -0.0460973 0 0.0452855 0 0 -0.0243596  0.0935729 0 0.250302 0 0 0.133774  0 0 0 0 0 0  
81.0531 2.03964 0.0243533 -4.87977 0 3 0 0 -5.6109  -4.94175 0 2.69272 0 0 -5.76252  -0.0502093 0 0.0400792 0 0 -0.0328123  0.11219 0 0.267197 0 0 0.184434  0 0 0 0 0 0  
81.6814 2.05459 0.0235415 -4.94449 0 3 0 0 -5.53157  -5.01822 0 2.70244 0 0 -5.68337  -0.0480525 0 0.0366277 0 0 -0.0300491  0.121778 0 0.260931 0 0 0.181844  0 0 0 0 0 0  
82.3097 2.06926 0.0231143 -5.24371 0 3 0 0 -5.62827  -5.3013 0 2.71103 0 0 -5.75698  -0.0378447 0 0.03525 0 0 -0.0243876  0.0954341 0 0.253721 0 0 0.153099  0 0 0 0 0 0  
82.938 2.0836 0.0227228 -5.52957 0 3 0 0 -5.79843  -5.58303 0 2.72623 0 0 -5.91315  -0.0351559 0 0.0332971 0 0 -0.0234798  0.088613 0 0.240473 0 0 0.138202  0 0 0 0 0 0  
83.5664 2.09784 0.0228515 -5.74204 0 3 0 0 -5.89103  -5.78894 0 2.73685 0 0 -6.00236  -0.0331979 0 0.0351162 0 0 -0.0178365  0.0800959 0 0.228034 0 0 0.129168  0 0 0 0 0 0  
84.1947 2.11179 0.0217281 -5.85697 0 3 0 0 -5.87236  -5.89693 0 2.75515 0 0 -5.96929  -0.0308542 0 0.0365841 0 0 -0.0188244  0.0708133 0 0.208269 0 0 0.115755  0 0 0 0 0 0  
84.823 2.12535 0.0213282 -5.93025 0 3 0 0 -5.67821  -5.97267 0 2.75831 0 0 -5.78503  -0.0297223 0 0.0351014 0 0 -0.0215496  0.0721452 0 0.206584 0 0 0.128371  0 0 0 0 0 0  
85.4513 2.13892 0.0218559 -6.03688 0 3 0 0 -5.45386  -6.08226 0 2.74797 0 0 -5.56036  -0.0274632 0 0.0365975 0 0 -0.0152731  0.0728433 0 0.215435 0 0 0.121772  0 0 0 0 0 0  
86.0796 2.1527 0.02139 -6.01916 0 3 0 0 -5.31369  -6.06817 0 2.75229 0 0 -5.41144  -0.0263861 0 0.0365439 0 0 -0.0108221  0.0753934 0 0.211171 0 0 0.108574  0 0 0 0 0 0  
86.708 2.16618 0.0212587 -5.91388 0 3 0 0 -5.23054  -5.96036 0 2.7501 0 0 -5.32643  -0.0313083 0 0.0386719 0 0 -0.0181387  0.0777857 0 0.211224 0 0 0.114029  0 0 0 0 0 0  
87.3363 2.17968 0.0213548 -5.83581 0 3 0 0 -5.18839  -5.87776 0 2.75495 0 0 -5.27402  -0.0283942 0 0.0382592 0 0 -0.0157155  0.0703405 0 0.206793 0 0 0.101353  0 0 0 0 0 0  
87.9646 2.19304 0.021505 -5.79242 0 3 0 0 -5.25589  -5.84389 0 2.756 0 0 -5.34689  -0.0312332 0 0.0352043 0 0 -0.0160369  0.0826976 0 0.208798 0 0 0.107045  0 0 0 0 0 0  
88.5929 2.20684 0.0226445 -5.69698 0 3 0 0 -5.15788  -5.77192 0 2.74602 0 0 -5.26696  -0.0258361 0 0.0348505 0 0 -0.0148647  0.100783 0 0.219127 0 0 0.123937  0 0 0 0 0 0  
89.2212 2.2212 0.0233666 -5.8192 0 3 0 0 -5.09321  -5.90451 0 2.71839 0 0 -5.20741  -0.029566 0 0.0385847 0 0 -0.0192922  0.114879 0 0.243024 0 0 0.133495  0 0 0 0 0 0  
89.8495 2.23563 0.022486 -5.88216 0 3 0 0 -4.96646  -5.96408 0 2.72227 0 0 -5.0859  -0.031346 0 0.0403436 0 0 -0.0191558  0.113263 0 0.237387 0 0 0.138599  0 0 0 0 0 0  
90.4779 2.24944 0.0211762 -5.86301 0 3 0 0 -4.88573  -5.94172 0 2.72876 0 0 -5.01589  -0.0272693 0 0.0380325 0 0 -0.0167613  0.10598 0 0.233211 0 0 0.146925  0 0 0 0 0 0  
91.1062 2.26285 0.0212894 -5.83918 0 3 0 0 -4.77374  -5.92132 0 2.73354 0 0 -4.91232  -0.0189884 0 0.0350714 0 0 -0.0148874  0.101125 0 0.231389 0 0 0.153465  0 0 0 0 0 0  
91.7345 2.27637 0.0218537 -5.63109 0 3 0 0 -4.69878  -5.72832 0 2.71951 0 0 -4.84001  -0.0235938 0 0.0342526 0 0 -0.0272336  0.120828 0 0.246237 0 0 0.168472  0 0 0 0 0 0  
92.3628 2.29022 0.0221075 -5.59964 0 3 0 0 -4.72038  -5.7022 0 2.71393 0 0 -4.85685  -0.0243634 0 0.0357556 0 0 -0.0252105  0.126918 0 0.250313 0 0 0.16168  0 0 0 0 0 0  
92.9911 2.30421 0.0223804 -5.68096 0 3 0 0 -4.86953  -5.78121 0 2.71705 0 0 -4.98451  -0.0214078 0 0.037743 0 0 -0.020402  0.121663 0 0.245211 0 0 0.135374  0 0 0 0 0 0  
93.6195 2.31797 0.0216613 -5.77456 0 3 0 0 -4.95753  -5.86234 0 2.72159 0 0 -5.07401  -0.0274491 0 0.0361763 0 0 -0.0173002  0.115223 0 0.242236 0 0 0.133778  0 0 0 0 0 0  
94.2478 2.33175 0.0217458 -5.86512 0 3 0 0 -4.98042  -5.95247 0 2.73406 0 0 -5.09983  -0.0245478 0 0.0406494 0 0 -0.0267805  0.1119 0 0.225294 0 0 0.14619  0 0 0 0 0 0  
94.8761 2.3451 0.0204372 -5.94915 0 3 0 0 -5.03387  -6.03126 0 2.75672 0 0 -5.13369  -0.0237134 0 0.0376112 0 0 -0.0231404  0.105825 0 0.205668 0 0 0.122965  0 0 0 0 0 0  
95.5044 2.35766 0.0197202 -5.90449 0 3 0 0 -5.08905  -5.99403 0 2.76122 0 0 -5.18806  -0.0211898 0 0.0334474 0 0 -0.0251355  0.11073 0 0.205334 0 0 0.124147  0 0 0 0 0 0  
96.1327 2.36996 0.0194443 -5.82998 0 3 0 0 -5.10365  -5.92545 0 2.75858 0 0 -5.2173  -0.0203473 0 0.0323107 0 0 -0.0248708  0.115811 0 0.209106 0 0 0.138514  0 0 0 0 0 0  
96.7611 2.38223 0.0194611 -5.7322 0 3 0 0 -5.11977  -5.81911 0 2.76214 0 0 -5.23607  -0.0165687 0 0.0331792 0 0 -0.02018  0.103476 0 0.204679 0 0 0.13648  0 0 0 0 0 0  
97.3894 2.39442 0.019182 -5.67186 0 3 0 0 -5.16277  -5.75544 0 2.75959 0 0 -5.27555  -0.0189778 0 0.0347122 0 0 -0.020577  0.102562 0 0.205699 0 0 0.133362  0 0 0 0 0 0  
98.0177 2.4065 0.0193368 -5.58927 0 3 0 0 -5.22029  -5.68363 0 2.75657 0 0 -5.33501  -0.0129017 0 0.0333669 0 0 -0.0173604  0.107255 0 0.210065 0 0 0.132085  0 0 0 0 0 0  
98.646 2.41845 0.0190227 -5.59385 0 3 0 0 -5.40417  -5.6835 0 2.75683 0 0 -5.50973  -0.00930147 0 0.0356923 0 0 -0.0161009  0.0989463 0 0.207479 0 0 0.121662  0 0 0 0 0 0  
99.2743 2.43061 0.0197371 -5.61499 0 3 0 0 -5.47005  -5.70487 0 2.76196 0 0 -5.57575  -0.00642182 0 0.0344401 0 0 -0.0136066  0.0963106 0 0.203599 0 0 0.119303  0 0 0 0 0 0  
99.9026 2.44307 0.0202963 -5.50719 0 3 0 0 -5.52906  -5.58126 0 2.76093 0 0 -5.63387  -0.0102302 0 0.0367486 0 0 -0.0136338  0.0843035 0 0.202319 0 0 0.118443  0 0 0 0 0 0  
100.531 2.45584 0.0201695 -5.36322 0 3 0 0 -5.49016  -5.434 0 2.75572 0 0 -5.59237  -0.0099995 0 0.0339776 0 0 -0.0137162  0.0807771 0 0.210304 0 0 0.115919  0 0 0 0 0 0  
101.159 2.46849 0.0201361 -5.29509 0 3 0 0 -5.44665  -5.36956 0 2.74621 0 0 -5.56888  -0.0147864 0 0.0324611 0 0 -0.0109452  0.0892509 0 0.221333 0 0 0.133172  0 0 0 0 0 0  
101.788 2.48085 0.0195945 -5.38806 0 3 0 0 -5.44369  -5.48119 0 2.75102 0 0 -5.58159  -0.0182765 0 0.0299155 0 0 -0.00737724  0.111405 0 0.21906 0 0 0.145277  0 0 0 0 0 0  
102.416 2.493 0.0194461 -5.51306 0 3 0 0 -5.38908  -5.61591 0 2.75071 0 0 -5.53118  -0.0208566 0 0.0320452 0 0 -0.00936772  0.123707 0 0.217247 0 0 0.151467  0 0 0 0 0 0  
103.044 2.50528 0.0196873 -5.60043 0 3 0 0 -5.26221  -5.71032 0 2.74363 0 0 -5.4145  -0.0157606 0 0.030498 0 0 -0.0143677  0.125653 0 0.225876 0 0 0.166652  0 0 0 0 0 0  
103.673 2.51811 0.020748 -5.63453 0 3 0 0 -5.25863  -5.75325 0 2.73102 0 0 -5.41326  -0.0200462 0 0.0278303 0 0 -0.0195214  0.138765 0 0.241148 0 0 0.174153  0 0 0 0 0 0  
104.301 2.53129 0.0210745 -5.68947 0 3 0 0 -5.353  -5.79485 0 2.72556 0 0 -5.48935  -0.0233119 0 0.0255156 0 0 -0.0176309  0.128698 0 0.24892 0 0 0.153982  0 0 0 0 0 0  
104.929 2.54469 0.0211585 -5.75407 0 3 0 0 -5.40272  -5.85427 0 2.72062 0 0 -5.53715  -0.0233151 0 0.0291302 0 0 -0.0202056  0.123516 0 0.250249 0 0 0.154641  0 0 0 0 0 0  
105.558 2.55797 0.020867 -5.75228 0 3 0 0 -5.42071  -5.85998 0 2.73137 0 0 -5.54742  -0.0204795 0 0.0269611 0 0 -0.0219823  0.128177 0 0.241665 0 0 0.148686  0 0 0 0 0 0  
106.186 2.57087 0.0201201 -5.92628 0 3 0 0 -5.64569  -6.02059 0 2.74157 0 0 -5.74809  -0.0187714 0 0.0300298 0 0 -0.0183364  0.113083 0 0.228403 0 0 0.120731  0 0 0 0 0 0  
106.814 2.58383 0.0206206 -6.06262 0 3 0 0 -5.86496  -6.15879 0 2.74621 0 0 -5.96648  -0.0180963 0 0.0310543 0 0 -0.0189057  0.114262 0 0.222737 0 0 0.120423  0 0 0 0 0 0  
107.442 2.59687 0.021821 -6.0613 0 3 0 0 -6.02039  -6.15855 0 2.73592 0 0 -6.12351  -0.0160071 0 0.0312384 0 0 -0.016559  0.113251 0 0.232841 0 0 0.119675  0 0 0 0 0 0  
108.071 2.61019 0.0208334 -5.93792 0 3 0 0 -6.15087  -6.02604 0 2.75583 0 0 -6.24272  -0.0165976 0 0.0299014 0 0 -0.0173227  0.104715 0 0.21427 0 0 0.109169  0 0 0 0 0 0  
108.699 2.62303 0.0208292 -5.83337 0 3 0 0 -6.17178  -5.90769 0 2.75767 0 0 -6.26056  -0.0197589 0 0.0315546 0 0 -0.016095  0.0940812 0 0.21078 0 0 0.104868  0 0 0 0 0 0  
109.327 2.63613 0.020671 -5.69509 0 3 0 0 -6.14583  -5.76989 0 2.75874 0 0 -6.24096  -0.0160125 0 0.0317585 0 0 -0.0109342  0.0908143 0 0.2095 0 0 0.10606  0 0 0 0 0 0  
109.956 2.64951 0.0214928 -5.52997 0 3 0 0 -6.14477  -5.62005 0 2.73665 0 0 -6.26149  -0.018727 0 0.0317361 0 0 -0.0109511  0.10881 0 0.231616 0 0 0.127664  0 0 0 0 0 0  
110.584 2.66309 0.0215033 -5.386 0 3 0 0 -6.1382  -5.47619 0 2.72887 0 0 -6.26355  -0.0198432 0 0.0329824 0 0 -0.0120793  0.110035 0 0.238143 0 0 0.137429  0 0 0 0 0 0  
111.212 2.6766 0.0213168 -5.24952 0 3 0 0 -6.16497  -5.32314 0 2.7268 0 0 -6.27915  -0.0159082 0 0.0372183 0 0 -0.00903637  0.089522 0 0.235985 0 0 0.123216  0 0 0 0 0 0  
111.841 2.68998 0.0210365 -5.19555 0 3 0 0 -6.27686  -5.27497 0 2.7396 0 0 -6.38596  -0.0151891 0 0.0346502 0 0 -0.0156179  0.094611 0 0.225748 0 0 0.124722  0 0 0 0 0 0  
112.469 2.70372 0.0219338 -5.26943 0 3 0 0 -6.32721  -5.34048 0 2.73881 0 0 -6.42894  -0.018856 0 0.035812 0 0 -0.0171043  0.0899081 0 0.225382 0 0 0.118831  0 0 0 0 0 0  
113.097 2.71717 0.0211187 -5.29477 0 3 0 0 -6.23189  -5.35972 0 2.76501 0 0 -6.32787  -0.015093 0 0.0339457 0 0 -0.0150434  0.080041 0 0.201044 0 0 0.111019  0 0 0 0 0 0  
113.726 2.73022 0.0206733 -5.18548 0 3 0 0 -6.03071  -5.24861 0 2.75476 0 0 -6.11041  -0.0150237 0 0.0349255 0 0 -0.0169435  0.0781608 0 0.210315 0 0 0.0966507  0 0 0 0 0 0  
114.354 2.74328 0.0210699 -4.96603 0 3 0 0 -5.86099  -5.03327 0 2.74205 0 0 -5.9399  -0.0181302 0 0.0355668 0 0 -0.0216236  0.0853673 0 0.222386 0 0 0.100538  0 0 0 0 0 0  
114.982 2.75649 0.0206831 -5.00314 0 3 0 0 -5.82712  -5.06566 0 2.74462 0 0 -5.90906  -0.0177018 0 0.0361203 0 0 -0.0263204  0.0802225 0 0.219257 0 0 0.10826  0 0 0 0 0 0  
115.611 2.76952 0.0203658 -5.15633 0 3 0 0 -5.82943  -5.21417 0 2.75111 0 0 -5.91525  -0.0176436 0 0.0358454 0 0 -0.0201429  0.0754856 0 0.213049 0 0 0.105959  0 0 0 0 0 0  
116.239 2.78236 0.0206311 -5.25997 0 3 0 0 -5.80842  -5.31343 0 2.74637 0 0 -5.8873  -0.0110545 0 0.0362224 0 0 -0.0176337  0.0645188 0 0.217406 0 0 0.0965115  0 0 0 0 0 0  
116.867 2.79553 0.0214532 -5.26825 0 3 0 0 -5.60695  -5.33124 0 2.7279 0 0 -5.72061  -0.0155118 0 0.0361964 0 0 -0.0208174  0.0785013 0 0.235906 0 0 0.134477  0 0 0 0 0 0  
117.496 2.80855 0.0202233 -5.09031 0 3 0 0 -5.58487  -5.1622 0 2.73749 0 0 -5.69651  -0.0212916 0 0.0339047 0 0 -0.0207412  0.093186 0 0.228606 0 0 0.132388  0 0 0 0 0 0  
118.124 2.82142 0.0207145 -4.9428 0 3 0 0 -5.57399  -5.0073 0 2.72546 0 0 -5.68302  -0.0182629 0 0.0343677 0 0 -0.0206543  0.0827655 0 0.240171 0 0 0.129684  0 0 0 0 0 0  
118.752 2.83472 0.0213422 -4.89972 0 3 0 0 -5.68871  -4.98207 0 2.7185 0 0 -5.8147  -0.0172698 0 0.0348407 0 0 -0.0218315  0.0996161 0 0.246655 0 0 0.147825  0 0 0 0 0 0  
119.381 2.84871 0.0233355 -4.87053 0 3 0 0 -5.64802  -4.97116 0 2.70174 0 0 -5.77903  -0.0197917 0 0.0392669 0 0 -0.0273726  0.12042 0 0.258993 0 0 0.158384  0 0 0 0 0 0  
120.009 2.86375 0.0249767 -4.76881 0 3 0 0 -5.56016  -4.86514 0 2.69397 0 0 -5.68686  -0.0227108 0 0.0428054 0 0 -0.025864  0.119036 0 0.263225 0 0 0.152572  0 0 0 0 0 0  
120.637 2.87971 0.0253144 -4.75106 0 3 0 0 -5.44264  -4.8486 0 2.69725 0 0 -5.57373  -0.0257794 0 0.043409 0 0 -0.0254042  0.123328 0 0.259343 0 0 0.156489  0 0 0 0 0 0  
121.265 2.89549 0.0251379 -4.77308 0 3 0 0 -5.13444  -4.88707 0 2.68267 0 0 -5.30151  -0.0254649 0 0.0409113 0 0 -0.0298858  0.139448 0 0.276417 0 0 0.196952  0 0 0 0 0 0  
121.894 2.91134 0.0251779 -4.81389 0 3 0 0 -5.11034  -4.92551 0 2.68578 0 0 -5.26479  -0.0178971 0 0.0397334 0 0 -0.0221381  0.129521 0 0.274487 0 0 0.176587  0 0 0 0 0 0  
122.522 2.92695 0.0247514 -4.99028 0 3 0 0 -5.28378  -5.08449 0 2.70425 0 0 -5.41003  -0.0191404 0 0.0377712 0 0 -0.0235272  0.113349 0 0.257974 0 0 0.149773  0 0 0 0 0 0  
123.15 2.94247 0.0253089 -5.09376 0 3 0 0 -5.50389  -5.18277 0 2.6971 0 0 -5.62133  -0.0232654 0 0.0385417 0 0 -0.0278156  0.11228 0 0.264361 0 0 0.145252  0 0 0 0 0 0  
123.779 2.9585 0.0251391 -5.18369 0 3 0 0 -5.5445  -5.2698 0 2.69307 0 0 -5.65959  -0.0322307 0 0.0384317 0 0 -0.0264445  0.118341 0 0.268502 0 0 0.141543  0 0 0 0 0 0  
124.407 2.97446 0.0248577 -5.20921 0 3 0 0 -5.39983  -5.28917 0 2.6885 0 0 -5.52412  -0.0409919 0 0.0397051 0 0 -0.0369496  0.120947 0 0.271799 0 0 0.161238  0 0 0 0 0 0  
125.035 2.99007 0.0254561 -5.14132 0 3 0 0 -5.22714  -5.22883 0 2.67948 0 0 -5.377  -0.0356565 0 0.0404715 0 0 -0.0350293  0.123159 0 0.280049 0 0 0.184881  0 0 0 0 0 0  
125.664 3.00654 0.0268427 -5.15853 0 3 0 0 -5.21683  -5.25705 0 2.6683 0 0 -5.36234  -0.0310363 0 0.0407678 0 0 -0.0332838  0.129556 0 0.290937 0 0 0.178793  0 0 0 0 0 0  
126.292 3.02273 0.0247016 -5.15191 0 3 0 0 -5.18647  -5.24036 0 2.68688 0 0 -5.31276  -0.0316513 0 0.0403257 0 0 -0.0336788  0.120095 0 0.272799 0 0 0.159966  0 0 0 0 0 0  
126.92 3.03823 0.0246657 -5.22048 0 3 0 0 -5.16593  -5.29314 0 2.69568 0 0 -5.26919  -0.0301292 0 0.0432415 0 0 -0.0330106  0.102789 0 0.261076 0 0 0.136266  0 0 0 0 0 0  
127.549 3.05335 0.023251 -5.2435 0 3 0 0 -5.21324  -5.30163 0 2.71643 0 0 -5.30643  -0.0379626 0 0.0392034 0 0 -0.0313075  0.0960922 0 0.244365 0 0 0.124498  0 0 0 0 0 0  
128.177 3.06746 0.0213351 -5.27382 0 3 0 0 -5.19194  -5.34181 0 2.73892 0 0 -5.29088  -0.0314328 0 0.0347705 0 0 -0.0279546  0.0994252 0 0.226309 0 0 0.126902  0 0 0 0 0 0  
128.805 3.08053 0.0209092 -5.39853 0 3 0 0 -5.17777  -5.46214 0 2.74599 0 0 -5.26813  -0.0338036 0 0.0326713 0 0 -0.0351903  0.097412 0 0.22134 0 0 0.125554  0 0 0 0 0 0  
129.434 3.09404 0.0217571 -5.38775 0 3 0 0 -5.08549  -5.46949 0 2.72377 0 0 -5.19651  -0.0327344 0 0.0336752 0 0 -0.0355207  0.114473 0 0.242552 0 0 0.146532  0 0 0 0 0 0  
130.062 3.10745 0.0215048 -5.41797 0 3 0 0 -4.97885  -5.49709 0 2.72576 0 0 -5.08499  -0.0291946 0 0.0357608 0 0 -0.0309673  0.108309 0 0.238476 0 0 0.13711  0 0 0 0 0 0  
130.69 3.12124 0.0227873 -5.43241 0 3 0 0 -4.97255  -5.51344 0 2.7224 0 0 -5.08345  -0.023188 0 0.0373401 0 0 -0.0272832  0.104211 0 0.240259 0 0 0.138184  0 0 0 0 0 0  
131.319 3.13531 0.0222429 -5.52232 0 3 0 0 -4.87751  -5.60058 0 2.72922 0 0 -4.98264  -0.0288649 0 0.0350175 0 0 -0.0239733  0.10713 0 0.235763 0 0 0.129098  0 0 0 0 0 0  
131.947 3.14933 0.0226538 -5.65397 0 3 0 0 -4.92487  -5.73073 0 2.7293 0 0 -5.03346  -0.0313409 0 0.0364121 0 0 -0.0251206  0.108101 0 0.23429 0 0 0.133712  0 0 0 0 0 0  
132.575 3.16384 0.0236015 -5.78309 0 3 0 0 -4.99282  -5.86333 0 2.72221 0 0 -5.0986  -0.0320453 0 0.0379297 0 0 -0.0223314  0.112283 0 0.239856 0 0 0.128114  0 0 0 0 0 0  
133.204 3.17896 0.0245702 -5.83141 0 3 0 0 -4.95579  -5.91979 0 2.69844 0 0 -5.06878  -0.0354599 0 0.0408578 0 0 -0.0275968  0.123835 0 0.260698 0 0 0.14059  0 0 0 0 0 0  
133.832 3.19492 0.0258067 -5.86327 0 3 0 0 -4.94318  -5.95395 0 2.6913 0 0 -5.07004  -0.0368344 0 0.0393189 0 0 -0.027508  0.127518 0 0.269383 0 0 0.154365  0 0 0 0 0 0  
134.46 3.21185 0.027584 -5.6791 0 3 0 0 -4.64668  -5.78796 0 2.65621 0 0 -4.8027  -0.0389613 0 0.044606 0 0 -0.0349993  0.147822 0 0.299185 0 0 0.19102  0 0 0 0 0 0  
135.088 3.22893 0.0264015 -5.39366 0 3 0 0 -4.30798  -5.50963 0 2.65517 0 0 -4.45837  -0.0418452 0 0.0377836 0 0 -0.0400181  0.157819 0 0.307048 0 0 0.190409  0 0 0 0 0 0  
135.717 3.24589 0.02846 -5.02373 0 3 0 0 -4.06669  -5.15476 0 2.61472 0 0 -4.25717  -0.0496048 0 0.0368294 0 0 -0.0498793  0.180633 0 0.348448 0 0 0.240358  0 0 0 0 0 0  
136.345 3.26327 0.027329 -4.8616 0 3 0 0 -3.95585  -4.97239 0 2.62526 0 0 -4.12406  -0.0539554 0 0.0387763 0 0 -0.056734  0.164747 0 0.335965 0 0 0.224943  0 0 0 0 0 0  
136.973 3.2808 0.0274717 -4.68284 0 3 0 0 -3.97757  -4.79808 0 2.60836 0 0 -4.17455  -0.0665679 0 0.038054 0 0 -0.0694257  0.181809 0 0.353589 0 0 0.266403  0 0 0 0 0 0  
137.602 3.29822 0.0274987 -4.64341 0 3 0 0 -4.00781  -4.76022 0 2.60427 0 0 -4.21949  -0.071312 0 0.0381976 0 0 -0.0687043  0.188123 0 0.357529 0 0 0.280381  0 0 0 0 0 0  
138.23 3.31549 0.0272313 -4.58352 0 3 0 0 -4.14997  -4.71152 0 2.62892 0 0 -4.35295  -0.0544447 0 0.0334914 0 0 -0.05864  0.182454 0 0.337587 0 0 0.261618  0 0 0 0 0 0  
138.858 3.33242 0.0269494 -4.56701 0 3 0 0 -4.26226  -4.69647 0 2.63937 0 0 -4.46466  -0.0519937 0 0.0317135 0 0 -0.059611  0.181448 0 0.328912 0 0 0.262012  0 0 0 0 0 0  
139.487 3.34966 0.0277779 -4.55741 0 3 0 0 -4.33874  -4.69438 0 2.63261 0 0 -4.54571  -0.0561588 0 0.0311465 0 0 -0.0703048  0.193133 0 0.336241 0 0 0.277273  0 0 0 0 0 0  
140.115 3.36646 0.0256356 -4.78923 0 3 0 0 -4.43095  -4.89226 0 2.66493 0 0 -4.60605  -0.0451115 0 0.0292224 0 0 -0.061279  0.148146 0 0.305846 0 0 0.236386  0 0 0 0 0 0  
140.743 3.38247 0.0255623 -5.08318 0 3 0 0 -4.53603  -5.1604 0 2.66812 0 0 -4.69743  -0.0396985 0 0.0303784 0 0 -0.0531592  0.116921 0 0.301497 0 0 0.214556  0 0 0 0 0 0  
141.372 3.39826 0.0247308 -5.36521 0 3 0 0 -4.7472  -5.43274 0 2.69327 0 0 -4.88726  -0.0378832 0 0.0280022 0 0 -0.046365  0.105413 0 0.278729 0 0 0.186426  0 0 0 0 0 0  
142 3.41378 0.0253845 -5.49486 0 3 0 0 -4.89587  -5.54361 0 2.69346 0 0 -5.012  -0.0343013 0 0.0351087 0 0 -0.0395905  0.0830479 0 0.271435 0 0 0.15572  0 0 0 0 0 0  
142.628 3.42974 0.0253007 -5.53554 0 3 0 0 -4.89428  -5.5754 0 2.69927 0 0 -4.99622  -0.0366741 0 0.0372985 0 0 -0.0310184  0.076529 0 0.263433 0 0 0.132949  0 0 0 0 0 0  
143.257 3.44556 0.025344 -5.51218 0 3 0 0 -4.82784  -5.56737 0 2.70053 0 0 -4.94255  -0.0328808 0 0.0352298 0 0 -0.0266992  0.0880705 0 0.264243 0 0 0.141407  0 0 0 0 0 0  
143.885 3.4609 0.0235293 -5.52598 0 3 0 0 -4.81944  -5.57801 0 2.71141 0 0 -4.9208  -0.0360348 0 0.0348049 0 0 -0.0261108  0.0880662 0 0.253788 0 0 0.12747  0 0 0 0 0 0  
144.513 3.47542 0.0228847 -5.6167 0 3 0 0 -4.89414  -5.667 0 2.71285 0 0 -4.99289  -0.0326865 0 0.0334728 0 0 -0.023934  0.0829919 0 0.253676 0 0 0.122689  0 0 0 0 0 0  
145.142 3.48956 0.0225071 -5.74936 0 3 0 0 -5.16773  -5.78165 0 2.7267 0 0 -5.24472  -0.0354914 0 0.0364292 0 0 -0.0249203  0.0677825 0 0.236871 0 0 0.101917  0 0 0 0 0 0  
145.77 3.50407 0.023109 -5.74468 0 3 0 0 -5.28576  -5.77651 0 2.71433 0 0 -5.35963  -0.0329644 0 0.03788 0 0 -0.0260519  0.0647939 0 0.24779 0 0 0.0999181  0 0 0 0 0 0  
146.398 3.51858 0.0232134 -5.60179 0 3 0 0 -5.34417  -5.63563 0 2.70101 0 0 -5.43678  -0.0399079 0 0.0386569 0 0 -0.0283174  0.0737574 0 0.260337 0 0 0.120928  0 0 0 0 0 0  
147.027 3.53299 0.0226784 -5.55215 0 3 0 0 -5.34632  -5.59947 0 2.70069 0 0 -5.45341  -0.0336067 0 0.0391876 0 0 -0.02284  0.0809228 0 0.260121 0 0 0.129926  0 0 0 0 0 0  
147.655 3.54716 0.0222954 -5.55929 0 3 0 0 -5.24188  -5.61512 0 2.71069 0 0 -5.34294  -0.0324798 0 0.0399218 0 0 -0.0274301  0.0883059 0 0.249385 0 0 0.128486  0 0 0 0 0 0  
148.283 3.56134 0.0224835 -5.43321 0 3 0 0 -5.06051  -5.49149 0 2.71067 0 0 -5.1564  -0.0334389 0 0.0396717 0 0 -0.0306925  0.0917165 0 0.249659 0 0 0.126582  0 0 0 0 0 0  
148.911 3.57531 0.0226674 -5.34797 0 3 0 0 -4.9579  -5.40761 0 2.7168 0 0 -5.04767  -0.0341094 0 0.0420453 0 0 -0.0289376  0.0937413 0 0.241153 0 0 0.118715  0 0 0 0 0 0  
149.54 3.58933 0.0216551 -5.34441 0 3 0 0 -4.93717  -5.39764 0 2.73229 0 0 -5.03109  -0.0340751 0 0.0415849 0 0 -0.0264956  0.0873036 0 0.226128 0 0 0.120414  0 0 0 0 0 0  
150.168 3.60264 0.0206243 -5.26216 0 3 0 0 -4.86894  -5.32543 0 2.74796 0 0 -4.96804  -0.0271937 0 0.0369173 0 0 -0.02142  0.0904646 0 0.215126 0 0 0.120517  0 0 0 0 0 0  
150.796 3.61556 0.0207486 -5.33731 0 3 0 0 -4.88599  -5.40102 0 2.74531 0 0 -4.99035  -0.0252863 0 0.0367741 0 0 -0.0153929  0.0889976 0 0.217913 0 0 0.11975  0 0 0 0 0 0  
151.425 3.62863 0.0207006 -5.41851 0 3 0 0 -4.88071  -5.47506 0 2.74701 0 0 -4.96789  -0.0272931 0 0.0358186 0 0 -0.0149041  0.0838348 0 0.217169 0 0 0.102082  0 0 0 0 0 0  
152.053 3.64145 0.0202949 -5.4899 0 3 0 0 -4.85622  -5.54546 0 2.75648 0 0 -4.93648  -0.0342666 0 0.0318192 0 0 -0.0182206  0.0898219 0 0.211696 0 0 0.0984818  0 0 0 0 0 0  
152.681 3.65418 0.0200902 -5.4574 0 3 0 0 -4.80627  -5.50519 0 2.75131 0 0 -4.88249  -0.03653 0 0.0347776 0 0 -0.02111  0.0843238 0 0.213911 0 0 0.0973265  0 0 0 0 0 0  
153.31 3.66685 0.0202706 -5.45935 0 3 0 0 -4.73278  -5.5181 0 2.75486 0 0 -4.81935  -0.0406862 0 0.0326656 0 0 -0.0250438  0.0994334 0 0.212475 0 0 0.111613  0 0 0 0 0 0  
153.938 3.68001 0.0213679 -5.44264 0 3 0 0 -4.62691  -5.50354 0 2.73608 0 0 -4.70526  -0.0374869 0 0.0351281 0 0 -0.0296864  0.0983923 0 0.228794 0 0 0.108034  0 0 0 0 0 0  
154.566 3.69349 0.0222439 -5.49149 0 3 0 0 -4.73575  -5.56005 0 2.717 0 0 -4.83056  -0.0369242 0 0.0345086 0 0 -0.0347996  0.105482 0 0.24849 0 0 0.129606  0 0 0 0 0 0  
155.195 3.70734 0.021345 -5.57623 0 3 0 0 -4.95647  -5.6394 0 2.74351 0 0 -5.06327  -0.0253498 0 0.0356467 0 0 -0.0299375  0.0885201 0 0.220843 0 0 0.136739  0 0 0 0 0 0  
155.823 3.72029 0.0199152 -5.71185 0 3 0 0 -5.00166  -5.77534 0 2.75351 0 0 -5.13785  -0.0245521 0 0.0303342 0 0 -0.0272333  0.0880438 0 0.216156 0 0 0.163428  0 0 0 0 0 0  
156.451 3.73291 0.0200695 -5.7441 0 3 0 0 -5.00272  -5.8054 0 2.75998 0 0 -5.12643  -0.02226 0 0.0320423 0 0 -0.0225723  0.0835543 0 0.207981 0 0 0.146278  0 0 0 0 0 0  
157.08 3.74584 0.0208848 -5.7801 0 3 0 0 -4.99944  -5.85608 0 2.75159 0 0 -5.13482  -0.0161984 0 0.0321253 0 0 -0.0182629  0.092171 0 0.216287 0 0 0.153648  0 0 0 0 0 0  
157.708 3.75909 0.021333 -5.82733 0 3 0 0 -4.99116  -5.90159 0 2.74925 0 0 -5.12821  -0.017774 0 0.0345421 0 0 -0.0189899  0.0920344 0 0.216203 0 0 0.156035  0 0 0 0 0 0  
158.336 3.77273 0.0220304 -5.7723 0 3 0 0 -4.94564  -5.86328 0 2.73326 0 0 -5.09369  -0.0207736 0 0.0323401 0 0 -0.0297929  0.111753 0 0.234404 0 0 0.177846  0 0 0 0 0 0  
158.965 3.78662 0.0220912 -5.67892 0 3 0 0 -4.95457  -5.77039 0 2.72385 0 0 -5.1075  -0.021861 0 0.0307231 0 0 -0.0288323  0.113331 0 0.245429 0 0 0.18176  0 0 0 0 0 0  
159.593 3.80037 0.0216449 -5.63673 0 3 0 0 -5.13344  -5.71628 0 2.72839 0 0 -5.26588  -0.0222177 0 0.0354042 0 0 -0.023229  0.101767 0 0.236211 0 0 0.155659  0 0 0 0 0 0  
160.221 3.81364 0.0208052 -5.68307 0 3 0 0 -5.40164  -5.75551 0 2.74545 0 0 -5.51912  -0.0227983 0 0.0349504 0 0 -0.0225638  0.0952413 0 0.219602 0 0 0.140051  0 0 0 0 0 0  
160.85 3.82654 0.0199543 -5.72805 0 3 0 0 -5.5769  -5.7883 0 2.76113 0 0 -5.68538  -0.0183641 0 0.0334453 0 0 -0.0199193  0.078605 0 0.205427 0 0 0.128403  0 0 0 0 0 0  
161.478 3.83922 0.0201095 -5.68156 0 3 0 0 -5.68513  -5.74714 0 2.75265 0 0 -5.79382  -0.0230647 0 0.0340951 0 0 -0.0226478  0.0886433 0 0.213253 0 0 0.131341  0 0 0 0 0 0  
162.106 3.85167 0.0193363 -5.59139 0 3 0 0 -5.78143  -5.64697 0 2.75017 0 0 -5.87763  -0.029005 0 0.0351389 0 0 -0.0275778  0.0845775 0 0.214695 0 0 0.123768  0 0 0 0 0 0  
162.734 3.8638 0.0191305 -5.62176 0 3 0 0 -5.83665  -5.68091 0 2.75794 0 0 -5.93009  -0.0247831 0 0.0332583 0 0 -0.0198508  0.0839272 0 0.208804 0 0 0.113287  0 0 0 0 0 0  
163.363 3.87553 0.0184589 -5.51162 0 3 0 0 -5.87052  -5.55678 0 2.75609 0 0 -5.95491  -0.0261381 0 0.0377099 0 0 -0.0196204  0.0712996 0 0.206196 0 0 0.104015  0 0 0 0 0 0  
163.991 3.88699 0.0181498 -5.40331 0 3 0 0 -5.80793  -5.46487 0 2.75472 0 0 -5.91824  -0.0234988 0 0.0341116 0 0 -0.0178061  0.0850525 0 0.211167 0 0 0.128114  0 0 0 0 0 0  
164.619 3.89827 0.0177325 -5.39913 0 3 0 0 -5.68089  -5.45606 0 2.77314 0 0 -5.78044  -0.0196295 0 0.0342078 0 0 -0.0106242  0.0765628 0 0.192649 0 0 0.110173  0 0 0 0 0 0  
165.248 3.90959 0.0183318 -5.32207 0 3 0 0 -5.53595  -5.37491 0 2.77352 0 0 -5.63721  -0.0196108 0 0.0378066 0 0 -0.00880009  0.0724458 0 0.188675 0 0 0.110059  0 0 0 0 0 0  
165.876 3.92146 0.0190905 -5.28181 0 3 0 0 -5.30785  -5.3468 0 2.74475 0 0 -5.4236  -0.028018 0 0.0389713 0 0 -0.015905  0.0930103 0 0.216281 0 0 0.131656  0 0 0 0 0 0  
166.504 3.93379 0.020217 -5.13938 0 3 0 0 -5.10828  -5.21796 0 2.72731 0 0 -5.24205  -0.0312245 0 0.0401382 0 0 -0.0147059  0.109798 0 0.232548 0 0 0.148479  0 0 0 0 0 0  
167.133 3.94673 0.0208411 -5.01092 0 3 0 0 -5.04277  -5.10262 0 2.72122 0 0 -5.18978  -0.0257284 0 0.0404953 0 0 -0.0138047  0.117432 0 0.238283 0 0 0.160814  0 0 0 0 0 0  
167.761 3.95989 0.0212944 -4.93208 0 3 0 0 -4.9547  -5.0237 0 2.70915 0 0 -5.10087  -0.0298505 0 0.04307 0 0 -0.0200037  0.121473 0 0.247784 0 0 0.166167  0 0 0 0 0 0  
168.389 3.9733 0.0209882 -4.7787 0 3 0 0 -4.80554  -4.86863 0 2.70798 0 0 -4.94651  -0.0318892 0 0.0395953 0 0 -0.0234722  0.121826 0 0.252421 0 0 0.164442  0 0 0 0 0 0  
169.018 3.9863 0.0203617 -4.66355 0 3 0 0 -4.76978  -4.75836 0 2.71201 0 0 -4.92019  -0.0364223 0 0.0369006 0 0 -0.0240458  0.131231 0 0.251094 0 0 0.174454  0 0 0 0 0 0  
169.646 3.99916 0.0202661 -4.63256 0 3 0 0 -4.92648  -4.72483 0 2.7178 0 0 -5.0628  -0.0396284 0 0.0359231 0 0 -0.0226897  0.131898 0 0.246275 0 0 0.159015  0 0 0 0 0 0  
170.274 4.01166 0.0189053 -4.6651 0 3 0 0 -4.98466  -4.74975 0 2.74237 0 0 -5.1193  -0.0390118 0 0.0334794 0 0 -0.0189709  0.123662 0 0.224151 0 0 0.153613  0 0 0 0 0 0  
170.903 4.02324 0.0178351 -4.73167 0 3 0 0 -5.07615  -4.79433 0 2.75355 0 0 -5.19156  -0.0362674 0 0.032786 0 0 -0.0211968  0.0989251 0 0.21366 0 0 0.136603  0 0 0 0 0 0  
171.531 4.03403 0.0165268 -4.89177 0 3 0 0 -5.23338  -4.93856 0 2.77244 0 0 -5.33055  -0.0334504 0 0.0333769 0 0 -0.0173571  0.0802346 0 0.194181 0 0 0.114532  0 0 0 0 0 0  
172.159 4.04395 0.015366 -5.09014 0 3 0 0 -5.34541  -5.13695 0 2.79489 0 0 -5.43287  -0.0243438 0 0.0285729 0 0 -0.00934661  0.0711565 0 0.176536 0 0 0.096813  0 0 0 0 0 0  
172.788 4.05356 0.0154555 -5.28534 0 3 0 0 -5.38068  -5.32927 0 2.80212 0 0 -5.46568  -0.0242393 0 0.0284586 0 0 -0.011778  0.0681676 0 0.169419 0 0 0.0967716  0 0 0 0 0 0  
173.416 4.06324 0.0154956 -5.51125 0 3 0 0 -5.42476  -5.5542 0 2.80923 0 0 -5.5092  -0.022357 0 0.0268207 0 0 -0.0111194  0.0653106 0 0.163951 0 0 0.0955569  0 0 0 0 0 0  
174.044 4.07295 0.0156274 -5.67359 0 3 0 0 -5.44818  -5.72264 0 2.80959 0 0 -5.53555  -0.0252597 0 0.0259118 0 0 -0.0150154  0.0743137 0 0.164501 0 0 0.102386  0 0 0 0 0 0  
174.673 4.08311 0.0165892 -5.81364 0 3 0 0 -5.50884  -5.86909 0 2.80257 0 0 -5.59188  -0.0274255 0 0.0263453 0 0 -0.0204654  0.0828784 0 0.171083 0 0 0.103504  0 0 0 0 0 0  
175.301 4.09345 0.0160736 -5.90416 0 3 0 0 -5.61678  -5.95003 0 2.81226 0 0 -5.6949  -0.0237437 0 0.025544 0 0 -0.0162538  0.0696193 0 0.162194 0 0 0.0943727  0 0 0 0 0 0  
175.929 4.10361 0.0159694 -5.96874 0 3 0 0 -5.73117  -6.01507 0 2.81769 0 0 -5.80581  -0.0191065 0 0.0250476 0 0 -0.0105621  0.0654442 0 0.157265 0 0 0.0852051  0 0 0 0 0 0  
176.558 4.1138 0.0163696 -6.03437 0 3 0 0 -5.80598  -6.07822 0 2.82133 0 0 -5.87832  -0.0157182 0 0.0247336 0 0 -0.00480085  0.059573 0 0.153935 0 0 0.0771385  0 0 0 0 0 0  
177.186 4.12422 0.0169196 -6.02586 0 3 0 0 -5.73427  -6.07053 0 2.81914 0 0 -5.80622  -0.0173119 0 0.02629 0 0 -0.00532449  0.0619794 0 0.154574 0 0 0.0772767  0 0 0 0 0 0  
177.814 4.13495 0.0174845 -6.00568 0 3 0 0 -5.65971  -6.05708 0 2.80837 0 0 -5.74349  -0.019269 0 0.0270311 0 0 -0.00980478  0.0706653 0 0.164597 0 0 0.0935782  0 0 0 0 0 0  
178.442 4.14591 0.0177048 -5.88501 0 3 0 0 -5.51071  -5.94442 0 2.79938 0 0 -5.595  -0.0213184 0 0.027861 0 0 -0.0132668  0.0807273 0 0.172759 0 0 0.0975584  0 0 0 0 0 0  
179.071 4.15736 0.01832 -5.73221 0 3 0 0 -5.38063  -5.80193 0 2.7877 0 0 -5.47169  -0.0220352 0 0.0290736 0 0 -0.0143328  0.0917532 0 0.183223 0 0 0.105387  0 0 0 0 0 0  
179.699 4.16903 0.0187939 -5.59248 0 3 0 0 -5.24862  -5.65709 0 2.78013 0 0 -5.34617  -0.020232 0 0.032419 0 0 -0.00930082  0.0848403 0 0.187453 0 0 0.106857  0 0 0 0 0 0  
180.327 4.18117 0.0192644 -5.52174 0 3 0 0 -5.34187  -5.59919 0 2.77845 0 0 -5.44205  -0.0191579 0 0.0331736 0 0 -0.0113097  0.0966036 0 0.188372 0 0 0.111488  0 0 0 0 0 0  
180.956 4.1935 0.0200465 -5.47214 0 3 0 0 -5.41319  -5.55125 0 2.77329 0 0 -5.51745  -0.0159451 0 0.0364669 0 0 -0.0054689  0.0950472 0 0.190243 0 0 0.10973  0 0 0 0 0 0  
181.584 4.20599 0.0196412 -5.48069 0 3 0 0 -5.4874  -5.55934 0 2.77046 0 0 -5.59536  -0.0223393 0 0.0382298 0 0 -0.0100142  0.100991 0 0.191311 0 0 0.117975  0 0 0 0 0 0  
182.212 4.21807 0.0188764 -5.5473 0 3 0 0 -5.55278  -5.61221 0 2.78888 0 0 -5.65172  -0.0192226 0 0.0352627 0 0 -0.00714181  0.0841394 0 0.175857 0 0 0.106087  0 0 0 0 0 0  
182.841 4.22987 0.0187953 -5.46502 0 3 0 0 -5.52386  -5.53388 0 2.78511 0 0 -5.63068  -0.0182071 0 0.0335286 0 0 -0.00990427  0.0870616 0 0.181361 0 0 0.116728  0 0 0 0 0 0  
183.469 4.24138 0.0178693 -5.32286 0 3 0 0 -5.47748  -5.39293 0 2.79354 0 0 -5.58548  -0.0175369 0 0.0306514 0 0 -0.00721521  0.0876013 0 0.175811 0 0 0.115209  0 0 0 0 0 0  
184.097 4.25247 0.0177557 -5.28792 0 3 0 0 -5.4319  -5.36151 0 2.78963 0 0 -5.53446  -0.0236255 0 0.0302519 0 0 -0.010542  0.0972093 0 0.180116 0 0 0.113107  0 0 0 0 0 0  
184.726 4.26386 0.0184684 -5.16816 0 3 0 0 -5.32704  -5.25152 0 2.7895 0 0 -5.43066  -0.0194258 0 0.0304634 0 0 -0.00962272  0.102788 0 0.180041 0 0 0.113234  0 0 0 0 0 0  
185.354 4.27559 0.0188204 -5.12247 0 3 0 0 -5.21231  -5.21262 0 2.78028 0 0 -5.32434  -0.016386 0 0.029598 0 0 -0.0122707  0.106531 0 0.190121 0 0 0.124299  0 0 0 0 0 0  
185.982 4.28747 0.0188901 -5.08626 0 3 0 0 -5.06439  -5.17992 0 2.77738 0 0 -5.17362  -0.0179564 0 0.0316573 0 0 -0.0172131  0.111611 0 0.190962 0 0 0.12644  0 0 0 0 0 0  
186.611 4.29957 0.0195534 -5.05413 0 3 0 0 -4.94635  -5.15271 0 2.76755 0 0 -5.06485  -0.0234126 0 0.0296763 0 0 -0.024828  0.121989 0 0.202774 0 0 0.143335  0 0 0 0 0 0  
187.239 4.31234 0.0207268 -5.03525 0 3 0 0 -4.93007  -5.13121 0 2.7468 0 0 -5.0445  -0.0275963 0 0.0321631 0 0 -0.0285851  0.12356 0 0.221039 0 0 0.143015  0 0 0 0 0 0  
187.867 4.32547 0.0210418 -4.99121 0 3 0 0 -4.95476  -5.09616 0 2.74241 0 0 -5.07706  -0.027357 0 0.0306214 0 0 -0.0276789  0.132313 0 0.226971 0 0 0.149975  0 0 0 0 0 0  
188.496 4.33892 0.0225627 -4.93978 0 3 0 0 -4.95216  -5.06255 0 2.72474 0 0 -5.08826  -0.0315275 0 0.0302925 0 0 -0.0324804  0.154291 0 0.244963 0 0 0.168577  0 0 0 0 0 0  
189.124 4.35314 0.0231163 -4.91137 0 3 0 0 -4.85884  -5.04498 0 2.71015 0 0 -5.00028  -0.0407669 0 0.0310963 0 0 -0.0337908  0.174376 0 0.258756 0 0 0.175223  0 0 0 0 0 0  
189.752 4.36764 0.0236745 -4.81565 0 3 0 0 -4.7451  -4.95869 0 2.69226 0 0 -4.88922  -0.0487885 0 0.0322498 0 0 -0.0401821  0.191824 0 0.275486 0 0 0.1843  0 0 0 0 0 0  
190.381 4.38279 0.0248714 -4.80309 0 3 0 0 -4.59199  -4.94579 0 2.67861 0 0 -4.73637  -0.0366224 0 0.0375354 0 0 -0.0289417  0.179318 0 0.283852 0 0 0.173321  0 0 0 0 0 0  
191.009 4.39887 0.0264282 -4.81281 0 3 0 0 -4.41864  -4.95956 0 2.64525 0 0 -4.58554  -0.0395248 0 0.0435529 0 0 -0.0309094  0.186271 0 0.311195 0 0 0.197802  0 0 0 0 0 0  
191.637 4.41526 0.0258667 -4.80861 0 3 0 0 -4.33205  -4.95526 0 2.64907 0 0 -4.50024  -0.0489839 0 0.0420949 0 0 -0.041393  0.195635 0 0.308835 0 0 0.209577  0 0 0 0 0 0  
192.265 4.43186 0.0264188 -4.90996 0 3 0 0 -4.24185  -5.05227 0 2.64222 0 0 -4.42425  -0.0465485 0 0.0394165 0 0 -0.0493193  0.188865 0 0.318359 0 0 0.231719  0 0 0 0 0 0  
192.894 4.44818 0.0258128 -4.98214 0 3 0 0 -4.35526  -5.10804 0 2.66415 0 0 -4.50311  -0.0406729 0 0.0429541 0 0 -0.0425575  0.166577 0 0.292894 0 0 0.190404  0 0 0 0 0 0  
193.522 4.46419 0.0250547 -5.02373 0 3 0 0 -4.48165  -5.1331 0 2.67732 0 0 -4.6164  -0.0387595 0 0.0450424 0 0 -0.0398444  0.148121 0 0.27764 0 0 0.174596  0 0 0 0 0 0  
194.15 4.48008 0.0253651 -4.99028 0 3 0 0 -4.58723  -5.09489 0 2.67921 0 0 -4.72752  -0.0378609 0 0.0447835 0 0 -0.0335948  0.142473 0 0.276009 0 0 0.173887  0 0 0 0 0 0  
194.779 4.49657 0.027044 -4.91716 0 3 0 0 -4.60248  -5.01987 0 2.65439 0 0 -4.73324  -0.0430793 0 0.0517458 0 0 -0.0357713  0.145788 0 0.29386 0 0 0.16653  0 0 0 0 0 0  
195.407 4.51394 0.0283759 -4.7824 0 3 0 0 -4.4786  -4.93357 0 2.60388 0 0 -4.66795  -0.0467754 0 0.0489957 0 0 -0.0364807  0.197951 0 0.34712 0 0 0.225832  0 0 0 0 0 0  
196.035 4.53193 0.0293998 -4.67341 0 3 0 0 -4.44644  -4.82964 0 2.5747 0 0 -4.63528  -0.05358 0 0.0467421 0 0 -0.0437052  0.209809 0 0.378559 0 0 0.23255  0 0 0 0 0 0  
196.664 4.55048 0.0293747 -4.65947 0 3 0 0 -4.50389  -4.82259 0 2.5925 0 0 -4.7313  -0.0568799 0 0.0450513 0 0 -0.0337401  0.219999 0 0.362449 0 0 0.261155  0 0 0 0 0 0  
197.292 4.56872 0.0288928 -4.74765 0 3 0 0 -4.59696  -4.92018 0 2.61132 0 0 -4.83279  -0.0561277 0 0.039534 0 0 -0.0431227  0.228661 0 0.349147 0 0 0.278953  0 0 0 0 0 0  
197.92 4.58676 0.0282962 -4.76355 0 3 0 0 -4.71182  -4.91515 0 2.62414 0 0 -4.94305  -0.0583033 0 0.0383248 0 0 -0.0366511  0.209902 0 0.337538 0 0 0.267887  0 0 0 0 0 0  
198.549 4.60486 0.0294623 -4.74709 0 3 0 0 -4.79744  -4.88563 0 2.61228 0 0 -5.01614  -0.0608668 0 0.0429361 0 0 -0.033494  0.199405 0 0.344783 0 0 0.252197  0 0 0 0 0 0  
199.177 4.62344 0.0294787 -4.79844 0 3 0 0 -4.82833  -4.9283 0 2.62855 0 0 -5.03449  -0.0556421 0 0.0442946 0 0 -0.0286984  0.18551 0 0.327158 0 0 0.234853  0 0 0 0 0 0  
199.805 4.64166 0.0284582 -4.76103 0 3 0 0 -4.65379  -4.88744 0 2.63858 0 0 -4.83949  -0.0551167 0 0.0446235 0 0 -0.0253845  0.181527 0 0.316798 0 0 0.211088  0 0 0 0 0 0  
200.434 4.65968 0.0279431 -4.68161 0 3 0 0 -4.36456  -4.8167 0 2.63527 0 0 -4.55638  -0.0589137 0 0.0383172 0 0 -0.0343747  0.194003 0 0.326413 0 0 0.226192  0 0 0 0 0 0  
201.062 4.67709 0.0277538 -4.61489 0 3 0 0 -4.28432  -4.74856 0 2.6237 0 0 -4.47415  -0.0532986 0 0.0352788 0 0 -0.037924  0.186967 0 0.341017 0 0 0.227752  0 0 0 0 0 0  
201.69 4.69503 0.0293387 -4.61231 0 3 0 0 -4.23674  -4.78679 0 2.60473 0 0 -4.42872  -0.0560096 0 0.0368844 0 0 -0.0336789  0.230489 0 0.358384 0 0 0.225661  0 0 0 0 0 0  
202.319 4.71318 0.0287806 -4.59135 0 3 0 0 -4.20886  -4.77233 0 2.59777 0 0 -4.42594  -0.0521189 0 0.0379837 0 0 -0.0349536  0.233101 0 0.364247 0 0 0.25203  0 0 0 0 0 0  
202.947 4.73126 0.0288134 -4.58736 0 3 0 0 -4.20209  -4.75029 0 2.5996 0 0 -4.41694  -0.0520205 0 0.038321 0 0 -0.0362058  0.214957 0 0.362075 0 0 0.251055  0 0 0 0 0 0  
203.575 4.74926 0.0290046 -4.56087 0 3 0 0 -4.27246  -4.71131 0 2.59587 0 0 -4.48584  -0.0448355 0 0.039917 0 0 -0.0467444  0.195275 0 0.364217 0 0 0.260123  0 0 0 0 0 0  
204.204 4.76758 0.0290506 -4.53822 0 3 0 0 -4.31663  -4.69802 0 2.59595 0 0 -4.53276  -0.0416043 0 0.0411143 0 0 -0.0499914  0.201407 0 0.362933 0 0 0.26612  0 0 0 0 0 0  
204.832 4.78557 0.0282933 -4.64643 0 3 0 0 -4.5095  -4.79033 0 2.59725 0 0 -4.69716  -0.044069 0 0.0445562 0 0 -0.0570741  0.187966 0 0.358192 0 0 0.244735  0 0 0 0 0 0  
205.46 4.80281 0.026747 -4.82394 0 3 0 0 -4.77976  -4.95299 0 2.62708 0 0 -4.94031  -0.0492832 0 0.0435747 0 0 -0.0446361  0.178327 0 0.329343 0 0 0.20518  0 0 0 0 0 0  
206.088 4.81911 0.0252584 -5.00877 0 3 0 0 -5.07221  -5.11821 0 2.64702 0 0 -5.20903  -0.0468621 0 0.0425991 0 0 -0.044801  0.1563 0 0.310376 0 0 0.181619  0 0 0 0 0 0  
206.717 4.83476 0.0243485 -5.14398 0 3 0 0 -5.34237  -5.25364 0 2.68582 0 0 -5.47277  -0.0335413 0 0.0401044 0 0 -0.0369537  0.143199 0 0.274077 0 0 0.167351  0 0 0 0 0 0  
207.345 4.84914 0.0213453 -5.31467 0 3 0 0 -5.52028  -5.4076 0 2.7377 0 0 -5.63672  -0.0276329 0 0.0322492 0 0 -0.0259538  0.120567 0 0.230053 0 0 0.142394  0 0 0 0 0 0  
207.973 4.86173 0.0192388 -5.45564 0 3 0 0 -5.6652  -5.53177 0 2.76061 0 0 -5.76449  -0.0245459 0 0.0293251 0 0 -0.0230333  0.100669 0 0.210069 0 0 0.122332  0 0 0 0 0 0  
208.602 4.87311 0.0176842 -5.51402 0 3 0 0 -5.70402  -5.57463 0 2.78536 0 0 -5.78379  -0.0210379 0 0.0258931 0 0 -0.0208691  0.0816493 0 0.188747 0 0 0.100648  0 0 0 0 0 0  
209.23 4.88422 0.0180353 -5.49915 0 3 0 0 -5.67973  -5.56407 0 2.78134 0 0 -5.75707  -0.0211129 0 0.0258158 0 0 -0.0222655  0.0860337 0 0.192848 0 0 0.0996111  0 0 0 0 0 0  
209.858 4.89572 0.0186342 -5.46309 0 3 0 0 -5.65582  -5.52131 0 2.77987 0 0 -5.72669  -0.0229027 0 0.0277725 0 0 -0.0211933  0.0811191 0 0.192361 0 0 0.0920618  0 0 0 0 0 0  
210.487 4.90761 0.0191071 -5.38534 0 3 0 0 -5.63774  -5.44024 0 2.77832 0 0 -5.70887  -0.0229458 0 0.0291365 0 0 -0.022613  0.0778519 0 0.192539 0 0 0.0937451  0 0 0 0 0 0  
211.115 4.91988 0.0198485 -5.31693 0 3 0 0 -5.55506  -5.37421 0 2.76845 0 0 -5.6263  -0.0246304 0 0.0317326 0 0 -0.0240666  0.0819027 0 0.199815 0 0 0.0953067  0 0 0 0 0 0  
211.743 4.93258 0.0206147 -5.33991 0 3 0 0 -5.55099  -5.39079 0 2.75894 0 0 -5.61032  -0.0222766 0 0.0327935 0 0 -0.023822  0.0731579 0 0.208265 0 0 0.0831547  0 0 0 0 0 0  
212.372 4.94619 0.0225691 -5.27345 0 3 0 0 -5.51803  -5.32681 0 2.73163 0 0 -5.57691  -0.0313683 0 0.0370854 0 0 -0.0299289  0.0847286 0 0.231287 0 0 0.0888133  0 0 0 0 0 0  
213 4.96036 0.0229588 -5.147 0 3 0 0 -5.43493  -5.19494 0 2.72177 0 0 -5.49086  -0.0343752 0 0.0411354 0 0 -0.0374015  0.0823169 0 0.237094 0 0 0.0933257  0 0 0 0 0 0  
213.628 4.97478 0.0234273 -5.07455 0 3 0 0 -5.35011  -5.13581 0 2.71819 0 0 -5.42444  -0.0376956 0 0.0412674 0 0 -0.0375835  0.0989566 0 0.240546 0 0 0.111914  0 0 0 0 0 0  
214.257 4.98981 0.0247176 -5.02045 0 3 0 0 -5.20742  -5.13166 0 2.69697 0 0 -5.3166  -0.0390434 0 0.0343652 0 0 -0.0385289  0.150247 0 0.268665 0 0 0.147706  0 0 0 0 0 0  
214.885 5.00544 0.0253152 -4.95498 0 3 0 0 -5.19625  -5.08797 0 2.69262 0 0 -5.3187  -0.0357242 0 0.0341045 0 0 -0.0388957  0.168711 0 0.273274 0 0 0.161346  0 0 0 0 0 0  
