# LF_DEM version v3.0-126-gb72fb1a
# np 1000
# VF 0.76
# Lx 73.993
# Ly 0
# Lz 73.993
# flow_type shear
# data in cl units.
#1: time
#2: cumulated strain
#3: shear rate
#4-9: total stress tensor (xx, xy, xz, yz, yy, zz)
#10-15: contact stress tensor (xx, xy, xz, yz, yy, zz)
#16-21: dashpot stress tensor (xx, xy, xz, yz, yy, zz)
#22-27: hydro stress tensor (xx, xy, xz, yz, yy, zz)
#28-33: repulsion stress tensor (xx, xy, xz, yz, yy, zz)

0.00471239 0.00037389 0.079342 -5.16886 0 4 0 0 -5.09184  -5.61409 0 2.8343 0 0 -5.62588  -0.219251 0 0.0846673 0 0 -0.205476  0.664482 0 1.08103 0 0 0.739515  0 0 0 0 0 0  
0.471239 0.0226453 0.0407153 -5.24871 0 4 0 0 -5.14406  -5.4394 0 3.3958 0 0 -5.39303  -0.118241 0 0.0524642 0 0 -0.109998  0.308927 0 0.551735 0 0 0.358963  0 0 0 0 0 0  
0.942478 0.0402353 0.0340829 -5.74406 0 4 0 0 -5.59231  -5.88628 0 3.51294 0 0 -5.79639  -0.0901081 0 0.0457019 0 0 -0.0885596  0.232334 0 0.441357 0 0 0.29264  0 0 0 0 0 0  
1.41372 0.0555362 0.0303399 -6.18866 0 4 0 0 -5.92515  -6.30336 0 3.60318 0 0 -6.09774  -0.0674353 0 0.0400194 0 0 -0.0617314  0.182139 0 0.356798 0 0 0.234324  0 0 0 0 0 0  
1.88496 0.0690575 0.0275546 -6.57921 0 4 0 0 -6.11727  -6.66466 0 3.6463 0 0 -6.25617  -0.051787 0 0.0394652 0 0 -0.0459986  0.137235 0 0.314235 0 0 0.184897  0 0 0 0 0 0  
2.35619 0.0818102 0.0266549 -6.85135 0 4 0 0 -6.33978  -6.92898 0 3.66412 0 0 -6.46951  -0.0470522 0 0.0368695 0 0 -0.0514253  0.124677 0 0.299006 0 0 0.181154  0 0 0 0 0 0  
2.82743 0.0943254 0.0264627 -7.01147 0 4 0 0 -6.53665  -7.07876 0 3.66723 0 0 -6.66073  -0.0479744 0 0.0349417 0 0 -0.0573583  0.115261 0 0.297831 0 0 0.18144  0 0 0 0 0 0  
3.29867 0.106588 0.0254854 -7.15382 0 4 0 0 -6.78342  -7.20948 0 3.69348 0 0 -6.89225  -0.0471615 0 0.0371251 0 0 -0.0525432  0.102819 0 0.269396 0 0 0.161374  0 0 0 0 0 0  
3.76991 0.118361 0.0252036 -7.2829 0 4 0 0 -7.04056  -7.33232 0 3.71328 0 0 -7.1288  -0.0442708 0 0.0393051 0 0 -0.0436624  0.093696 0 0.247419 0 0 0.131903  0 0 0 0 0 0  
4.24115 0.130134 0.0249634 -7.4319 0 4 0 0 -7.17061  -7.48309 0 3.72046 0 0 -7.26499  -0.0418734 0 0.037942 0 0 -0.0383372  0.0930552 0 0.241599 0 0 0.132718  0 0 0 0 0 0  
4.71239 0.141913 0.0247828 -7.45902 0 4 0 0 -7.32282  -7.52094 0 3.71978 0 0 -7.4192  -0.0368493 0 0.0397657 0 0 -0.0313188  0.0987717 0 0.240459 0 0 0.127696  0 0 0 0 0 0  
5.18363 0.153589 0.0241885 -7.61785 0 4 0 0 -7.47255  -7.68395 0 3.72458 0 0 -7.58028  -0.0386243 0 0.0394199 0 0 -0.0306616  0.104732 0 0.235997 0 0 0.138386  0 0 0 0 0 0  
5.65487 0.164825 0.0232844 -7.74926 0 4 0 0 -7.64672  -7.80683 0 3.73598 0 0 -7.74159  -0.0355766 0 0.0382956 0 0 -0.0312372  0.093145 0 0.225726 0 0 0.126111  0 0 0 0 0 0  
6.12611 0.175682 0.0229636 -7.79746 0 4 0 0 -7.90212  -7.84934 0 3.74438 0 0 -7.98251  -0.0356805 0 0.0385728 0 0 -0.02823  0.0875593 0 0.217043 0 0 0.108623  0 0 0 0 0 0  
6.59734 0.186027 0.0216949 -7.9372 0 4 0 0 -8.13349  -7.9878 0 3.75054 0 0 -8.21267  -0.0353834 0 0.0324917 0 0 -0.0324748  0.0859775 0 0.216968 0 0 0.111659  0 0 0 0 0 0  
7.06858 0.196087 0.0211749 -8.09788 0 4 0 0 -8.43647  -8.15439 0 3.75788 0 0 -8.51157  -0.033947 0 0.0331873 0 0 -0.0336895  0.0904556 0 0.208937 0 0 0.108788  0 0 0 0 0 0  
7.53982 0.205753 0.0203203 -8.25798 0 4 0 0 -8.82085  -8.30747 0 3.76685 0 0 -8.88742  -0.0276149 0 0.0320264 0 0 -0.0312821  0.0771069 0 0.201124 0 0 0.0978546  0 0 0 0 0 0  
8.01106 0.215253 0.0199295 -8.33627 0 4 0 0 -9.15569  -8.38376 0 3.77145 0 0 -9.21986  -0.024326 0 0.0320727 0 0 -0.0248175  0.0718129 0 0.196482 0 0 0.0889901  0 0 0 0 0 0  
8.4823 0.224779 0.0202498 -8.45779 0 4 0 0 -9.43518  -8.49566 0 3.76879 0 0 -9.49269  -0.025756 0 0.0370695 0 0 -0.0242212  0.0636287 0 0.194139 0 0 0.0817406  0 0 0 0 0 0  
8.95354 0.234357 0.0202499 -8.58286 0 4 0 0 -9.58432  -8.62436 0 3.7757 0 0 -9.63132  -0.0164698 0 0.0330847 0 0 -0.0184591  0.0579632 0 0.191211 0 0 0.0654607  0 0 0 0 0 0  
9.42478 0.243631 0.0196184 -8.61014 0 4 0 0 -9.60596  -8.65748 0 3.78157 0 0 -9.64935  -0.0161772 0 0.0340302 0 0 -0.0176401  0.0635243 0 0.184399 0 0 0.0610215  0 0 0 0 0 0  
9.89602 0.252467 0.0183384 -8.54358 0 4 0 0 -9.4883  -8.58947 0 3.79874 0 0 -9.53221  -0.0136402 0 0.0313075 0 0 -0.015249  0.0595337 0 0.169949 0 0 0.0591666  0 0 0 0 0 0  
10.3673 0.261023 0.0184661 -8.50522 0 4 0 0 -9.35084  -8.5495 0 3.79612 0 0 -9.39197  -0.0112936 0 0.0326255 0 0 -0.0152625  0.0555724 0 0.171259 0 0 0.056396  0 0 0 0 0 0  
10.8385 0.269741 0.0191078 -8.43499 0 4 0 0 -9.21509  -8.48018 0 3.7952 0 0 -9.25607  -0.0138496 0 0.0329235 0 0 -0.0186358  0.0590417 0 0.171873 0 0 0.0596145  0 0 0 0 0 0  
11.3097 0.278729 0.0191994 -8.44044 0 4 0 0 -9.13311  -8.47883 0 3.78821 0 0 -9.17005  -0.017469 0 0.0351047 0 0 -0.0207215  0.0558514 0 0.176682 0 0 0.0576597  0 0 0 0 0 0  
11.781 0.287929 0.0192977 -8.37402 0 4 0 0 -9.03268  -8.41446 0 3.77891 0 0 -9.07061  -0.0158202 0 0.036466 0 0 -0.0246157  0.0562623 0 0.184627 0 0 0.0625398  0 0 0 0 0 0  
12.2522 0.297323 0.0199081 -8.28876 0 4 0 0 -8.97742  -8.32992 0 3.77449 0 0 -9.02293  -0.014552 0 0.0377682 0 0 -0.0222779  0.0557149 0 0.187742 0 0 0.0677872  0 0 0 0 0 0  
12.7235 0.30646 0.0189151 -8.29716 0 4 0 0 -8.98181  -8.33071 0 3.78446 0 0 -9.02747  -0.0173882 0 0.036318 0 0 -0.0255164  0.050942 0 0.179218 0 0 0.0711806  0 0 0 0 0 0  
13.1947 0.315106 0.0177949 -8.24263 0 4 0 0 -8.94368  -8.27901 0 3.80043 0 0 -8.98253  -0.0157356 0 0.0337926 0 0 -0.0220377  0.0521215 0 0.165781 0 0 0.0608799  0 0 0 0 0 0  
13.6659 0.323322 0.0169438 -8.24701 0 4 0 0 -8.81447  -8.28686 0 3.8076 0 0 -8.8628  -0.0125855 0 0.0330402 0 0 -0.0176091  0.0524302 0 0.159359 0 0 0.0659421  0 0 0 0 0 0  
14.1372 0.331256 0.0166399 -8.16567 0 4 0 0 -8.65963  -8.20882 0 3.81447 0 0 -8.70552  -0.00912244 0 0.0315607 0 0 -0.0172888  0.05227 0 0.153966 0 0 0.0631778  0 0 0 0 0 0  
14.6084 0.339128 0.0166477 -8.07171 0 4 0 0 -8.59111  -8.11675 0 3.81164 0 0 -8.64432  -0.00918857 0 0.0308574 0 0 -0.017514  0.0542334 0 0.157506 0 0 0.0707243  0 0 0 0 0 0  
15.0796 0.347243 0.017736 -7.99048 0 4 0 0 -8.51776  -8.03153 0 3.80018 0 0 -8.57614  -0.0079509 0 0.0326444 0 0 -0.0174483  0.0490005 0 0.167171 0 0 0.0758343  0 0 0 0 0 0  
15.5509 0.355559 0.0180065 -7.85696 0 4 0 0 -8.46821  -7.89467 0 3.79451 0 0 -8.5227  -0.0080391 0 0.0326327 0 0 -0.0169261  0.0457559 0 0.172854 0 0 0.0714116  0 0 0 0 0 0  
16.0221 0.364066 0.0180605 -7.63524 0 4 0 0 -8.39697  -7.67789 0 3.79779 0 0 -8.45144  -0.0073938 0 0.0318245 0 0 -0.0185157  0.0500415 0 0.17039 0 0 0.0729918  0 0 0 0 0 0  
16.4934 0.372727 0.0190896 -7.4563 0 4 0 0 -8.36268  -7.50108 0 3.79171 0 0 -8.42052  -0.0104543 0 0.0312157 0 0 -0.0204077  0.0552287 0 0.177071 0 0 0.0782444  0 0 0 0 0 0  
16.9646 0.38197 0.0196966 -7.30538 0 4 0 0 -8.24049  -7.35683 0 3.77338 0 0 -8.31359  -0.0181411 0 0.0316929 0 0 -0.0243036  0.0695909 0 0.194927 0 0 0.097405  0 0 0 0 0 0  
17.4358 0.391294 0.0199573 -7.19139 0 4 0 0 -8.13513  -7.24649 0 3.76136 0 0 -8.2126  -0.0221789 0 0.0324372 0 0 -0.0201478  0.0772824 0 0.206205 0 0 0.0976203  0 0 0 0 0 0  
17.9071 0.401018 0.0210897 -7.21928 0 4 0 0 -8.25266  -7.2704 0 3.7533 0 0 -8.33164  -0.0255682 0 0.0339858 0 0 -0.0166855  0.0766911 0 0.212719 0 0 0.0956652  0 0 0 0 0 0  
18.3783 0.41094 0.0209926 -7.19441 0 4 0 0 -8.32043  -7.25472 0 3.75764 0 0 -8.39665  -0.0270119 0 0.0342631 0 0 -0.0195195  0.0873192 0 0.208093 0 0 0.0957364  0 0 0 0 0 0  
18.8496 0.421157 0.0223095 -7.00265 0 4 0 0 -8.35635  -7.06672 0 3.74516 0 0 -8.44445  -0.0257915 0 0.0369629 0 0 -0.0184404  0.0898571 0 0.217879 0 0 0.106533  0 0 0 0 0 0  
19.3208 0.43185 0.022724 -6.88261 0 4 0 0 -8.38982  -6.95302 0 3.73759 0 0 -8.48146  -0.0289842 0 0.0389413 0 0 -0.0198929  0.0993973 0 0.223465 0 0 0.111527  0 0 0 0 0 0  
19.792 0.442575 0.0228161 -6.8692 0 4 0 0 -8.48593  -6.93091 0 3.73978 0 0 -8.57524  -0.0251883 0 0.0422574 0 0 -0.0243753  0.0868948 0 0.21796 0 0 0.113693  0 0 0 0 0 0  
20.2633 0.453389 0.0228493 -7.06248 0 4 0 0 -8.55779  -7.11905 0 3.74701 0 0 -8.64705  -0.0217121 0 0.0435259 0 0 -0.0207802  0.0782903 0 0.209466 0 0 0.110049  0 0 0 0 0 0  
20.7345 0.464216 0.0228593 -7.24883 0 4 0 0 -8.43745  -7.3122 0 3.74656 0 0 -8.52953  -0.0170839 0 0.0439901 0 0 -0.0204111  0.0804551 0 0.209448 0 0 0.11249  0 0 0 0 0 0  
21.2058 0.47479 0.0216657 -7.48463 0 4 0 0 -8.39128  -7.53821 0 3.76157 0 0 -8.47392  -0.0189139 0 0.0418898 0 0 -0.0199291  0.072495 0 0.196537 0 0 0.102576  0 0 0 0 0 0  
21.677 0.485201 0.021719 -7.62486 0 4 0 0 -8.37208  -7.68578 0 3.75286 0 0 -8.45704  -0.018035 0 0.0397953 0 0 -0.0186218  0.0789575 0 0.207348 0 0 0.103584  0 0 0 0 0 0  
22.1482 0.495246 0.0209377 -7.72682 0 4 0 0 -8.45145  -7.78639 0 3.75667 0 0 -8.54195  -0.0251092 0 0.0367471 0 0 -0.0203765  0.0846831 0 0.206584 0 0 0.110872  0 0 0 0 0 0  
22.6195 0.504938 0.0201998 -7.83538 0 4 0 0 -8.34556  -7.89273 0 3.76696 0 0 -8.4278  -0.0217182 0 0.0353343 0 0 -0.0189102  0.079069 0 0.197701 0 0 0.101149  0 0 0 0 0 0  
23.0907 0.514437 0.0203102 -7.92214 0 4 0 0 -8.19142  -7.98368 0 3.76586 0 0 -8.27926  -0.0217386 0 0.0359706 0 0 -0.0158059  0.08327 0 0.198174 0 0 0.103647  0 0 0 0 0 0  
23.5619 0.524184 0.0210007 -7.97918 0 4 0 0 -8.07086  -8.03387 0 3.76122 0 0 -8.14989  -0.0206382 0 0.0403182 0 0 -0.019023  0.075327 0 0.198457 0 0 0.0980495  0 0 0 0 0 0  
24.0332 0.534492 0.0221883 -7.96419 0 4 0 0 -8.10632  -8.02226 0 3.73753 0 0 -8.18287  -0.0149224 0 0.0402 0 0 -0.0197004  0.0729907 0 0.222273 0 0 0.0962501  0 0 0 0 0 0  
24.5044 0.54481 0.0215565 -8.05267 0 4 0 0 -8.12393  -8.11209 0 3.74066 0 0 -8.19805  -0.0161729 0 0.0396 0 0 -0.0246319  0.0755974 0 0.219743 0 0 0.0987498  0 0 0 0 0 0  
24.9757 0.554807 0.020995 -8.01999 0 4 0 0 -8.06021  -8.08168 0 3.74826 0 0 -8.1388  -0.0178892 0 0.0368658 0 0 -0.0227781  0.0795711 0 0.21487 0 0 0.10137  0 0 0 0 0 0  
25.4469 0.564939 0.0214297 -8.00084 0 4 0 0 -8.06378  -8.04371 0 3.74125 0 0 -8.13398  -0.024194 0 0.0386888 0 0 -0.0236965  0.0670635 0 0.220062 0 0 0.0939009  0 0 0 0 0 0  
25.9181 0.575099 0.0212526 -7.98528 0 4 0 0 -7.99319  -8.02785 0 3.74833 0 0 -8.07309  -0.0258629 0 0.0381372 0 0 -0.0164068  0.0684302 0 0.213536 0 0 0.0963107  0 0 0 0 0 0  
26.3894 0.585124 0.0207988 -8.06913 0 4 0 0 -7.94598  -8.13251 0 3.75816 0 0 -8.02879  -0.0258679 0 0.0358795 0 0 -0.0154224  0.089243 0 0.205963 0 0 0.0982272  0 0 0 0 0 0  
26.8606 0.594896 0.020563 -8.18357 0 4 0 0 -7.82296  -8.26191 0 3.74918 0 0 -7.9067  -0.0263301 0 0.035677 0 0 -0.01993  0.104671 0 0.215138 0 0 0.103667  0 0 0 0 0 0  
27.3319 0.604764 0.0210043 -8.29332 0 4 0 0 -7.72201  -8.37163 0 3.73969 0 0 -7.80835  -0.0228294 0 0.0360934 0 0 -0.0194721  0.101146 0 0.224217 0 0 0.105803  0 0 0 0 0 0  
27.8031 0.614621 0.0206104 -8.33015 0 4 0 0 -7.58645  -8.41041 0 3.73082 0 0 -7.69377  -0.0262188 0 0.0355252 0 0 -0.0227843  0.106476 0 0.233656 0 0 0.130111  0 0 0 0 0 0  
28.2743 0.624287 0.0200318 -8.352 0 4 0 0 -7.71391  -8.42821 0 3.73731 0 0 -7.82428  -0.0228758 0 0.0334216 0 0 -0.0173059  0.0990887 0 0.229272 0 0 0.127685  0 0 0 0 0 0  
28.7456 0.634244 0.0209676 -8.36173 0 4 0 0 -7.81812  -8.44204 0 3.74076 0 0 -7.92715  -0.0199452 0 0.0322653 0 0 -0.0141178  0.100259 0 0.226973 0 0 0.123141  0 0 0 0 0 0  
29.2168 0.644301 0.0217066 -8.25927 0 4 0 0 -7.71629  -8.3323 0 3.73973 0 0 -7.82008  -0.0177228 0 0.0366819 0 0 -0.00933267  0.0907484 0 0.223589 0 0 0.113125  0 0 0 0 0 0  
29.6881 0.654904 0.0234976 -8.01019 0 4 0 0 -7.60216  -8.0885 0 3.71912 0 0 -7.71562  -0.0184837 0 0.0392349 0 0 -0.0109411  0.0967884 0 0.241641 0 0 0.1244  0 0 0 0 0 0  
30.1593 0.666116 0.024692 -7.74632 0 4 0 0 -7.36118  -7.82485 0 3.69345 0 0 -7.46073  -0.0144204 0 0.0387754 0 0 -0.0101482  0.0929429 0 0.26777 0 0 0.109696  0 0 0 0 0 0  
30.6305 0.677839 0.0248708 -7.34347 0 4 0 0 -7.00885  -7.44132 0 3.67924 0 0 -7.13027  -0.00842524 0 0.0382785 0 0 -0.00943832  0.106277 0 0.282479 0 0 0.130859  0 0 0 0 0 0  
31.1018 0.689721 0.0255691 -7.02623 0 4 0 0 -6.90038  -7.14585 0 3.65394 0 0 -7.03869  -0.0208341 0 0.0410204 0 0 -0.00976984  0.140452 0 0.305042 0 0 0.148078  0 0 0 0 0 0  
31.573 0.701578 0.0247162 -6.68237 0 4 0 0 -6.76478  -6.79368 0 3.66861 0 0 -6.90552  -0.0227666 0 0.0417339 0 0 -0.0119605  0.13408 0 0.289654 0 0 0.152697  0 0 0 0 0 0  
32.0442 0.713425 0.0249418 -6.32037 0 4 0 0 -6.6573  -6.42447 0 3.65775 0 0 -6.81912  -0.0376896 0 0.0414385 0 0 -0.00968458  0.141783 0 0.300812 0 0 0.171513  0 0 0 0 0 0  
32.5155 0.72488 0.0235083 -6.15054 0 4 0 0 -6.54903  -6.24584 0 3.67332 0 0 -6.70964  -0.0392735 0 0.0384624 0 0 -0.0140697  0.134577 0 0.288214 0 0 0.174683  0 0 0 0 0 0  
32.9867 0.736304 0.0242261 -6.05817 0 4 0 0 -6.50109  -6.14377 0 3.67282 0 0 -6.64802  -0.0443136 0 0.0380435 0 0 -0.0178957  0.12992 0 0.289137 0 0 0.164825  0 0 0 0 0 0  
33.458 0.747972 0.0265187 -6.17701 0 4 0 0 -6.65654  -6.27302 0 3.64907 0 0 -6.82403  -0.0558794 0 0.0442699 0 0 -0.0233675  0.151886 0 0.306657 0 0 0.190852  0 0 0 0 0 0  
33.9292 0.76017 0.0256942 -6.52724 0 4 0 0 -6.89944  -6.61612 0 3.67918 0 0 -7.04909  -0.0486975 0 0.0433432 0 0 -0.0273737  0.13758 0 0.277479 0 0 0.177023  0 0 0 0 0 0  
34.4004 0.772464 0.0268078 -6.8542 0 4 0 0 -7.27901  -6.93621 0 3.67554 0 0 -7.43623  -0.0485677 0 0.0421882 0 0 -0.0318651  0.130571 0 0.28227 0 0 0.189084  0 0 0 0 0 0  
34.8717 0.784737 0.0254343 -7.04203 0 4 0 0 -7.45469  -7.11737 0 3.69359 0 0 -7.60972  -0.0452212 0 0.0401074 0 0 -0.0270106  0.12056 0 0.266306 0 0 0.182045  0 0 0 0 0 0  
35.3429 0.796579 0.0243129 -7.2088 0 4 0 0 -7.65177  -7.27388 0 3.70534 0 0 -7.79333  -0.0422059 0 0.0391087 0 0 -0.0273173  0.107291 0 0.25555 0 0 0.16888  0 0 0 0 0 0  
35.8142 0.808011 0.0242583 -7.2535 0 4 0 0 -7.82122  -7.31568 0 3.69955 0 0 -7.96196  -0.037999 0 0.0379709 0 0 -0.0281711  0.100187 0 0.262482 0 0 0.168909  0 0 0 0 0 0  
36.2854 0.819433 0.0243519 -7.15692 0 4 0 0 -7.95511  -7.22601 0 3.70112 0 0 -8.0948  -0.0370103 0 0.0373107 0 0 -0.0251191  0.1061 0 0.261571 0 0 0.164812  0 0 0 0 0 0  
36.7566 0.830946 0.0244562 -7.01338 0 4 0 0 -7.96798  -7.08051 0 3.69598 0 0 -8.10455  -0.0373804 0 0.0371191 0 0 -0.0222505  0.104514 0 0.266899 0 0 0.158819  0 0 0 0 0 0  
37.2279 0.842736 0.0258218 -6.93024 0 4 0 0 -7.88716  -6.9941 0 3.68482 0 0 -8.018  -0.0289969 0 0.0411757 0 0 -0.0203531  0.0928564 0 0.274008 0 0 0.151195  0 0 0 0 0 0  
37.6991 0.8552 0.0264842 -6.87043 0 4 0 0 -7.74472  -6.93657 0 3.68176 0 0 -7.86389  -0.0283693 0 0.0447878 0 0 -0.018253  0.0945116 0 0.273449 0 0 0.137422  0 0 0 0 0 0  
38.1704 0.867421 0.0259063 -6.68716 0 4 0 0 -7.50914  -6.74683 0 3.6869 0 0 -7.61769  -0.0303879 0 0.0465907 0 0 -0.0225513  0.0900638 0 0.26651 0 0 0.1311  0 0 0 0 0 0  
38.6416 0.87949 0.0247082 -6.5733 0 4 0 0 -7.465  -6.62492 0 3.68317 0 0 -7.5557  -0.029544 0 0.0485993 0 0 -0.0260392  0.0811576 0 0.268233 0 0 0.116731  0 0 0 0 0 0  
39.1128 0.890903 0.0241762 -6.45013 0 4 0 0 -7.40615  -6.51862 0 3.69392 0 0 -7.49759  -0.0274175 0 0.0451499 0 0 -0.0178326  0.0959036 0 0.260935 0 0 0.109282  0 0 0 0 0 0  
39.5841 0.901807 0.0224217 -6.52106 0 4 0 0 -7.42625  -6.57859 0 3.71784 0 0 -7.50876  -0.029201 0 0.0423982 0 0 -0.0217478  0.0867296 0 0.239766 0 0 0.104263  0 0 0 0 0 0  
40.0553 0.91255 0.0228278 -6.57978 0 4 0 0 -7.44997  -6.62465 0 3.70749 0 0 -7.52475  -0.0339599 0 0.0463778 0 0 -0.0244305  0.0788264 0 0.246128 0 0 0.0992098  0 0 0 0 0 0  
40.5265 0.92309 0.0215404 -6.66723 0 4 0 0 -7.35528  -6.71397 0 3.73636 0 0 -7.42424  -0.0278902 0 0.043649 0 0 -0.0181887  0.0746271 0 0.219995 0 0 0.0871488  0 0 0 0 0 0  
40.9978 0.933202 0.021022 -6.74089 0 4 0 0 -7.37064  -6.79848 0 3.74367 0 0 -7.45243  -0.0290817 0 0.038022 0 0 -0.0201328  0.086674 0 0.218304 0 0 0.101924  0 0 0 0 0 0  
41.469 0.943139 0.0212125 -6.81119 0 4 0 0 -7.38641  -6.87299 0 3.74464 0 0 -7.46002  -0.024457 0 0.037808 0 0 -0.0229603  0.0862543 0 0.217552 0 0 0.0965736  0 0 0 0 0 0  
41.9403 0.953066 0.0217679 -6.7758 0 4 0 0 -7.2633  -6.85441 0 3.74235 0 0 -7.35775  -0.0215808 0 0.0329469 0 0 -0.0253962  0.100198 0 0.224701 0 0 0.119848  0 0 0 0 0 0  
42.4115 0.963204 0.0213552 -6.57133 0 4 0 0 -7.17638  -6.64208 0 3.75173 0 0 -7.26106  -0.0179104 0 0.0328524 0 0 -0.0252965  0.0886608 0 0.215415 0 0 0.109978  0 0 0 0 0 0  
42.8827 0.973304 0.0217536 -6.29238 0 4 0 0 -7.00693  -6.36413 0 3.7412 0 0 -7.10189  -0.0155204 0 0.0361121 0 0 -0.0200944  0.087269 0 0.22269 0 0 0.115053  0 0 0 0 0 0  
43.354 0.983358 0.0214356 -6.11547 0 4 0 0 -6.89128  -6.18287 0 3.74346 0 0 -6.97958  -0.0149161 0 0.0346028 0 0 -0.0218184  0.0823166 0 0.221935 0 0 0.110115  0 0 0 0 0 0  
43.8252 0.993828 0.0228415 -5.9519 0 4 0 0 -6.8353  -6.03616 0 3.72653 0 0 -6.92685  -0.0216275 0 0.0378857 0 0 -0.0324919  0.10589 0 0.235579 0 0 0.124041  0 0 0 0 0 0  
44.2965 1.00495 0.0241512 -5.95957 0 4 0 0 -6.89569  -6.05427 0 3.70552 0 0 -6.99198  -0.0289406 0 0.0382903 0 0 -0.0399906  0.123649 0 0.256192 0 0 0.136283  0 0 0 0 0 0  
44.7677 1.01631 0.0240899 -6.01064 0 4 0 0 -7.04695  -6.0963 0 3.70602 0 0 -7.15299  -0.0319986 0 0.0380956 0 0 -0.0422173  0.117664 0 0.255883 0 0 0.14826  0 0 0 0 0 0  
45.2389 1.02761 0.0235402 -6.04014 0 4 0 0 -7.17211  -6.12659 0 3.71444 0 0 -7.28105  -0.0278992 0 0.0406157 0 0 -0.026522  0.114352 0 0.244942 0 0 0.135457  0 0 0 0 0 0  
45.7102 1.03886 0.0239009 -6.02522 0 4 0 0 -7.17555  -6.13179 0 3.68949 0 0 -7.32178  -0.0386027 0 0.0374291 0 0 -0.0363417  0.145165 0 0.273082 0 0 0.182572  0 0 0 0 0 0  
46.1814 1.04993 0.0234817 -6.11464 0 4 0 0 -7.24301  -6.21054 0 3.68881 0 0 -7.37914  -0.0333921 0 0.0380834 0 0 -0.0302764  0.129294 0 0.273107 0 0 0.16641  0 0 0 0 0 0  
46.6527 1.06108 0.0235085 -6.3691 0 4 0 0 -7.35455  -6.46099 0 3.7013 0 0 -7.48682  -0.0249596 0 0.0368582 0 0 -0.0237114  0.116847 0 0.261839 0 0 0.155979  0 0 0 0 0 0  
47.1239 1.07205 0.0228255 -6.61085 0 4 0 0 -7.45657  -6.68795 0 3.7226 0 0 -7.57156  -0.0213923 0 0.0365079 0 0 -0.0196994  0.098497 0 0.240892 0 0 0.134685  0 0 0 0 0 0  
47.5951 1.08272 0.0225638 -6.80168 0 4 0 0 -7.73225  -6.87419 0 3.7354 0 0 -7.83522  -0.0246422 0 0.0325862 0 0 -0.0220684  0.0971508 0 0.232018 0 0 0.125039  0 0 0 0 0 0  
48.0664 1.09314 0.0216684 -7.02653 0 4 0 0 -7.97782  -7.08588 0 3.74961 0 0 -8.06287  -0.0244918 0 0.0334256 0 0 -0.0200683  0.0838482 0 0.216967 0 0 0.105113  0 0 0 0 0 0  
48.5376 1.10322 0.0213686 -7.11182 0 4 0 0 -8.08526  -7.1642 0 3.75977 0 0 -8.15465  -0.0267329 0 0.0339679 0 0 -0.0194026  0.0791095 0 0.206261 0 0 0.0887958  0 0 0 0 0 0  
49.0088 1.11333 0.0209019 -7.27664 0 4 0 0 -7.99609  -7.32409 0 3.76383 0 0 -8.06199  -0.0298746 0 0.0344068 0 0 -0.0234837  0.0773236 0 0.201762 0 0 0.0893785  0 0 0 0 0 0  
49.4801 1.12295 0.0199972 -7.34178 0 4 0 0 -8.09573  -7.38507 0 3.77234 0 0 -8.16238  -0.0287361 0 0.0326449 0 0 -0.0225918  0.0720266 0 0.195019 0 0 0.0892394  0 0 0 0 0 0  
49.9513 1.13223 0.0200311 -7.43693 0 4 0 0 -8.22218  -7.47685 0 3.77136 0 0 -8.29085  -0.0261476 0 0.0351191 0 0 -0.0184818  0.0660676 0 0.193521 0 0 0.0871513  0 0 0 0 0 0  
50.4226 1.14162 0.0195599 -7.63246 0 4 0 0 -8.34077  -7.66818 0 3.78784 0 0 -8.39505  -0.0230102 0 0.0347346 0 0 -0.0149523  0.0587263 0 0.177423 0 0 0.0692346  0 0 0 0 0 0  
50.8938 1.15078 0.0188343 -7.84007 0 4 0 0 -8.4786  -7.87894 0 3.79631 0 0 -8.53436  -0.0164068 0 0.0332801 0 0 -0.00960138  0.0552756 0 0.17041 0 0 0.0653607  0 0 0 0 0 0  
51.365 1.15964 0.0188743 -7.98204 0 4 0 0 -8.62645  -8.02132 0 3.7947 0 0 -8.68349  -0.01956 0 0.0312026 0 0 -0.0142722  0.0588394 0 0.174096 0 0 0.0713075  0 0 0 0 0 0  
51.8363 1.16854 0.0187351 -7.98588 0 4 0 0 -8.69146  -8.03429 0 3.78713 0 0 -8.75461  -0.0188273 0 0.0315745 0 0 -0.0167566  0.0672457 0 0.181295 0 0 0.0799052  0 0 0 0 0 0  
52.3075 1.17737 0.0194596 -8.05347 0 4 0 0 -8.68984  -8.10183 0 3.78062 0 0 -8.76097  -0.0180419 0 0.0325584 0 0 -0.0142513  0.0663934 0 0.186822 0 0 0.0853838  0 0 0 0 0 0  
52.7788 1.18645 0.0192437 -8.02872 0 4 0 0 -8.72913  -8.07143 0 3.78687 0 0 -8.78325  -0.021574 0 0.0323845 0 0 -0.0175636  0.0642838 0 0.18075 0 0 0.0716785  0 0 0 0 0 0  
53.25 1.19552 0.0188124 -8.04057 0 4 0 0 -8.67469  -8.08289 0 3.79224 0 0 -8.73553  -0.0205977 0 0.0312279 0 0 -0.0163484  0.0629158 0 0.176531 0 0 0.0771888  0 0 0 0 0 0  
53.7212 1.20409 0.0180148 -8.05031 0 4 0 0 -8.57002  -8.09374 0 3.79968 0 0 -8.63701  -0.0181252 0 0.0287002 0 0 -0.017856  0.061553 0 0.171616 0 0 0.0848443  0 0 0 0 0 0  
54.1925 1.21245 0.017512 -8.07254 0 4 0 0 -8.50188  -8.12148 0 3.81119 0 0 -8.56449  -0.0122551 0 0.0287246 0 0 -0.0140657  0.06119 0 0.16009 0 0 0.076674  0 0 0 0 0 0  
54.6637 1.22068 0.0173257 -8.06218 0 4 0 0 -8.5021  -8.11541 0 3.80444 0 0 -8.56245  -0.0143065 0 0.0295477 0 0 -0.0109939  0.0675316 0 0.166013 0 0 0.0713394  0 0 0 0 0 0  
55.135 1.22869 0.0174286 -7.96319 0 4 0 0 -8.56242  -8.01375 0 3.79808 0 0 -8.63112  -0.016586 0 0.0317208 0 0 -0.0137987  0.0671418 0 0.170204 0 0 0.0825046  0 0 0 0 0 0  
55.6062 1.23688 0.0162648 -7.78432 0 4 0 0 -8.64057  -7.83656 0 3.81177 0 0 -8.70291  -0.013601 0 0.0291911 0 0 -0.0121959  0.0658497 0 0.159043 0 0 0.074536  0 0 0 0 0 0  
56.0774 1.2443 0.0155296 -7.65028 0 4 0 0 -8.59732  -7.69383 0 3.81697 0 0 -8.65409  -0.0110879 0 0.0278877 0 0 -0.00993424  0.0546414 0 0.155141 0 0 0.0667007  0 0 0 0 0 0  
56.5487 1.25147 0.0153825 -7.50811 0 4 0 0 -8.44202  -7.55444 0 3.81367 0 0 -8.50824  -0.012332 0 0.0276141 0 0 -0.00968124  0.0586549 0 0.158713 0 0 0.0759006  0 0 0 0 0 0  
57.0199 1.2591 0.0167097 -7.32038 0 4 0 0 -8.24683  -7.36706 0 3.80142 0 0 -8.32382  -0.0185125 0 0.0323586 0 0 -0.0104427  0.0651985 0 0.166219 0 0 0.0874308  0 0 0 0 0 0  
57.4911 1.26703 0.0168434 -7.21112 0 4 0 0 -8.05416  -7.26102 0 3.79183 0 0 -8.14277  -0.0163279 0 0.0316096 0 0 -0.00453774  0.0662243 0 0.176565 0 0 0.0931419  0 0 0 0 0 0  
57.9624 1.27499 0.0170617 -7.16632 0 4 0 0 -7.87515  -7.21187 0 3.78503 0 0 -7.96712  -0.0182278 0 0.0306948 0 0 -0.00880295  0.0637864 0 0.184277 0 0 0.100778  0 0 0 0 0 0  
58.4336 1.28325 0.017362 -7.18466 0 4 0 0 -7.69943  -7.23148 0 3.78236 0 0 -7.79561  -0.0140571 0 0.0317144 0 0 -0.00765616  0.0608744 0 0.185923 0 0 0.103837  0 0 0 0 0 0  
58.9049 1.29149 0.0171013 -7.14336 0 4 0 0 -7.55189  -7.19753 0 3.78762 0 0 -7.65339  -0.0136725 0 0.0292137 0 0 -0.00866278  0.0678395 0 0.183164 0 0 0.110163  0 0 0 0 0 0  
59.3761 1.29961 0.0177924 -7.07142 0 4 0 0 -7.36549  -7.12457 0 3.77732 0 0 -7.47349  -0.0202085 0 0.0309276 0 0 -0.00986196  0.0733578 0 0.191752 0 0 0.117862  0 0 0 0 0 0  
59.8473 1.30801 0.0183228 -7.00334 0 4 0 0 -7.21792  -7.06546 0 3.77692 0 0 -7.32151  -0.0209117 0 0.0296535 0 0 -0.00974642  0.0830374 0 0.193422 0 0 0.113337  0 0 0 0 0 0  
60.3186 1.31637 0.0175723 -7.14489 0 4 0 0 -7.15171  -7.1958 0 3.77916 0 0 -7.24837  -0.0232754 0 0.0315625 0 0 -0.0115262  0.0741836 0 0.18928 0 0 0.108188  0 0 0 0 0 0  
60.7898 1.32435 0.0159752 -7.17276 0 4 0 0 -7.21745  -7.22501 0 3.79669 0 0 -7.30761  -0.0206299 0 0.0273353 0 0 -0.0106538  0.0728752 0 0.175976 0 0 0.100809  0 0 0 0 0 0  
61.2611 1.33205 0.0160427 -7.16986 0 4 0 0 -7.33715  -7.23021 0 3.79386 0 0 -7.43936  -0.0210015 0 0.0285887 0 0 -0.010653  0.0813587 0 0.177546 0 0 0.112863  0 0 0 0 0 0  
61.7323 1.33951 0.0158252 -7.09207 0 4 0 0 -7.38681  -7.1524 0 3.79598 0 0 -7.48864  -0.0209652 0 0.0264644 0 0 -0.0105467  0.081302 0 0.177555 0 0 0.112368  0 0 0 0 0 0  
62.2035 1.34707 0.0163426 -7.02393 0 4 0 0 -7.44467  -7.08762 0 3.79513 0 0 -7.54971  -0.0160393 0 0.0267207 0 0 -0.0100152  0.0797322 0 0.178152 0 0 0.115053  0 0 0 0 0 0  
62.6748 1.35508 0.01753 -7.08268 0 4 0 0 -7.56995  -7.15281 0 3.78636 0 0 -7.67732  -0.0219874 0 0.0290297 0 0 -0.0118078  0.0921162 0 0.184606 0 0 0.119181  0 0 0 0 0 0  
63.146 1.36358 0.0178516 -7.22181 0 4 0 0 -7.76228  -7.29614 0 3.78105 0 0 -7.87211  -0.0249944 0 0.0298149 0 0 -0.0140134  0.0993237 0 0.189136 0 0 0.12384  0 0 0 0 0 0  
63.6173 1.37202 0.0177288 -7.38032 0 4 0 0 -7.8758  -7.44858 0 3.78219 0 0 -7.98306  -0.0240676 0 0.0301874 0 0 -0.018453  0.0923279 0 0.187624 0 0 0.125721  0 0 0 0 0 0  
64.0885 1.38021 0.017399 -7.58945 0 4 0 0 -7.98928  -7.64518 0 3.79745 0 0 -8.08305  -0.021075 0 0.0302668 0 0 -0.0154737  0.0768035 0 0.172284 0 0 0.109241  0 0 0 0 0 0  
64.5597 1.3883 0.0170214 -7.85856 0 4 0 0 -8.13012  -7.90646 0 3.80647 0 0 -8.21396  -0.0198702 0 0.0278422 0 0 -0.0131162  0.0677693 0 0.165691 0 0 0.0969551  0 0 0 0 0 0  
65.031 1.39636 0.0170369 -8.031 0 4 0 0 -8.22185  -8.07766 0 3.80923 0 0 -8.30348  -0.0215696 0 0.0269051 0 0 -0.0147975  0.068235 0 0.163865 0 0 0.0964273  0 0 0 0 0 0  
65.5022 1.40424 0.0164845 -8.14924 0 4 0 0 -8.35505  -8.19417 0 3.8118 0 0 -8.43334  -0.0222085 0 0.0268672 0 0 -0.0153075  0.0671397 0 0.161334 0 0 0.093602  0 0 0 0 0 0  
65.9734 1.41205 0.0164108 -8.16602 0 4 0 0 -8.31064  -8.20409 0 3.81313 0 0 -8.38589  -0.0209312 0 0.0273207 0 0 -0.0122443  0.0589977 0 0.159548 0 0 0.0874992  0 0 0 0 0 0  
66.4447 1.41995 0.0167662 -8.17503 0 4 0 0 -8.27385  -8.21867 0 3.81085 0 0 -8.3542  -0.0209424 0 0.0264606 0 0 -0.0117506  0.0645866 0 0.162686 0 0 0.0920994  0 0 0 0 0 0  
66.9159 1.42806 0.0178453 -8.14929 0 4 0 0 -8.27961  -8.1945 0 3.79918 0 0 -8.36248  -0.0238399 0 0.0270191 0 0 -0.0130839  0.0690474 0 0.173799 0 0 0.0959594  0 0 0 0 0 0  
67.3872 1.43668 0.01844 -8.21048 0 4 0 0 -8.18124  -8.2565 0 3.79678 0 0 -8.25823  -0.0221346 0 0.0289517 0 0 -0.00986057  0.0681548 0 0.174271 0 0 0.0868468  0 0 0 0 0 0  
67.8584 1.44558 0.0193199 -8.06792 0 4 0 0 -7.98409  -8.12246 0 3.77879 0 0 -8.06795  -0.0247093 0 0.029409 0 0 -0.0149429  0.0792474 0 0.191798 0 0 0.0988006  0 0 0 0 0 0  
68.3296 1.4546 0.0197178 -7.83615 0 4 0 0 -7.74801  -7.89157 0 3.77458 0 0 -7.83009  -0.024887 0 0.0314443 0 0 -0.0147384  0.0802993 0 0.193972 0 0 0.0968216  0 0 0 0 0 0  
68.8009 1.46428 0.0208437 -7.75841 0 4 0 0 -7.62198  -7.81658 0 3.7601 0 0 -7.70724  -0.0280417 0 0.0327353 0 0 -0.0141667  0.0862125 0 0.207169 0 0 0.0994207  0 0 0 0 0 0  
69.2721 1.47425 0.0212643 -7.57305 0 4 0 0 -7.41403  -7.64279 0 3.75427 0 0 -7.50121  -0.0266478 0 0.0327326 0 0 -0.0146476  0.0963855 0 0.212994 0 0 0.101832  0 0 0 0 0 0  
69.7434 1.48422 0.021045 -7.47648 0 4 0 0 -7.37806  -7.55519 0 3.749 0 0 -7.46324  -0.0242105 0 0.0347346 0 0 -0.0157039  0.102922 0 0.216262 0 0 0.100887  0 0 0 0 0 0  
70.2146 1.49415 0.0214454 -7.15872 0 4 0 0 -7.32124  -7.23851 0 3.73986 0 0 -7.40688  -0.0210159 0 0.0336726 0 0 -0.0183942  0.100811 0 0.226465 0 0 0.104028  0 0 0 0 0 0  
70.6858 1.50423 0.0213216 -6.96452 0 4 0 0 -7.28022  -7.04298 0 3.73454 0 0 -7.3681  -0.0243033 0 0.0344737 0 0 -0.021309  0.102761 0 0.23099 0 0 0.109189  0 0 0 0 0 0  
71.1571 1.51431 0.0213903 -6.85683 0 4 0 0 -7.33156  -6.93265 0 3.74173 0 0 -7.41744  -0.0216949 0 0.0335199 0 0 -0.0206479  0.0975105 0 0.224748 0 0 0.106528  0 0 0 0 0 0  
71.6283 1.52443 0.0224212 -6.82264 0 4 0 0 -7.16799  -6.8927 0 3.73397 0 0 -7.25811  -0.0228546 0 0.037577 0 0 -0.0225433  0.0929091 0 0.228452 0 0 0.112666  0 0 0 0 0 0  
72.0996 1.53484 0.0215386 -6.75046 0 4 0 0 -6.98669  -6.81995 0 3.73602 0 0 -7.08785  -0.0313071 0 0.0311621 0 0 -0.0234809  0.100793 0 0.232815 0 0 0.124643  0 0 0 0 0 0  
72.5708 1.54522 0.0225942 -6.78146 0 4 0 0 -6.86783  -6.86209 0 3.72307 0 0 -6.97164  -0.0267648 0 0.0327735 0 0 -0.0227783  0.107388 0 0.244152 0 0 0.126583  0 0 0 0 0 0  
73.042 1.55615 0.0237255 -6.83261 0 4 0 0 -6.90839  -6.9089 0 3.70325 0 0 -7.017  -0.0308064 0 0.0378761 0 0 -0.0281355  0.107096 0 0.258871 0 0 0.136736  0 0 0 0 0 0  
73.5133 1.56735 0.0236269 -6.9038 0 4 0 0 -7.01275  -6.96567 0 3.70471 0 0 -7.10473  -0.0354751 0 0.0399958 0 0 -0.0313529  0.0973408 0 0.255293 0 0 0.12333  0 0 0 0 0 0  
73.9845 1.5784 0.0232029 -6.91146 0 4 0 0 -7.19279  -6.96971 0 3.71864 0 0 -7.28547  -0.0287433 0 0.0377462 0 0 -0.0242773  0.0869938 0 0.243612 0 0 0.116957  0 0 0 0 0 0  
74.4557 1.58941 0.0232156 -7.04178 0 4 0 0 -7.40404  -7.10301 0 3.72525 0 0 -7.47506  -0.0206274 0 0.0390743 0 0 -0.0222621  0.0818526 0 0.235676 0 0 0.0932837  0 0 0 0 0 0  
74.927 1.6003 0.0233523 -7.18931 0 4 0 0 -7.50352  -7.25407 0 3.728 0 0 -7.57793  -0.0198211 0 0.0382525 0 0 -0.022169  0.0845813 0 0.233747 0 0 0.0965761  0 0 0 0 0 0  
75.3982 1.61076 0.0212673 -7.21159 0 4 0 0 -7.45571  -7.27234 0 3.74929 0 0 -7.52024  -0.0254675 0 0.0372242 0 0 -0.0214146  0.0862196 0 0.213485 0 0 0.085946  0 0 0 0 0 0  
75.8695 1.62065 0.0199102 -7.2873 0 4 0 0 -7.51497  -7.33947 0 3.77943 0 0 -7.57721  -0.0172959 0 0.0319592 0 0 -0.0185205  0.0694611 0 0.188616 0 0 0.0807585  0 0 0 0 0 0  
76.3407 1.62994 0.0199247 -7.40034 0 4 0 0 -7.54607  -7.44239 0 3.77783 0 0 -7.6027  -0.0142965 0 0.032715 0 0 -0.0163403  0.0563552 0 0.189455 0 0 0.0729702  0 0 0 0 0 0  
76.8119 1.63917 0.0190917 -7.47488 0 4 0 0 -7.59461  -7.50956 0 3.78297 0 0 -7.64924  -0.0176098 0 0.0340073 0 0 -0.0145287  0.0522874 0 0.183026 0 0 0.0691568  0 0 0 0 0 0  
77.2832 1.64803 0.0186701 -7.52794 0 4 0 0 -7.56994  -7.55729 0 3.78367 0 0 -7.6257  -0.0172501 0 0.0340255 0 0 -0.0126437  0.0466028 0 0.182302 0 0 0.0684012  0 0 0 0 0 0  
77.7544 1.65668 0.0178008 -7.63081 0 4 0 0 -7.61638  -7.65738 0 3.79356 0 0 -7.66637  -0.0174519 0 0.0326117 0 0 -0.0153748  0.0440211 0 0.173826 0 0 0.0653556  0 0 0 0 0 0  
78.2257 1.66492 0.0173478 -7.73897 0 4 0 0 -7.58171  -7.77521 0 3.79205 0 0 -7.63113  -0.0206548 0 0.033295 0 0 -0.0193915  0.0568953 0 0.174652 0 0 0.0688072  0 0 0 0 0 0  
78.6969 1.67287 0.0165091 -7.87784 0 4 0 0 -7.68127  -7.91349 0 3.80053 0 0 -7.73632  -0.0221821 0 0.031332 0 0 -0.0189019  0.0578386 0 0.168134 0 0 0.0739523  0 0 0 0 0 0  
79.1681 1.68063 0.0160899 -7.95239 0 4 0 0 -7.82186  -7.9932 0 3.80787 0 0 -7.88003  -0.0226083 0 0.02726 0 0 -0.020381  0.0634205 0 0.164872 0 0 0.0785521  0 0 0 0 0 0  
79.6394 1.68817 0.0158353 -8.03076 0 4 0 0 -8.00799  -8.0712 0 3.81648 0 0 -8.06571  -0.0241837 0 0.0264328 0 0 -0.0204932  0.0646203 0 0.157089 0 0 0.078221  0 0 0 0 0 0  
80.1106 1.69582 0.0163031 -8.04369 0 4 0 0 -8.13775  -8.0914 0 3.81084 0 0 -8.20738  -0.0268166 0 0.0262195 0 0 -0.0198082  0.0745285 0 0.162944 0 0 0.0894339  0 0 0 0 0 0  
80.5819 1.70362 0.0174985 -7.9924 0 4 0 0 -8.15845  -8.04963 0 3.80123 0 0 -8.23903  -0.0264172 0 0.0279292 0 0 -0.0169763  0.0836467 0 0.170846 0 0 0.097547  0 0 0 0 0 0  
81.0531 1.71188 0.0179715 -7.86921 0 4 0 0 -8.29466  -7.92259 0 3.79691 0 0 -8.37178  -0.0227036 0 0.0294438 0 0 -0.0135595  0.076091 0 0.173647 0 0 0.0906804  0 0 0 0 0 0  
81.5243 1.7204 0.018682 -7.78405 0 4 0 0 -8.33459  -7.83667 0 3.78923 0 0 -8.41097  -0.0249765 0 0.0313088 0 0 -0.0135193  0.0776019 0 0.179461 0 0 0.0898984  0 0 0 0 0 0  
81.9956 1.72919 0.0183093 -7.73773 0 4 0 0 -8.37935  -7.7875 0 3.78867 0 0 -8.46207  -0.0178276 0 0.0333637 0 0 -0.0108965  0.0675923 0 0.177967 0 0 0.0936212  0 0 0 0 0 0  
82.4668 1.73781 0.0183426 -7.74592 0 4 0 0 -8.321  -7.79082 0 3.7929 0 0 -8.40454  -0.0169407 0 0.0334293 0 0 -0.00953252  0.0618404 0 0.173672 0 0 0.0930729  0 0 0 0 0 0  
82.938 1.74637 0.0184008 -7.67997 0 4 0 0 -8.16463  -7.72399 0 3.78905 0 0 -8.25257  -0.019078 0 0.0340053 0 0 -0.0131519  0.0631015 0 0.176948 0 0 0.10109  0 0 0 0 0 0  
83.4093 1.75503 0.0184602 -7.67984 0 4 0 0 -7.95233  -7.72045 0 3.77641 0 0 -8.05035  -0.0228683 0 0.0338821 0 0 -0.015448  0.0634793 0 0.189711 0 0 0.113472  0 0 0 0 0 0  
83.8805 1.76388 0.0190698 -7.63916 0 4 0 0 -7.76355  -7.69886 0 3.76066 0 0 -7.868  -0.0204007 0 0.0357453 0 0 -0.0132685  0.0801003 0 0.203591 0 0 0.117725  0 0 0 0 0 0  
84.3518 1.77297 0.0192738 -7.55933 0 4 0 0 -7.5981  -7.62437 0 3.75672 0 0 -7.70698  -0.0165118 0 0.0344486 0 0 -0.00887992  0.0815551 0 0.208832 0 0 0.117761  0 0 0 0 0 0  
84.823 1.78208 0.0193985 -7.46104 0 4 0 0 -7.41723  -7.53498 0 3.75139 0 0 -7.51939  -0.0140712 0 0.0358764 0 0 -0.00559852  0.0880155 0 0.212735 0 0 0.107759  0 0 0 0 0 0  
85.2942 1.79117 0.019655 -7.2244 0 4 0 0 -7.22618  -7.30499 0 3.74012 0 0 -7.33708  -0.0142291 0 0.033129 0 0 -0.00548489  0.0948183 0 0.226748 0 0 0.116386  0 0 0 0 0 0  
85.7655 1.80045 0.019748 -7.02176 0 4 0 0 -7.03053  -7.10964 0 3.73872 0 0 -7.1493  -0.0174539 0 0.0340207 0 0 -0.0039655  0.105337 0 0.227256 0 0 0.122743  0 0 0 0 0 0  
86.2367 1.80971 0.0205644 -6.84418 0 4 0 0 -6.78616  -6.92736 0 3.73171 0 0 -6.89815  -0.0184652 0 0.0336057 0 0 -0.00586907  0.101644 0 0.234685 0 0 0.117861  0 0 0 0 0 0  
86.708 1.81954 0.0215037 -6.72386 0 4 0 0 -6.73463  -6.80215 0 3.72295 0 0 -6.84966  -0.0242842 0 0.0369034 0 0 -0.00951087  0.102573 0 0.240147 0 0 0.12454  0 0 0 0 0 0  
87.1792 1.82971 0.0222717 -6.49616 0 4 0 0 -6.60741  -6.57584 0 3.69852 0 0 -6.73521  -0.0282258 0 0.0389118 0 0 -0.0126078  0.107904 0 0.262568 0 0 0.140412  0 0 0 0 0 0  
87.6504 1.84024 0.0225922 -6.28487 0 4 0 0 -6.56752  -6.37877 0 3.68678 0 0 -6.70698  -0.0327107 0 0.0384424 0 0 -0.0136043  0.126614 0 0.274773 0 0 0.153068  0 0 0 0 0 0  
88.1217 1.85103 0.0230033 -6.26945 0 4 0 0 -6.60408  -6.35274 0 3.68642 0 0 -6.72996  -0.0316451 0 0.0407251 0 0 -0.0152729  0.114933 0 0.27285 0 0 0.141146  0 0 0 0 0 0  
88.5929 1.86173 0.0225538 -6.35328 0 4 0 0 -6.69172  -6.43833 0 3.70104 0 0 -6.80884  -0.0361535 0 0.038329 0 0 -0.0162133  0.121201 0 0.260631 0 0 0.133333  0 0 0 0 0 0  
89.0642 1.87247 0.0227971 -6.41981 0 4 0 0 -6.71937  -6.50094 0 3.69458 0 0 -6.8432  -0.0377946 0 0.039857 0 0 -0.0171529  0.118918 0 0.265564 0 0 0.140974  0 0 0 0 0 0  
89.5354 1.88328 0.0235996 -6.39417 0 4 0 0 -6.62904  -6.47099 0 3.68756 0 0 -6.7481  -0.0351085 0 0.0393273 0 0 -0.023656  0.111929 0 0.273113 0 0 0.142719  0 0 0 0 0 0  
90.0066 1.89446 0.0237511 -6.36836 0 4 0 0 -6.47568  -6.45014 0 3.67082 0 0 -6.60047  -0.0389743 0 0.0374834 0 0 -0.023951  0.12076 0 0.291698 0 0 0.148741  0 0 0 0 0 0  
90.4779 1.90575 0.0237386 -6.44932 0 4 0 0 -6.46913  -6.53834 0 3.66758 0 0 -6.59834  -0.0406188 0 0.0366472 0 0 -0.0319437  0.12964 0 0.295773 0 0 0.161159  0 0 0 0 0 0  
90.9491 1.9168 0.0231877 -6.6476 0 4 0 0 -6.49294  -6.73282 0 3.6867 0 0 -6.60957  -0.0346193 0 0.0386619 0 0 -0.0303943  0.119838 0 0.274636 0 0 0.147025  0 0 0 0 0 0  
91.4203 1.92764 0.0232894 -6.89637 0 4 0 0 -6.43465  -6.98322 0 3.69003 0 0 -6.56379  -0.0370538 0 0.0364668 0 0 -0.0355126  0.123909 0 0.273504 0 0 0.164652  0 0 0 0 0 0  
91.8916 1.93831 0.0224706 -7.05624 0 4 0 0 -6.43999  -7.134 0 3.69739 0 0 -6.55127  -0.0342004 0 0.0359648 0 0 -0.0334949  0.111961 0 0.266647 0 0 0.144769  0 0 0 0 0 0  
92.3628 1.94888 0.0230057 -7.1933 0 4 0 0 -6.47137  -7.27438 0 3.69404 0 0 -6.58904  -0.0289705 0 0.0371634 0 0 -0.0275006  0.110051 0 0.2688 0 0 0.145165  0 0 0 0 0 0  
92.8341 1.95952 0.0226184 -7.24698 0 4 0 0 -6.56294  -7.32843 0 3.70651 0 0 -6.66975  -0.0258055 0 0.0343652 0 0 -0.0257119  0.107252 0 0.259123 0 0 0.132523  0 0 0 0 0 0  
93.3053 1.97028 0.0232896 -7.39923 0 4 0 0 -6.66503  -7.46939 0 3.69648 0 0 -6.74268  -0.0300201 0 0.037532 0 0 -0.0314304  0.100182 0 0.265985 0 0 0.109085  0 0 0 0 0 0  
93.7765 1.98138 0.0238687 -7.52079 0 4 0 0 -6.71304  -7.59459 0 3.70093 0 0 -6.79061  -0.0323829 0 0.0368038 0 0 -0.0351933  0.106183 0 0.262265 0 0 0.11277  0 0 0 0 0 0  
94.2478 1.99251 0.0235069 -7.52604 0 4 0 0 -6.90083  -7.59511 0 3.70767 0 0 -6.95983  -0.0273698 0 0.0382782 0 0 -0.0412146  0.0964393 0 0.254056 0 0 0.10022  0 0 0 0 0 0  
94.719 2.0032 0.0221068 -7.53078 0 4 0 0 -6.98149  -7.58866 0 3.71523 0 0 -7.04204  -0.0311281 0 0.0366274 0 0 -0.0436289  0.0890117 0 0.248138 0 0 0.104176  0 0 0 0 0 0  
95.1903 2.01328 0.0204671 -7.55223 0 4 0 0 -7.16413  -7.60642 0 3.7442 0 0 -7.23144  -0.0293184 0 0.0332862 0 0 -0.0392665  0.083505 0 0.222516 0 0 0.106582  0 0 0 0 0 0  
95.6615 2.02255 0.018863 -7.57391 0 4 0 0 -7.46187  -7.63223 0 3.77293 0 0 -7.53472  -0.0239637 0 0.0274431 0 0 -0.035032  0.0822798 0 0.199624 0 0 0.107874  0 0 0 0 0 0  
96.1327 2.03109 0.0181775 -7.56849 0 4 0 0 -7.61887  -7.62883 0 3.7837 0 0 -7.69011  -0.0227267 0 0.0276602 0 0 -0.0291839  0.0830696 0 0.188638 0 0 0.100415  0 0 0 0 0 0  
96.604 2.03922 0.0165363 -7.46884 0 4 0 0 -7.81867  -7.52908 0 3.80186 0 0 -7.88457  -0.025911 0 0.0248018 0 0 -0.0281454  0.0861478 0 0.173335 0 0 0.0940467  0 0 0 0 0 0  
97.0752 2.04697 0.0162979 -7.41681 0 4 0 0 -7.86081  -7.46227 0 3.81244 0 0 -7.91838  -0.0250921 0 0.0252974 0 0 -0.0216931  0.0705541 0 0.162259 0 0 0.0792628  0 0 0 0 0 0  
97.5465 2.0546 0.0162205 -7.39904 0 4 0 0 -7.91341  -7.44291 0 3.81031 0 0 -7.96679  -0.0256812 0 0.0262537 0 0 -0.0221986  0.0695465 0 0.16344 0 0 0.0755826  0 0 0 0 0 0  
98.0177 2.06194 0.0152358 -7.4063 0 4 0 0 -7.98285  -7.44682 0 3.81764 0 0 -8.03903  -0.0234766 0 0.0243968 0 0 -0.0223637  0.063997 0 0.157963 0 0 0.0785458  0 0 0 0 0 0  
98.4889 2.06921 0.0156696 -7.39404 0 4 0 0 -8.15887  -7.434 0 3.8163 0 0 -8.21184  -0.0207825 0 0.0256387 0 0 -0.0207376  0.0607491 0 0.158064 0 0 0.0737051  0 0 0 0 0 0  
98.9602 2.07686 0.0164435 -7.46785 0 4 0 0 -8.21855  -7.50092 0 3.81123 0 0 -8.26202  -0.0240599 0 0.028913 0 0 -0.0210397  0.0571258 0 0.159858 0 0 0.0645138  0 0 0 0 0 0  
99.4314 2.08457 0.0161296 -7.54792 0 4 0 0 -8.29392  -7.58486 0 3.81839 0 0 -8.33552  -0.0209846 0 0.0272534 0 0 -0.0191115  0.0579297 0 0.154358 0 0 0.0607089  0 0 0 0 0 0  
99.9026 2.09232 0.0161737 -7.58956 0 4 0 0 -8.3727  -7.62714 0 3.82077 0 0 -8.41569  -0.0199481 0 0.0241295 0 0 -0.0202124  0.0575253 0 0.155097 0 0 0.0631939  0 0 0 0 0 0  
100.374 2.10005 0.0166092 -7.56751 0 4 0 0 -8.36916  -7.60297 0 3.82102 0 0 -8.40733  -0.0204393 0 0.0249684 0 0 -0.0189286  0.0559023 0 0.154011 0 0 0.0570992  0 0 0 0 0 0  
100.845 2.10824 0.0175513 -7.61371 0 4 0 0 -8.42244  -7.65151 0 3.81953 0 0 -8.46221  -0.0207849 0 0.0247787 0 0 -0.0248604  0.0585806 0 0.155693 0 0 0.0646284  0 0 0 0 0 0  
101.316 2.11668 0.0181891 -7.53657 0 4 0 0 -8.40881  -7.57365 0 3.81609 0 0 -8.45012  -0.0176221 0 0.0255096 0 0 -0.0209222  0.0547009 0 0.158397 0 0 0.0622353  0 0 0 0 0 0  
101.788 2.12551 0.0188267 -7.44988 0 4 0 0 -8.18836  -7.48913 0 3.80511 0 0 -8.23632  -0.0205265 0 0.0272097 0 0 -0.0239845  0.0597763 0 0.167683 0 0 0.0719416  0 0 0 0 0 0  
102.259 2.13471 0.0196189 -7.17556 0 4 0 0 -7.84936  -7.22198 0 3.79536 0 0 -7.91773  -0.0222828 0 0.0262788 0 0 -0.0187907  0.0687098 0 0.178361 0 0 0.0871603  0 0 0 0 0 0  
102.73 2.14433 0.0210233 -6.86448 0 4 0 0 -7.40227  -6.92938 0 3.77079 0 0 -7.49382  -0.0240821 0 0.028598 0 0 -0.0215543  0.0889745 0 0.20061 0 0 0.113102  0 0 0 0 0 0  
103.201 2.15433 0.0218674 -6.68451 0 4 0 0 -7.06377  -6.75766 0 3.7487 0 0 -7.18131  -0.0243135 0 0.0335181 0 0 -0.0202249  0.0974583 0 0.21778 0 0 0.137765  0 0 0 0 0 0  
103.673 2.16499 0.0230673 -6.561 0 4 0 0 -6.90405  -6.65149 0 3.731 0 0 -7.03823  -0.0205564 0 0.0375832 0 0 -0.0103967  0.11105 0 0.231419 0 0 0.144569  0 0 0 0 0 0  
104.144 2.17579 0.0230209 -6.56103 0 4 0 0 -6.859  -6.66106 0 3.72568 0 0 -6.99488  -0.0216904 0 0.0367732 0 0 -0.0170174  0.121721 0 0.23755 0 0 0.152904  0 0 0 0 0 0  
104.615 2.18665 0.0228012 -6.54563 0 4 0 0 -6.79489  -6.64557 0 3.72728 0 0 -6.91613  -0.0250989 0 0.036402 0 0 -0.0176115  0.125038 0 0.236317 0 0 0.138847  0 0 0 0 0 0  
105.086 2.19794 0.0241223 -6.41234 0 4 0 0 -6.73576  -6.50825 0 3.7082 0 0 -6.87453  -0.0219677 0 0.0373031 0 0 -0.0123499  0.117874 0 0.254496 0 0 0.151122  0 0 0 0 0 0  
105.558 2.20905 0.0242737 -6.392 0 4 0 0 -6.71285  -6.4748 0 3.7085 0 0 -6.84476  -0.027102 0 0.0392323 0 0 -0.00742652  0.109901 0 0.252263 0 0 0.139331  0 0 0 0 0 0  
106.029 2.22019 0.0234208 -6.39974 0 4 0 0 -6.77823  -6.48752 0 3.70851 0 0 -6.93472  -0.0267498 0 0.0384364 0 0 -0.00605884  0.114524 0 0.253057 0 0 0.162543  0 0 0 0 0 0  
106.5 2.23145 0.0244599 -6.4811 0 4 0 0 -6.86571  -6.57311 0 3.69627 0 0 -7.02865  -0.0305349 0 0.0382188 0 0 -0.0160645  0.122543 0 0.265514 0 0 0.179005  0 0 0 0 0 0  
106.971 2.24296 0.0243318 -6.484 0 4 0 0 -6.90857  -6.5847 0 3.70103 0 0 -7.06346  -0.0269843 0 0.0396752 0 0 -0.0186204  0.12768 0 0.259297 0 0 0.173505  0 0 0 0 0 0  
107.442 2.25438 0.0241571 -6.63028 0 4 0 0 -7.01434  -6.71145 0 3.70006 0 0 -7.15471  -0.0266529 0 0.0391558 0 0 -0.0160119  0.107828 0 0.260787 0 0 0.15638  0 0 0 0 0 0  
107.914 2.26558 0.0237444 -6.73764 0 4 0 0 -7.07624  -6.80328 0 3.71048 0 0 -7.19354  -0.0249416 0 0.0417608 0 0 -0.0173989  0.0905833 0 0.247763 0 0 0.134703  0 0 0 0 0 0  
108.385 2.27647 0.0227938 -6.86321 0 4 0 0 -7.07997  -6.91697 0 3.72788 0 0 -7.18127  -0.0228707 0 0.0376689 0 0 -0.0167485  0.0766371 0 0.234455 0 0 0.118054  0 0 0 0 0 0  
108.856 2.2869 0.0214456 -7.01746 0 4 0 0 -7.05018  -7.06314 0 3.74082 0 0 -7.13519  -0.0183192 0 0.0376894 0 0 -0.016448  0.0640019 0 0.221491 0 0 0.101449  0 0 0 0 0 0  
109.327 2.29669 0.0202953 -7.26287 0 4 0 0 -6.97131  -7.32292 0 3.74729 0 0 -7.07883  -0.0199155 0 0.0342304 0 0 -0.0158876  0.0799557 0 0.218484 0 0 0.123407  0 0 0 0 0 0  
109.799 2.30629 0.0203254 -7.42197 0 4 0 0 -6.94839  -7.4908 0 3.73377 0 0 -7.06558  -0.0319072 0 0.0347152 0 0 -0.021183  0.100738 0 0.231516 0 0 0.138377  0 0 0 0 0 0  
110.27 2.31583 0.0193364 -7.53436 0 4 0 0 -7.06435  -7.60937 0 3.74524 0 0 -7.17157  -0.0245151 0 0.0332068 0 0 -0.0179715  0.0995243 0 0.221557 0 0 0.125184  0 0 0 0 0 0  
110.741 2.32472 0.0182249 -7.64187 0 4 0 0 -7.19133  -7.71791 0 3.76743 0 0 -7.30584  -0.0224114 0 0.0264401 0 0 -0.0169904  0.0984557 0 0.206127 0 0 0.131499  0 0 0 0 0 0  
111.212 2.33306 0.0173463 -7.70664 0 4 0 0 -7.24093  -7.77341 0 3.78186 0 0 -7.34321  -0.0177172 0 0.0269028 0 0 -0.0158543  0.0844859 0 0.191235 0 0 0.118133  0 0 0 0 0 0  
111.684 2.34125 0.0175785 -7.81245 0 4 0 0 -7.24662  -7.87222 0 3.7732 0 0 -7.34493  -0.019563 0 0.0287411 0 0 -0.0196105  0.0793321 0 0.198055 0 0 0.117915  0 0 0 0 0 0  
112.155 2.34952 0.0173902 -7.97057 0 4 0 0 -7.40734  -8.0189 0 3.78056 0 0 -7.49583  -0.0193684 0 0.027859 0 0 -0.0186358  0.0676948 0 0.191581 0 0 0.107126  0 0 0 0 0 0  
112.626 2.35758 0.0171751 -8.04802 0 4 0 0 -7.58706  -8.08943 0 3.78887 0 0 -7.6719  -0.0199548 0 0.0265853 0 0 -0.0168473  0.0613707 0 0.184544 0 0 0.101687  0 0 0 0 0 0  
113.097 2.36564 0.0175553 -8.11201 0 4 0 0 -7.74912  -8.15056 0 3.78906 0 0 -7.82443  -0.0153004 0 0.030192 0 0 -0.0157062  0.0538524 0 0.180748 0 0 0.0910216  0 0 0 0 0 0  
113.569 2.37417 0.0182146 -8.24452 0 4 0 0 -7.97521  -8.29355 0 3.78751 0 0 -8.0515  -0.0184539 0 0.0288563 0 0 -0.0123375  0.0674826 0 0.183634 0 0 0.0886283  0 0 0 0 0 0  
114.04 2.38279 0.0184047 -8.40108 0 4 0 0 -8.26225  -8.45145 0 3.78992 0 0 -8.33421  -0.0157639 0 0.0295758 0 0 -0.0135502  0.0661283 0 0.180507 0 0 0.0855028  0 0 0 0 0 0  
114.511 2.39142 0.0183107 -8.48286 0 4 0 0 -8.51463  -8.53245 0 3.80159 0 0 -8.58267  -0.014003 0 0.0263889 0 0 -0.0116385  0.0635944 0 0.172017 0 0 0.0796727  0 0 0 0 0 0  
114.982 2.40003 0.0182834 -8.58998 0 4 0 0 -8.7612  -8.64296 0 3.81156 0 0 -8.82809  -0.0118167 0 0.0247565 0 0 -0.00917161  0.064793 0 0.163685 0 0 0.0760626  0 0 0 0 0 0  
115.454 2.40851 0.0182303 -8.57799 0 4 0 0 -8.99493  -8.62563 0 3.80917 0 0 -9.06531  -0.0129245 0 0.0247939 0 0 -0.00982607  0.060566 0 0.166031 0 0 0.0802024  0 0 0 0 0 0  
115.925 2.41709 0.0180766 -8.58252 0 4 0 0 -9.09839  -8.61929 0 3.80783 0 0 -9.15901  -0.0169514 0 0.0256065 0 0 -0.00665  0.0537141 0 0.166565 0 0 0.067261  0 0 0 0 0 0  
116.396 2.4254 0.0171229 -8.46498 0 4 0 0 -9.04664  -8.49778 0 3.81226 0 0 -9.10184  -0.0180864 0 0.0242792 0 0 -0.0111225  0.0508925 0 0.163464 0 0 0.0663248  0 0 0 0 0 0  
116.867 2.43364 0.0180677 -8.22777 0 4 0 0 -8.99138  -8.27175 0 3.80119 0 0 -9.06091  -0.0169599 0 0.0260425 0 0 -0.0120129  0.0609473 0 0.172763 0 0 0.0815404  0 0 0 0 0 0  
117.338 2.44213 0.0182933 -7.98226 0 4 0 0 -8.87073  -8.03491 0 3.80491 0 0 -8.95019  -0.0170982 0 0.0240829 0 0 -0.00755074  0.0697535 0 0.171011 0 0 0.0870082  0 0 0 0 0 0  
117.81 2.45094 0.0188312 -7.75443 0 4 0 0 -8.771  -7.80772 0 3.8008 0 0 -8.84209  -0.0166494 0 0.0253655 0 0 -0.00898785  0.0699386 0 0.173839 0 0 0.0800761  0 0 0 0 0 0  
118.281 2.45988 0.0194648 -7.56045 0 4 0 0 -8.56622  -7.61481 0 3.78475 0 0 -8.64174  -0.0185929 0 0.0274861 0 0 -0.00480864  0.072949 0 0.187766 0 0 0.0803299  0 0 0 0 0 0  
118.752 2.46929 0.0202011 -7.45719 0 4 0 0 -8.30962  -7.51272 0 3.77817 0 0 -8.38642  -0.0171636 0 0.0317387 0 0 -0.0059319  0.072695 0 0.190091 0 0 0.0827323  0 0 0 0 0 0  
119.223 2.47932 0.0224355 -7.35589 0 4 0 0 -7.99186  -7.41763 0 3.75295 0 0 -8.07989  -0.0171025 0 0.0335063 0 0 -0.00935526  0.0788456 0 0.213544 0 0 0.0973837  0 0 0 0 0 0  
119.695 2.49017 0.0235062 -7.23718 0 4 0 0 -7.73188  -7.29436 0 3.73138 0 0 -7.82507  -0.0274115 0 0.0365134 0 0 -0.0118822  0.0845865 0 0.232102 0 0 0.105067  0 0 0 0 0 0  
120.166 2.5012 0.0235817 -7.07461 0 4 0 0 -7.42588  -7.14575 0 3.71442 0 0 -7.52788  -0.031145 0 0.0379878 0 0 -0.0159585  0.102292 0 0.247596 0 0 0.117963  0 0 0 0 0 0  
120.637 2.51244 0.0248944 -7.02006 0 4 0 0 -7.07083  -7.11418 0 3.68084 0 0 -7.20776  -0.040014 0 0.0402155 0 0 -0.0217235  0.134132 0 0.278945 0 0 0.158653  0 0 0 0 0 0  
121.108 2.5242 0.0247669 -6.99536 0 4 0 0 -6.86631  -7.09138 0 3.67501 0 0 -6.99607  -0.0389993 0 0.0393195 0 0 -0.0231352  0.13502 0 0.28567 0 0 0.152898  0 0 0 0 0 0  
121.58 2.53616 0.0260129 -6.91842 0 4 0 0 -6.92904  -7.02358 0 3.67383 0 0 -7.06172  -0.036376 0 0.040138 0 0 -0.0245397  0.141539 0 0.286036 0 0 0.157213  0 0 0 0 0 0  
122.051 2.54866 0.027044 -6.66218 0 4 0 0 -6.96253  -6.76324 0 3.66685 0 0 -7.09902  -0.0398422 0 0.0420169 0 0 -0.0255418  0.140903 0 0.291135 0 0 0.162025  0 0 0 0 0 0  
122.522 2.56122 0.0264388 -6.44595 0 4 0 0 -7.01468  -6.54309 0 3.6613 0 0 -7.13951  -0.0435078 0 0.0436361 0 0 -0.0337754  0.140652 0 0.295065 0 0 0.158601  0 0 0 0 0 0  
122.993 2.57387 0.0268995 -6.38804 0 4 0 0 -6.97802  -6.50441 0 3.65699 0 0 -7.10904  -0.0461039 0 0.0408719 0 0 -0.0369431  0.162479 0 0.302139 0 0 0.167963  0 0 0 0 0 0  
123.465 2.58661 0.0270342 -6.32281 0 4 0 0 -6.9479  -6.41561 0 3.65457 0 0 -7.06506  -0.0553695 0 0.0404445 0 0 -0.0483191  0.148172 0 0.304987 0 0 0.165481  0 0 0 0 0 0  
123.936 2.5994 0.0267984 -6.11068 0 4 0 0 -6.70004  -6.20657 0 3.6467 0 0 -6.82092  -0.0569715 0 0.0423378 0 0 -0.0496298  0.152865 0 0.310967 0 0 0.170509  0 0 0 0 0 0  
124.407 2.612 0.0269432 -5.8964 0 4 0 0 -6.27974  -6.02833 0 3.63142 0 0 -6.42809  -0.0596619 0 0.0388176 0 0 -0.0622716  0.191586 0 0.329758 0 0 0.210622  0 0 0 0 0 0  
124.878 2.62435 0.0254624 -5.81663 0 4 0 0 -6.11026  -5.93594 0 3.65221 0 0 -6.25841  -0.0469768 0 0.035175 0 0 -0.0497572  0.166285 0 0.312619 0 0 0.197904  0 0 0 0 0 0  
125.35 2.6366 0.0260465 -5.88284 0 4 0 0 -6.03941  -5.99263 0 3.64021 0 0 -6.18522  -0.0499056 0 0.040443 0 0 -0.0640397  0.159702 0 0.319351 0 0 0.209842  0 0 0 0 0 0  
125.821 2.64809 0.0231418 -5.89769 0 4 0 0 -6.25287  -5.98823 0 3.69245 0 0 -6.3654  -0.038588 0 0.0371389 0 0 -0.0491346  0.129123 0 0.270414 0 0 0.161664  0 0 0 0 0 0  
126.292 2.65906 0.0235275 -5.87819 0 4 0 0 -6.31771  -5.96018 0 3.70812 0 0 -6.44125  -0.0389727 0 0.0305939 0 0 -0.0314328  0.12096 0 0.261284 0 0 0.154978  0 0 0 0 0 0  
126.763 2.67023 0.0243426 -5.92952 0 4 0 0 -6.47471  -6.00632 0 3.70032 0 0 -6.58547  -0.0424206 0 0.0346484 0 0 -0.034043  0.119219 0 0.265035 0 0 0.144808  0 0 0 0 0 0  
127.235 2.68226 0.026748 -5.9401 0 4 0 0 -6.56459  -6.01805 0 3.67334 0 0 -6.68163  -0.0414323 0 0.0372656 0 0 -0.0392211  0.119385 0 0.289394 0 0 0.156252  0 0 0 0 0 0  
127.706 2.69491 0.0268131 -5.98351 0 4 0 0 -6.68041  -6.06586 0 3.67666 0 0 -6.80799  -0.0437211 0 0.0389542 0 0 -0.0407656  0.126076 0 0.284383 0 0 0.168344  0 0 0 0 0 0  
128.177 2.70772 0.0273537 -6.14043 0 4 0 0 -6.99331  -6.21447 0 3.66932 0 0 -7.12047  -0.0478565 0 0.0409994 0 0 -0.0436665  0.121897 0 0.289685 0 0 0.170823  0 0 0 0 0 0  
128.648 2.72124 0.0289255 -6.22626 0 4 0 0 -7.18725  -6.28116 0 3.64508 0 0 -7.30253  -0.0607393 0 0.0461582 0 0 -0.0492222  0.115639 0 0.308762 0 0 0.164501  0 0 0 0 0 0  
129.119 2.73508 0.0296499 -6.41394 0 4 0 0 -7.1886  -6.48765 0 3.64347 0 0 -7.30854  -0.0645661 0 0.0500166 0 0 -0.0521171  0.138277 0 0.306517 0 0 0.172059  0 0 0 0 0 0  
129.591 2.74889 0.0290534 -6.4859 0 4 0 0 -7.10755  -6.55973 0 3.63946 0 0 -7.24781  -0.0596047 0 0.0464904 0 0 -0.0416789  0.133436 0 0.31405 0 0 0.181944  0 0 0 0 0 0  
130.062 2.76238 0.0281731 -6.56433 0 4 0 0 -7.01661  -6.63747 0 3.65826 0 0 -7.15169  -0.055129 0 0.0452632 0 0 -0.0418843  0.128268 0 0.296478 0 0 0.176974  0 0 0 0 0 0  
130.533 2.77544 0.0271054 -6.75237 0 4 0 0 -7.02506  -6.81424 0 3.67861 0 0 -7.14062  -0.0523812 0 0.0393585 0 0 -0.0351924  0.114247 0 0.282035 0 0 0.150759  0 0 0 0 0 0  
131.004 2.78814 0.0258423 -6.87191 0 4 0 0 -7.01188  -6.93044 0 3.69958 0 0 -7.11144  -0.0470466 0 0.036766 0 0 -0.0311692  0.105583 0 0.263654 0 0 0.130724  0 0 0 0 0 0  
131.476 2.8007 0.0271915 -6.82482 0 4 0 0 -6.93518  -6.89494 0 3.68811 0 0 -7.03503  -0.0412842 0 0.0384197 0 0 -0.0341048  0.111406 0 0.273472 0 0 0.133956  0 0 0 0 0 0  
131.947 2.81339 0.0272552 -6.71725 0 4 0 0 -6.97759  -6.79384 0 3.6732 0 0 -7.07927  -0.0449468 0 0.0399266 0 0 -0.0410726  0.121541 0 0.286872 0 0 0.142756  0 0 0 0 0 0  
132.418 2.82632 0.0277995 -6.65921 0 4 0 0 -6.99466  -6.74088 0 3.66552 0 0 -7.10208  -0.048625 0 0.0384236 0 0 -0.0427243  0.130302 0 0.296052 0 0 0.150145  0 0 0 0 0 0  
132.889 2.83944 0.0275165 -6.68541 0 4 0 0 -7.09698  -6.76291 0 3.67864 0 0 -7.21995  -0.0465344 0 0.0402575 0 0 -0.0335288  0.124037 0 0.281103 0 0 0.156495  0 0 0 0 0 0  
133.361 2.85248 0.0267059 -6.77329 0 4 0 0 -7.14651  -6.84426 0 3.69082 0 0 -7.27414  -0.0427579 0 0.0392875 0 0 -0.0292813  0.113721 0 0.269893 0 0 0.156916  0 0 0 0 0 0  
133.832 2.86495 0.0254748 -6.8547 0 4 0 0 -7.12971  -6.94854 0 3.70381 0 0 -7.28288  -0.0351252 0 0.0375053 0 0 -0.0158253  0.128957 0 0.258683 0 0 0.168999  0 0 0 0 0 0  
134.303 2.87632 0.0229862 -6.88607 0 4 0 0 -6.99148  -6.96277 0 3.72686 0 0 -7.1275  -0.0341805 0 0.0328745 0 0 -0.0148745  0.110883 0 0.24027 0 0 0.150899  0 0 0 0 0 0  
134.774 2.88718 0.0227611 -6.73925 0 4 0 0 -6.89537  -6.82976 0 3.72599 0 0 -7.04506  -0.0251175 0 0.0297746 0 0 -0.0166036  0.115618 0 0.244233 0 0 0.166288  0 0 0 0 0 0  
135.246 2.89785 0.0223377 -6.63269 0 4 0 0 -6.92216  -6.71621 0 3.73132 0 0 -7.06333  -0.0259685 0 0.0283156 0 0 -0.018415  0.10949 0 0.240367 0 0 0.159583  0 0 0 0 0 0  
135.717 2.90845 0.0227837 -6.74814 0 4 0 0 -7.10417  -6.81257 0 3.72803 0 0 -7.22104  -0.029653 0 0.0341102 0 0 -0.021876  0.094078 0 0.23786 0 0 0.138745  0 0 0 0 0 0  
136.188 2.91889 0.0216043 -6.91347 0 4 0 0 -7.20515  -6.96797 0 3.74991 0 0 -7.29244  -0.0334076 0 0.032986 0 0 -0.0272546  0.0879027 0 0.217103 0 0 0.114541  0 0 0 0 0 0  
136.659 2.92901 0.0208565 -7.08334 0 4 0 0 -7.27848  -7.13204 0 3.77067 0 0 -7.35868  -0.0290778 0 0.0294016 0 0 -0.0214921  0.0777773 0 0.199925 0 0 0.101693  0 0 0 0 0 0  
137.131 2.93869 0.0199505 -7.25557 0 4 0 0 -7.35431  -7.29237 0 3.78095 0 0 -7.42954  -0.029398 0 0.0295607 0 0 -0.0208587  0.0662003 0 0.189486 0 0 0.0960862  0 0 0 0 0 0  
137.602 2.94806 0.0197008 -7.26674 0 4 0 0 -7.42049  -7.2982 0 3.78439 0 0 -7.48742  -0.0255756 0 0.02955 0 0 -0.0243618  0.0570293 0 0.186061 0 0 0.0912966  0 0 0 0 0 0  
138.073 2.95759 0.0206252 -7.31902 0 4 0 0 -7.54362  -7.34492 0 3.77196 0 0 -7.60743  -0.022679 0 0.0315985 0 0 -0.0258181  0.0485737 0 0.19644 0 0 0.0896225  0 0 0 0 0 0  
138.544 2.96719 0.0201994 -7.37008 0 4 0 0 -7.77903  -7.40894 0 3.77537 0 0 -7.85144  -0.0211903 0 0.0317789 0 0 -0.0223529  0.060051 0 0.192852 0 0 0.0947683  0 0 0 0 0 0  
139.015 2.97657 0.0196673 -7.43834 0 4 0 0 -8.00408  -7.47298 0 3.78673 0 0 -8.07518  -0.0220296 0 0.0284358 0 0 -0.0186672  0.0566726 0 0.184837 0 0 0.0897741  0 0 0 0 0 0  
139.487 2.98555 0.0190678 -7.47967 0 4 0 0 -8.1961  -7.51343 0 3.80072 0 0 -8.26086  -0.0185585 0 0.0261819 0 0 -0.0174309  0.0523247 0 0.1731 0 0 0.0821926  0 0 0 0 0 0  
139.958 2.99432 0.0186612 -7.51132 0 4 0 0 -8.33562  -7.54107 0 3.80896 0 0 -8.38524  -0.0185947 0 0.0266783 0 0 -0.0179224  0.0483383 0 0.164357 0 0 0.067538  0 0 0 0 0 0  
140.429 3.00312 0.019193 -7.47947 0 4 0 0 -8.44601  -7.50704 0 3.80761 0 0 -8.49081  -0.0165914 0 0.0272901 0 0 -0.0153267  0.0441558 0 0.165097 0 0 0.0601249  0 0 0 0 0 0  
140.9 3.01218 0.0191938 -7.28913 0 4 0 0 -8.48488  -7.32074 0 3.79862 0 0 -8.53384  -0.0172483 0 0.0291516 0 0 -0.0132606  0.0488579 0 0.17223 0 0 0.0622219  0 0 0 0 0 0  
141.372 3.02132 0.0200327 -7.08248 0 4 0 0 -8.35649  -7.11178 0 3.78463 0 0 -8.41073  -0.0160262 0 0.0309313 0 0 -0.0124226  0.0453263 0 0.184437 0 0 0.0666601  0 0 0 0 0 0  
141.843 3.03111 0.0213041 -6.97708 0 4 0 0 -8.10622  -7.00036 0 3.769 0 0 -8.15509  -0.0231088 0 0.0323523 0 0 -0.0188617  0.0463869 0 0.19865 0 0 0.067735  0 0 0 0 0 0  
142.314 3.04136 0.02251 -6.99352 0 4 0 0 -7.93989  -7.02945 0 3.75101 0 0 -8.00286  -0.0230129 0 0.0338976 0 0 -0.0201721  0.0589406 0 0.215094 0 0 0.0831402  0 0 0 0 0 0  
142.785 3.05214 0.0231494 -6.98864 0 4 0 0 -7.68216  -7.03484 0 3.73455 0 0 -7.77378  -0.0252616 0 0.0346712 0 0 -0.0237951  0.0714622 0 0.230776 0 0 0.115412  0 0 0 0 0 0  
143.257 3.06297 0.0229368 -6.90568 0 4 0 0 -7.35143  -6.9715 0 3.73271 0 0 -7.45897  -0.0267349 0 0.0342627 0 0 -0.0252076  0.0925536 0 0.233028 0 0 0.132755  0 0 0 0 0 0  
143.728 3.07368 0.0223301 -6.65456 0 4 0 0 -7.09971  -6.73547 0 3.72348 0 0 -7.2193  -0.0276385 0 0.0366834 0 0 -0.0254159  0.108543 0 0.239835 0 0 0.145014  0 0 0 0 0 0  
144.199 3.08446 0.0232285 -6.59089 0 4 0 0 -6.88063  -6.68339 0 3.71334 0 0 -7.01542  -0.0258146 0 0.0374447 0 0 -0.0216631  0.118319 0 0.249211 0 0 0.156455  0 0 0 0 0 0  
144.67 3.09578 0.0248103 -6.61386 0 4 0 0 -6.79052  -6.72572 0 3.68503 0 0 -6.93032  -0.0304135 0 0.0407451 0 0 -0.0246118  0.142279 0 0.274223 0 0 0.164416  0 0 0 0 0 0  
145.142 3.10772 0.0254182 -6.61308 0 4 0 0 -6.56762  -6.72955 0 3.67801 0 0 -6.70996  -0.0266771 0 0.0402423 0 0 -0.0192828  0.143146 0 0.28175 0 0 0.161618  0 0 0 0 0 0  
145.613 3.11965 0.0249294 -6.71545 0 4 0 0 -6.57294  -6.83428 0 3.68245 0 0 -6.7179  -0.0236214 0 0.0422258 0 0 -0.02048  0.142457 0 0.275322 0 0 0.165438  0 0 0 0 0 0  
146.084 3.13132 0.0244657 -6.81401 0 4 0 0 -6.47004  -6.93446 0 3.68833 0 0 -6.63231  -0.0198408 0 0.0408753 0 0 -0.0213927  0.14029 0 0.270795 0 0 0.183663  0 0 0 0 0 0  
146.555 3.14307 0.0259193 -6.92862 0 4 0 0 -6.49986  -7.05827 0 3.67167 0 0 -6.68183  -0.0222425 0 0.0424728 0 0 -0.0193752  0.15189 0 0.285861 0 0 0.201343  0 0 0 0 0 0  
147.027 3.15534 0.0263807 -7.13323 0 4 0 0 -6.6853  -7.25365 0 3.67271 0 0 -6.86489  -0.0251934 0 0.0434495 0 0 -0.0221785  0.145609 0 0.283842 0 0 0.201772  0 0 0 0 0 0  
147.498 3.16779 0.0266725 -7.19986 0 4 0 0 -6.82292  -7.31651 0 3.6752 0 0 -6.98661  -0.0264998 0 0.044121 0 0 -0.0208886  0.143152 0 0.280675 0 0 0.184578  0 0 0 0 0 0  
147.969 3.1802 0.0259679 -7.30143 0 4 0 0 -6.9967  -7.40497 0 3.68568 0 0 -7.13967  -0.0238605 0 0.043628 0 0 -0.0195357  0.1274 0 0.270695 0 0 0.16251  0 0 0 0 0 0  
148.44 3.19238 0.0259638 -7.39417 0 4 0 0 -7.09565  -7.50266 0 3.68838 0 0 -7.23013  -0.0275082 0 0.0424333 0 0 -0.0233104  0.135994 0 0.269184 0 0 0.157788  0 0 0 0 0 0  
148.911 3.2044 0.0246666 -7.49435 0 4 0 0 -7.12036  -7.59111 0 3.69994 0 0 -7.26727  -0.0281369 0 0.0405406 0 0 -0.0179066  0.124905 0 0.259518 0 0 0.164817  0 0 0 0 0 0  
149.383 3.21604 0.0248807 -7.53407 0 4 0 0 -7.20222  -7.62157 0 3.69251 0 0 -7.33932  -0.0304731 0 0.0433002 0 0 -0.0205481  0.117971 0 0.264194 0 0 0.157642  0 0 0 0 0 0  
149.854 3.22787 0.0252069 -7.55072 0 4 0 0 -7.02014  -7.64041 0 3.67548 0 0 -7.15323  -0.0306202 0 0.0449805 0 0 -0.024669  0.120311 0 0.279536 0 0 0.15776  0 0 0 0 0 0  
150.325 3.23958 0.0248668 -7.47009 0 4 0 0 -6.97231  -7.55647 0 3.68583 0 0 -7.08615  -0.0255018 0 0.0430331 0 0 -0.0220838  0.111888 0 0.271133 0 0 0.135917  0 0 0 0 0 0  
150.796 3.25107 0.024443 -7.43292 0 4 0 0 -6.97929  -7.51403 0 3.687 0 0 -7.0935  -0.0300661 0 0.0416775 0 0 -0.0211457  0.111176 0 0.271326 0 0 0.135355  0 0 0 0 0 0  
151.268 3.26207 0.0221841 -7.485 0 4 0 0 -7.12087  -7.54744 0 3.71082 0 0 -7.21574  -0.0324299 0 0.0394683 0 0 -0.0220969  0.0948649 0 0.249709 0 0 0.116957  0 0 0 0 0 0  
151.739 3.27181 0.0194305 -7.50182 0 4 0 0 -7.21419  -7.55151 0 3.75869 0 0 -7.28808  -0.0243583 0 0.0386966 0 0 -0.0160519  0.0740484 0 0.202617 0 0 0.0899427  0 0 0 0 0 0  
152.21 3.28061 0.0185576 -7.4192 0 4 0 0 -7.21466  -7.4746 0 3.76017 0 0 -7.2952  -0.0229191 0 0.0364016 0 0 -0.0114526  0.0783132 0 0.20343 0 0 0.0919929  0 0 0 0 0 0  
152.681 3.28935 0.0185152 -7.26753 0 4 0 0 -7.12584  -7.33617 0 3.76743 0 0 -7.21746  -0.0201639 0 0.0353669 0 0 -0.0144637  0.088798 0 0.197205 0 0 0.106083  0 0 0 0 0 0  
153.153 3.29808 0.0187427 -7.18276 0 4 0 0 -7.12658  -7.2433 0 3.76704 0 0 -7.21959  -0.0243742 0 0.0370849 0 0 -0.0117572  0.0849147 0 0.195874 0 0 0.104763  0 0 0 0 0 0  
153.624 3.30701 0.0194254 -7.15655 0 4 0 0 -7.10796  -7.21799 0 3.7512 0 0 -7.21259  -0.032194 0 0.0349853 0 0 -0.0114125  0.0936338 0 0.213814 0 0 0.116042  0 0 0 0 0 0  
154.095 3.31612 0.0198225 -7.21561 0 4 0 0 -7.09587  -7.27795 0 3.75817 0 0 -7.19918  -0.0330599 0 0.0356801 0 0 -0.00934143  0.0953945 0 0.206153 0 0 0.112649  0 0 0 0 0 0  
154.566 3.32521 0.0193129 -7.17948 0 4 0 0 -6.94264  -7.2542 0 3.76642 0 0 -7.04887  -0.0252213 0 0.0323434 0 0 -0.00722754  0.0999418 0 0.201237 0 0 0.113458  0 0 0 0 0 0  
155.038 3.33418 0.018956 -7.16128 0 4 0 0 -6.83526  -7.24682 0 3.76676 0 0 -6.94535  -0.0227447 0 0.0317214 0 0 -0.00735112  0.10829 0 0.201518 0 0 0.117443  0 0 0 0 0 0  
155.509 3.34297 0.0185515 -7.24152 0 4 0 0 -6.82688  -7.31779 0 3.7737 0 0 -6.93844  -0.020834 0 0.0305528 0 0 -0.00552367  0.0970993 0 0.195749 0 0 0.11708  0 0 0 0 0 0  
155.98 3.35178 0.0183935 -7.27305 0 4 0 0 -6.78795  -7.34751 0 3.77698 0 0 -6.89596  -0.0179304 0 0.0286496 0 0 -0.00955123  0.0923965 0 0.194372 0 0 0.117558  0 0 0 0 0 0  
156.451 3.36066 0.0189645 -7.32352 0 4 0 0 -6.80971  -7.40267 0 3.77173 0 0 -6.92091  -0.0187218 0 0.0297488 0 0 -0.0122567  0.0978695 0 0.198519 0 0 0.123461  0 0 0 0 0 0  
156.923 3.36976 0.0194826 -7.27769 0 4 0 0 -6.79149  -7.35374 0 3.76766 0 0 -6.90157  -0.0228018 0 0.0310288 0 0 -0.0113193  0.0988579 0 0.201313 0 0 0.121396  0 0 0 0 0 0  
157.394 3.37926 0.0207942 -7.14372 0 4 0 0 -6.74182  -7.21495 0 3.75063 0 0 -6.86312  -0.0270447 0 0.0314463 0 0 -0.0210484  0.0982794 0 0.217924 0 0 0.142344  0 0 0 0 0 0  
157.865 3.38945 0.0221671 -7.08261 0 4 0 0 -6.81547  -7.14995 0 3.73486 0 0 -6.92736  -0.0240002 0 0.0332238 0 0 -0.0180799  0.0913413 0 0.231918 0 0 0.129967  0 0 0 0 0 0  
158.336 3.40007 0.0229146 -7.04712 0 4 0 0 -6.88465  -7.11219 0 3.72425 0 0 -7.00309  -0.0237098 0 0.0348798 0 0 -0.00762602  0.0887744 0 0.240873 0 0 0.126066  0 0 0 0 0 0  
158.808 3.4109 0.0231486 -7.02435 0 4 0 0 -6.84728  -7.09173 0 3.71772 0 0 -6.9632  -0.0216901 0 0.0345162 0 0 -0.00964522  0.0890672 0 0.247764 0 0 0.125569  0 0 0 0 0 0  
159.279 3.42222 0.0242449 -6.98911 0 4 0 0 -6.70347  -7.06548 0 3.70047 0 0 -6.8188  -0.0225542 0 0.0346004 0 0 -0.0173698  0.0989283 0 0.264929 0 0 0.132705  0 0 0 0 0 0  
159.75 3.43374 0.0252966 -6.98978 0 4 0 0 -6.64454  -7.05534 0 3.68681 0 0 -6.75018  -0.0309513 0 0.0398548 0 0 -0.0274042  0.0965065 0 0.273335 0 0 0.133041  0 0 0 0 0 0  
160.221 3.44575 0.0258939 -6.95705 0 4 0 0 -6.69708  -7.01322 0 3.69485 0 0 -6.78749  -0.0258751 0 0.0467255 0 0 -0.0270776  0.0820446 0 0.258428 0 0 0.11749  0 0 0 0 0 0  
160.692 3.45801 0.025727 -6.93044 0 4 0 0 -6.68088  -6.98946 0 3.69474 0 0 -6.75775  -0.0278806 0 0.0456321 0 0 -0.0309105  0.0868918 0 0.259628 0 0 0.107778  0 0 0 0 0 0  
161.164 3.46967 0.0240507 -6.74194 0 4 0 0 -6.75644  -6.81388 0 3.70142 0 0 -6.84038  -0.033237 0 0.0405951 0 0 -0.0215743  0.10517 0 0.257985 0 0 0.105513  0 0 0 0 0 0  
161.635 3.48051 0.022594 -6.51287 0 4 0 0 -6.84136  -6.59368 0 3.72325 0 0 -6.93257  -0.0265479 0 0.0381429 0 0 -0.0102237  0.107355 0 0.238604 0 0 0.101434  0 0 0 0 0 0  
162.106 3.49083 0.02191 -6.34221 0 4 0 0 -6.89543  -6.42774 0 3.7238 0 0 -6.99405  -0.0243343 0 0.0394424 0 0 -0.0104525  0.109865 0 0.236758 0 0 0.109073  0 0 0 0 0 0  
162.577 3.50111 0.0219506 -6.34298 0 4 0 0 -6.92561  -6.45055 0 3.70686 0 0 -7.03171  -0.0254947 0 0.0398762 0 0 -0.0153512  0.133071 0 0.253262 0 0 0.121455  0 0 0 0 0 0  
163.049 3.51167 0.0220987 -6.48493 0 4 0 0 -7.09938  -6.58393 0 3.71448 0 0 -7.20447  -0.0252125 0 0.037715 0 0 -0.0162583  0.124213 0 0.247805 0 0 0.12135  0 0 0 0 0 0  
163.52 3.52183 0.0215539 -6.63631 0 4 0 0 -7.33788  -6.72947 0 3.72898 0 0 -7.43765  -0.0193183 0 0.0342706 0 0 -0.011565  0.112484 0 0.23675 0 0 0.111332  0 0 0 0 0 0  
163.991 3.53183 0.021324 -6.64128 0 4 0 0 -7.42189  -6.72895 0 3.74478 0 0 -7.52829  -0.0176473 0 0.0356066 0 0 -0.00804497  0.105314 0 0.219608 0 0 0.114443  0 0 0 0 0 0  
164.462 3.54183 0.0210776 -6.71256 0 4 0 0 -7.58981  -6.79581 0 3.75396 0 0 -7.68778  -0.0220096 0 0.0347979 0 0 -0.0130457  0.105265 0 0.211239 0 0 0.11102  0 0 0 0 0 0  
164.934 3.55159 0.0205694 -6.93574 0 4 0 0 -7.80089  -7.01655 0 3.76242 0 0 -7.89077  -0.0190193 0 0.0348026 0 0 -0.0128233  0.0998355 0 0.202774 0 0 0.102703  0 0 0 0 0 0  
165.405 3.56115 0.0196624 -7.16907 0 4 0 0 -7.77151  -7.23628 0 3.76718 0 0 -7.85274  -0.0232565 0 0.0344711 0 0 -0.0125579  0.090467 0 0.19835 0 0 0.0937922  0 0 0 0 0 0  
165.876 3.57052 0.0196518 -7.33386 0 4 0 0 -7.69715  -7.39391 0 3.76455 0 0 -7.76991  -0.0294153 0 0.0349925 0 0 -0.0177606  0.0894737 0 0.200454 0 0 0.090524  0 0 0 0 0 0  
166.347 3.57976 0.0195104 -7.39734 0 4 0 0 -7.73033  -7.46261 0 3.75515 0 0 -7.80536  -0.0262962 0 0.0360131 0 0 -0.0171865  0.0915605 0 0.208838 0 0 0.0922236  0 0 0 0 0 0  
166.819 3.58886 0.0186051 -7.36524 0 4 0 0 -7.71626  -7.42535 0 3.76647 0 0 -7.79015  -0.0272032 0 0.0369691 0 0 -0.0144774  0.0873102 0 0.196558 0 0 0.0883655  0 0 0 0 0 0  
167.29 3.59768 0.0179139 -7.48983 0 4 0 0 -7.67171  -7.54946 0 3.77692 0 0 -7.74951  -0.0239076 0 0.0350771 0 0 -0.0130297  0.0835389 0 0.188005 0 0 0.090828  0 0 0 0 0 0  
167.761 3.60606 0.0174107 -7.54271 0 4 0 0 -7.46612  -7.61062 0 3.79221 0 0 -7.54565  -0.0199178 0 0.0314506 0 0 -0.007366  0.0878329 0 0.176342 0 0 0.0869008  0 0 0 0 0 0  
168.232 3.61413 0.0168872 -7.61078 0 4 0 0 -7.30899  -7.67417 0 3.79684 0 0 -7.39095  -0.0187973 0 0.0318816 0 0 -0.0118216  0.0821887 0 0.17128 0 0 0.0937889  0 0 0 0 0 0  
168.704 3.62239 0.0177594 -7.5633 0 4 0 0 -7.17991  -7.63348 0 3.78584 0 0 -7.26352  -0.0181376 0 0.0325836 0 0 -0.0165024  0.0883246 0 0.181578 0 0 0.100115  0 0 0 0 0 0  
169.175 3.63073 0.017696 -7.5565 0 4 0 0 -7.18572  -7.62883 0 3.77931 0 0 -7.27375  -0.0188686 0 0.0330719 0 0 -0.0184889  0.0912013 0 0.187622 0 0 0.106526  0 0 0 0 0 0  
169.646 3.63895 0.0171185 -7.65591 0 4 0 0 -7.35042  -7.72389 0 3.79471 0 0 -7.42792  -0.0170099 0 0.0332503 0 0 -0.0164389  0.0849927 0 0.172045 0 0 0.0939418  0 0 0 0 0 0  
170.117 3.64702 0.0169113 -7.83652 0 4 0 0 -7.53491  -7.90326 0 3.80253 0 0 -7.61624  -0.0160162 0 0.0309401 0 0 -0.017125  0.0827574 0 0.166527 0 0 0.0984524  0 0 0 0 0 0  
170.588 3.65498 0.0169805 -8.02376 0 4 0 0 -7.75167  -8.09274 0 3.80535 0 0 -7.83045  -0.0145103 0 0.0304855 0 0 -0.0131634  0.0834908 0 0.164164 0 0 0.0919433  0 0 0 0 0 0  
171.06 3.66283 0.0164899 -8.11096 0 4 0 0 -7.88607  -8.18794 0 3.81316 0 0 -7.96695  -0.0135953 0 0.030367 0 0 -0.0141867  0.090584 0 0.156474 0 0 0.0950695  0 0 0 0 0 0  
171.531 3.67047 0.0161517 -8.22655 0 4 0 0 -8.02674  -8.28705 0 3.82047 0 0 -8.0966  -0.0148999 0 0.0316422 0 0 -0.0144391  0.0753952 0 0.147889 0 0 0.0843063  0 0 0 0 0 0  
172.002 3.67804 0.0159873 -8.31191 0 4 0 0 -8.13214  -8.36361 0 3.8274 0 0 -8.19207  -0.011824 0 0.0296715 0 0 -0.0148174  0.0635245 0 0.142924 0 0 0.074745  0 0 0 0 0 0  
172.473 3.68558 0.0159833 -8.37991 0 4 0 0 -8.19962  -8.42788 0 3.83076 0 0 -8.25557  -0.0116182 0 0.0289379 0 0 -0.014136  0.0595837 0 0.140301 0 0 0.0700888  0 0 0 0 0 0  
172.945 3.6931 0.0158193 -8.33448 0 4 0 0 -8.2042  -8.38974 0 3.81579 0 0 -8.26955  -0.0152537 0 0.0292542 0 0 -0.0142368  0.0705175 0 0.154955 0 0 0.0795843  0 0 0 0 0 0  
173.416 3.70055 0.0156846 -8.19408 0 4 0 0 -8.15941  -8.23655 0 3.81326 0 0 -8.21545  -0.0133269 0 0.0288234 0 0 -0.00811531  0.0557976 0 0.157915 0 0 0.0641533  0 0 0 0 0 0  
173.887 3.70794 0.0157565 -8.20698 0 4 0 0 -8.1834  -8.25701 0 3.80232 0 0 -8.247  -0.0146682 0 0.0296402 0 0 -0.0105686  0.0647033 0 0.168036 0 0 0.074171  0 0 0 0 0 0  
174.358 3.71511 0.0147005 -8.25398 0 4 0 0 -8.30676  -8.2973 0 3.81152 0 0 -8.35987  -0.0132357 0 0.0283729 0 0 -0.0108772  0.0565581 0 0.160107 0 0 0.0639893  0 0 0 0 0 0  
174.83 3.72213 0.0149182 -8.20371 0 4 0 0 -8.40122  -8.25389 0 3.81752 0 0 -8.45905  -0.0133133 0 0.0276826 0 0 -0.0111441  0.0634944 0 0.154798 0 0 0.0689741  0 0 0 0 0 0  
175.301 3.72921 0.014683 -8.10976 0 4 0 0 -8.50924  -8.1672 0 3.81633 0 0 -8.57862  -0.00904582 0 0.0272641 0 0 -0.00694998  0.066494 0 0.156409 0 0 0.0763288  0 0 0 0 0 0  
175.772 3.73622 0.0147336 -7.99492 0 4 0 0 -8.56211  -8.06097 0 3.81832 0 0 -8.63552  -0.00912498 0 0.0255396 0 0 -0.00720147  0.075176 0 0.156143 0 0 0.0806088  0 0 0 0 0 0  
176.243 3.74341 0.0155783 -7.97644 0 4 0 0 -8.44687  -8.03552 0 3.821 0 0 -8.51862  -0.00781363 0 0.0255401 0 0 -0.00605779  0.0668954 0 0.153461 0 0 0.0778081  0 0 0 0 0 0  
176.715 3.75093 0.0168723 -7.95213 0 4 0 0 -8.28437  -8.00262 0 3.80679 0 0 -8.36009  -0.0153897 0 0.026726 0 0 -0.00901094  0.065877 0 0.16648 0 0 0.0847263  0 0 0 0 0 0  
177.186 3.75895 0.0174679 -7.91436 0 4 0 0 -8.14832  -7.96511 0 3.80678 0 0 -8.22805  -0.0184569 0 0.0266555 0 0 -0.0120062  0.0692031 0 0.166567 0 0 0.0917351  0 0 0 0 0 0  
177.657 3.76764 0.0190865 -7.78086 0 4 0 0 -7.96766  -7.82575 0 3.77817 0 0 -8.04854  -0.0242061 0 0.03233 0 0 -0.0174479  0.0691021 0 0.189503 0 0 0.0983301  0 0 0 0 0 0  
178.128 3.77686 0.0198909 -7.74256 0 4 0 0 -7.82304  -7.78323 0 3.76998 0 0 -7.90377  -0.0238696 0 0.0354291 0 0 -0.0193187  0.0645396 0 0.194586 0 0 0.10005  0 0 0 0 0 0  
178.6 3.78671 0.0214861 -7.64829 0 4 0 0 -7.65888  -7.70153 0 3.74724 0 0 -7.75038  -0.0255807 0 0.0375525 0 0 -0.0168562  0.0788254 0 0.21521 0 0 0.108364  0 0 0 0 0 0  
179.071 3.79713 0.0224524 -7.49575 0 4 0 0 -7.29046  -7.5555 0 3.724 0 0 -7.39321  -0.0278188 0 0.040456 0 0 -0.0221647  0.0875679 0 0.23554 0 0 0.124911  0 0 0 0 0 0  
179.542 3.80765 0.0225201 -7.3319 0 4 0 0 -7.06595  -7.39818 0 3.71714 0 0 -7.1651  -0.0316353 0 0.044901 0 0 -0.0276858  0.0979142 0 0.237962 0 0 0.126833  0 0 0 0 0 0  
180.013 3.81839 0.0227617 -7.27762 0 4 0 0 -6.95737  -7.35026 0 3.70081 0 0 -7.07353  -0.034796 0 0.0457786 0 0 -0.0214087  0.107444 0 0.253412 0 0 0.137568  0 0 0 0 0 0  
180.484 3.82914 0.023189 -7.36983 0 4 0 0 -6.96225  -7.45517 0 3.69908 0 0 -7.07874  -0.0316431 0 0.0427687 0 0 -0.0196481  0.116981 0 0.258148 0 0 0.136138  0 0 0 0 0 0  
180.956 3.83977 0.0224788 -7.34918 0 4 0 0 -6.9718  -7.42932 0 3.7023 0 0 -7.09769  -0.0297642 0 0.041566 0 0 -0.019934  0.109905 0 0.256137 0 0 0.145829  0 0 0 0 0 0  
181.427 3.85028 0.0219333 -7.24212 0 4 0 0 -6.9684  -7.32688 0 3.7114 0 0 -7.09019  -0.0265754 0 0.0399396 0 0 -0.0181265  0.111336 0 0.24866 0 0 0.13992  0 0 0 0 0 0  
181.898 3.86083 0.0225946 -7.24775 0 4 0 0 -7.09633  -7.32854 0 3.71312 0 0 -7.20974  -0.0308799 0 0.0402549 0 0 -0.0242557  0.111662 0 0.246621 0 0 0.137671  0 0 0 0 0 0  
182.369 3.87157 0.0231134 -7.40173 0 4 0 0 -7.18726  -7.48341 0 3.71757 0 0 -7.31234  -0.0273032 0 0.038982 0 0 -0.0159975  0.108987 0 0.243445 0 0 0.141072  0 0 0 0 0 0  
182.841 3.88243 0.0227097 -7.45726 0 4 0 0 -7.25688  -7.53805 0 3.72334 0 0 -7.37755  -0.0322972 0 0.0394686 0 0 -0.0187118  0.113083 0 0.237194 0 0 0.13938  0 0 0 0 0 0  
183.312 3.89319 0.0224601 -7.551 0 4 0 0 -7.19682  -7.63793 0 3.72573 0 0 -7.32028  -0.026696 0 0.0377481 0 0 -0.0189491  0.113628 0 0.236517 0 0 0.142417  0 0 0 0 0 0  
183.783 3.90374 0.0224103 -7.62387 0 4 0 0 -7.22669  -7.71239 0 3.72415 0 0 -7.344  -0.0277179 0 0.0414993 0 0 -0.0211084  0.116237 0 0.234351 0 0 0.138414  0 0 0 0 0 0  
184.254 3.91445 0.0228619 -7.73169 0 4 0 0 -7.30822  -7.81551 0 3.71474 0 0 -7.41995  -0.0295987 0 0.0426168 0 0 -0.0251147  0.113422 0 0.242642 0 0 0.136841  0 0 0 0 0 0  
184.726 3.92495 0.0218345 -7.8115 0 4 0 0 -7.40521  -7.88697 0 3.72138 0 0 -7.50349  -0.0255489 0 0.0401886 0 0 -0.0275103  0.101021 0 0.238435 0 0 0.12579  0 0 0 0 0 0  
185.197 3.9351 0.0216704 -7.94061 0 4 0 0 -7.53595  -8.01206 0 3.7183 0 0 -7.64198  -0.0266142 0 0.041317 0 0 -0.0248957  0.0980632 0 0.240381 0 0 0.13093  0 0 0 0 0 0  
185.668 3.94516 0.0208274 -8.11286 0 4 0 0 -7.67253  -8.16326 0 3.72005 0 0 -7.77491  -0.030668 0 0.0395677 0 0 -0.0275337  0.0810745 0 0.240387 0 0 0.129911  0 0 0 0 0 0  
186.139 3.95494 0.0206406 -8.26437 0 4 0 0 -7.75433  -8.30561 0 3.72612 0 0 -7.84964  -0.0304691 0 0.0416459 0 0 -0.0222114  0.0717041 0 0.232231 0 0 0.117516  0 0 0 0 0 0  
186.611 3.96455 0.0198938 -8.41622 0 4 0 0 -7.787  -8.45568 0 3.73507 0 0 -7.86864  -0.0251538 0 0.0416432 0 0 -0.0197315  0.0646122 0 0.223289 0 0 0.101375  0 0 0 0 0 0  
187.082 3.97384 0.0191003 -8.53093 0 4 0 0 -7.80587  -8.57652 0 3.75299 0 0 -7.88158  -0.0230635 0 0.0378489 0 0 -0.0154624  0.0686594 0 0.209158 0 0 0.0911737  0 0 0 0 0 0  
187.553 3.98275 0.0185406 -8.58029 0 4 0 0 -7.74837  -8.63363 0 3.77129 0 0 -7.81287  -0.0211658 0 0.0367937 0 0 -0.0112391  0.0745055 0 0.191913 0 0 0.0757354  0 0 0 0 0 0  
188.024 3.99125 0.0175219 -8.58663 0 4 0 0 -7.7597  -8.63849 0 3.78097 0 0 -7.81829  -0.0200748 0 0.0347049 0 0 -0.00429752  0.0719372 0 0.184322 0 0 0.0628921  0 0 0 0 0 0  
188.496 3.99916 0.0161399 -8.49274 0 4 0 0 -7.87209  -8.53423 0 3.80207 0 0 -7.92122  -0.0179507 0 0.0333255 0 0 -0.00430077  0.0594417 0 0.1646 0 0 0.0534352  0 0 0 0 0 0  
188.967 4.00658 0.0157409 -8.39792 0 4 0 0 -7.91725  -8.44455 0 3.80726 0 0 -7.96283  -0.0170724 0 0.0333051 0 0 -0.00710861  0.0637028 0 0.159437 0 0 0.0526926  0 0 0 0 0 0  
189.438 4.01386 0.0153111 -8.3293 0 4 0 0 -7.85837  -8.38313 0 3.8065 0 0 -7.91636  -0.0160676 0 0.0300669 0 0 -0.00774442  0.0698887 0 0.163437 0 0 0.0657362  0 0 0 0 0 0  
189.909 4.02104 0.0150153 -8.34686 0 4 0 0 -7.81347  -8.39906 0 3.80359 0 0 -7.87583  -0.0169758 0 0.0299609 0 0 -0.0133175  0.0691826 0 0.166449 0 0 0.0756821  0 0 0 0 0 0  
190.381 4.02842 0.0157225 -8.45608 0 4 0 0 -7.72526  -8.50713 0 3.79515 0 0 -7.79273  -0.0123589 0 0.0304891 0 0 -0.0122382  0.0634024 0 0.174358 0 0 0.0797011  0 0 0 0 0 0  
190.852 4.03623 0.0171197 -8.59274 0 4 0 0 -7.77841  -8.65373 0 3.77617 0 0 -7.84769  -0.0112296 0 0.033439 0 0 -0.0107281  0.0722206 0 0.190389 0 0 0.0800068  0 0 0 0 0 0  
191.323 4.04441 0.0173583 -8.59901 0 4 0 0 -7.88294  -8.65936 0 3.77474 0 0 -7.9428  -0.0112225 0 0.0350308 0 0 -0.0121423  0.0715646 0 0.190234 0 0 0.0719962  0 0 0 0 0 0  
191.794 4.05271 0.0179944 -8.35383 0 4 0 0 -7.98015  -8.41141 0 3.77457 0 0 -8.04198  -0.00909259 0 0.0362325 0 0 -0.0122804  0.0666701 0 0.189195 0 0 0.0741123  0 0 0 0 0 0  
192.265 4.06139 0.0184947 -8.11556 0 4 0 0 -7.96638  -8.16295 0 3.76558 0 0 -8.02206  -0.0139304 0 0.0391088 0 0 -0.0152089  0.061312 0 0.195314 0 0 0.0708892  0 0 0 0 0 0  
192.737 4.07003 0.0179558 -7.87673 0 4 0 0 -7.87247  -7.93843 0 3.76184 0 0 -7.94025  -0.0147523 0 0.0392537 0 0 -0.0169307  0.0764535 0 0.19891 0 0 0.0847091  0 0 0 0 0 0  
193.208 4.0782 0.0171515 -7.63686 0 4 0 0 -7.61794  -7.71132 0 3.76118 0 0 -7.69384  -0.0107823 0 0.0380432 0 0 -0.0133027  0.085239 0 0.200779 0 0 0.0891997  0 0 0 0 0 0  
193.679 4.0862 0.0169594 -7.39193 0 4 0 0 -7.50496  -7.48489 0 3.77027 0 0 -7.59565  -0.00675849 0 0.0350486 0 0 -0.00870966  0.0997277 0 0.194686 0 0 0.0993934  0 0 0 0 0 0  
194.15 4.09446 0.0174701 -7.28402 0 4 0 0 -7.31533  -7.37914 0 3.77141 0 0 -7.39839  -0.00360278 0 0.03564 0 0 -0.00628223  0.098729 0 0.192949 0 0 0.08934  0 0 0 0 0 0  
194.622 4.10293 0.0181494 -7.18047 0 4 0 0 -7.37985  -7.26791 0 3.76852 0 0 -7.45175  -0.00103777 0 0.0385458 0 0 -0.00438687  0.0884775 0 0.192933 0 0 0.0762865  0 0 0 0 0 0  
195.093 4.11154 0.0187316 -7.22035 0 4 0 0 -7.43381  -7.30139 0 3.77137 0 0 -7.50674  -0.00168059 0 0.0374849 0 0 -0.00423039  0.0827228 0 0.191141 0 0 0.0771557  0 0 0 0 0 0  
195.564 4.12017 0.0185099 -7.17219 0 4 0 0 -7.43202  -7.24583 0 3.77613 0 0 -7.51529  -0.00316465 0 0.0366291 0 0 0.0021268  0.0768025 0 0.187239 0 0 0.0811506  0 0 0 0 0 0  
196.035 4.12938 0.0205491 -7.01984 0 4 0 0 -7.24271  -7.11153 0 3.75596 0 0 -7.34994  -0.00708065 0 0.037257 0 0 0.000563835  0.098778 0 0.206782 0 0 0.106667  0 0 0 0 0 0  
196.507 4.13938 0.0217599 -6.84572 0 4 0 0 -7.01892  -6.94155 0 3.7314 0 0 -7.13629  -0.010318 0 0.0435245 0 0 -0.0026561  0.106148 0 0.225075 0 0 0.120018  0 0 0 0 0 0  
196.978 4.14987 0.0232102 -6.73613 0 4 0 0 -6.78359  -6.85627 0 3.70299 0 0 -6.93228  -0.0138154 0 0.0448857 0 0 -0.00877503  0.133948 0 0.252124 0 0 0.157462  0 0 0 0 0 0  
197.449 4.1611 0.0244681 -6.62094 0 4 0 0 -6.65352  -6.7647 0 3.69794 0 0 -6.82889  -0.01323 0 0.0391783 0 0 -0.0114133  0.156996 0 0.262877 0 0 0.18679  0 0 0 0 0 0  
197.92 4.17227 0.0235556 -6.68946 0 4 0 0 -6.72296  -6.81943 0 3.70563 0 0 -6.88088  -0.0139564 0 0.0413567 0 0 -0.012705  0.14393 0 0.253016 0 0 0.170626  0 0 0 0 0 0  
198.392 4.18335 0.0234127 -6.59029 0 4 0 0 -6.79225  -6.72276 0 3.70358 0 0 -6.95068  -0.0128251 0 0.0387558 0 0 -0.0159198  0.145305 0 0.257669 0 0 0.17435  0 0 0 0 0 0  
198.863 4.19429 0.0231591 -6.64895 0 4 0 0 -6.81567  -6.76586 0 3.71082 0 0 -6.9622  -0.0141208 0 0.0378406 0 0 -0.0169379  0.131032 0 0.25134 0 0 0.163477  0 0 0 0 0 0  
199.334 4.20492 0.0223394 -6.78151 0 4 0 0 -6.7434  -6.88933 0 3.71928 0 0 -6.87878  -0.0142522 0 0.0347957 0 0 -0.0150161  0.12207 0 0.245921 0 0 0.1504  0 0 0 0 0 0  
199.805 4.21522 0.0216286 -6.97421 0 4 0 0 -6.7976  -7.06788 0 3.73482 0 0 -6.92616  -0.0187668 0 0.0365665 0 0 -0.0185218  0.112435 0 0.228611 0 0 0.147086  0 0 0 0 0 0  
200.277 4.22524 0.0206776 -7.06866 0 4 0 0 -7.03138  -7.15047 0 3.74463 0 0 -7.14683  -0.015787 0 0.0375987 0 0 -0.0152205  0.0975938 0 0.21777 0 0 0.130676  0 0 0 0 0 0  
200.748 4.23479 0.0202701 -7.05851 0 4 0 0 -7.02722  -7.13676 0 3.75093 0 0 -7.14213  -0.0188735 0 0.0355488 0 0 -0.0149261  0.0971206 0 0.213523 0 0 0.129834  0 0 0 0 0 0  
201.219 4.24447 0.0204285 -6.86857 0 4 0 0 -7.0166  -6.95801 0 3.75135 0 0 -7.13896  -0.0168928 0 0.0362007 0 0 -0.018746  0.10633 0 0.212449 0 0 0.141108  0 0 0 0 0 0  
201.69 4.2542 0.0203217 -6.83643 0 4 0 0 -6.97854  -6.92228 0 3.74396 0 0 -7.09218  -0.016852 0 0.0378973 0 0 -0.0186735  0.102696 0 0.218145 0 0 0.132315  0 0 0 0 0 0  
202.161 4.26357 0.0193192 -6.84219 0 4 0 0 -7.04419  -6.92588 0 3.75134 0 0 -7.15387  -0.0152297 0 0.03681 0 0 -0.0179704  0.0989149 0 0.211852 0 0 0.127652  0 0 0 0 0 0  
202.633 4.27239 0.0176653 -6.82765 0 4 0 0 -6.96047  -6.89147 0 3.77738 0 0 -7.05047  -0.0127784 0 0.03479 0 0 -0.0121812  0.0765935 0 0.187829 0 0 0.102183  0 0 0 0 0 0  
203.104 4.28078 0.0179884 -6.80101 0 4 0 0 -6.85267  -6.86841 0 3.76919 0 0 -6.94558  -0.0106212 0 0.0344027 0 0 -0.0105662  0.0780152 0 0.196409 0 0 0.103474  0 0 0 0 0 0  
203.575 4.289 0.0172302 -6.79416 0 4 0 0 -6.7429  -6.86096 0 3.78056 0 0 -6.82883  -0.00755238 0 0.0333516 0 0 -0.0102549  0.0743457 0 0.186089 0 0 0.0961759  0 0 0 0 0 0  
204.046 4.2971 0.0169885 -6.88732 0 4 0 0 -6.68909  -6.94858 0 3.78726 0 0 -6.76921  -0.00366914 0 0.0314427 0 0 -0.00958364  0.0649332 0 0.181297 0 0 0.0897037  0 0 0 0 0 0  
204.518 4.30528 0.0178432 -6.88313 0 4 0 0 -6.65013  -6.95041 0 3.78109 0 0 -6.73327  -0.00462227 0 0.0326453 0 0 -0.00932719  0.0719056 0 0.186266 0 0 0.0924731  0 0 0 0 0 0  
204.989 4.31377 0.0189086 -6.80638 0 4 0 0 -6.5397  -6.87375 0 3.75915 0 0 -6.63337  -0.00905746 0 0.0337717 0 0 -0.0163926  0.0764342 0 0.207077 0 0 0.110062  0 0 0 0 0 0  
205.46 4.32274 0.0193142 -6.8565 0 4 0 0 -6.51837  -6.91656 0 3.75291 0 0 -6.6037  -0.0109293 0 0.035426 0 0 -0.016934  0.0709883 0 0.211669 0 0 0.102259  0 0 0 0 0 0  
205.931 4.33191 0.0198072 -6.97523 0 4 0 0 -6.52674  -7.0266 0 3.7445 0 0 -6.60121  -0.0125309 0 0.0379154 0 0 -0.0199804  0.0639024 0 0.217586 0 0 0.0944572  0 0 0 0 0 0  
206.403 4.34145 0.0204374 -6.9305 0 4 0 0 -6.60527  -6.97704 0 3.73075 0 0 -6.67412  -0.0153312 0 0.0386016 0 0 -0.0259907  0.0618671 0 0.230648 0 0 0.0948376  0 0 0 0 0 0  
206.874 4.35117 0.0212312 -6.86337 0 4 0 0 -6.63814  -6.90869 0 3.71088 0 0 -6.71022  -0.0230726 0 0.0406993 0 0 -0.0282321  0.0683951 0 0.248418 0 0 0.100311  0 0 0 0 0 0  
207.345 4.36133 0.022171 -6.78688 0 4 0 0 -6.76392  -6.83113 0 3.70025 0 0 -6.83558  -0.023545 0 0.0438333 0 0 -0.0291656  0.0677948 0 0.255913 0 0 0.100828  0 0 0 0 0 0  
207.816 4.37195 0.0229029 -6.67574 0 4 0 0 -6.85223  -6.70705 0 3.69128 0 0 -6.91046  -0.0363577 0 0.045625 0 0 -0.0376139  0.0676638 0 0.263094 0 0 0.095844  0 0 0 0 0 0  
208.288 4.38305 0.0234999 -6.53972 0 4 0 0 -7.01287  -6.5946 0 3.69382 0 0 -7.09622  -0.0292309 0 0.0471875 0 0 -0.0240261  0.0841103 0 0.258997 0 0 0.107377  0 0 0 0 0 0  
208.759 4.39416 0.0244746 -6.46321 0 4 0 0 -7.06948  -6.51978 0 3.69305 0 0 -7.15891  -0.0287003 0 0.0490013 0 0 -0.0204877  0.0852749 0 0.257949 0 0 0.109926  0 0 0 0 0 0  
209.23 4.4056 0.0242892 -6.31354 0 4 0 0 -7.13732  -6.37238 0 3.70037 0 0 -7.23116  -0.0297971 0 0.046765 0 0 -0.0161766  0.0886356 0 0.252868 0 0 0.110013  0 0 0 0 0 0  
209.701 4.41686 0.0231965 -6.28382 0 4 0 0 -7.08172  -6.34604 0 3.71641 0 0 -7.18251  -0.0297529 0 0.0403678 0 0 -0.0165194  0.0919711 0 0.24322 0 0 0.11731  0 0 0 0 0 0  
210.173 4.42787 0.0239923 -6.29278 0 4 0 0 -6.93341  -6.35138 0 3.70119 0 0 -7.03377  -0.032987 0 0.0410163 0 0 -0.0196542  0.0915906 0 0.257795 0 0 0.120014  0 0 0 0 0 0  
210.644 4.43924 0.0250494 -6.26287 0 4 0 0 -6.8169  -6.3274 0 3.69612 0 0 -6.90921  -0.03874 0 0.0462073 0 0 -0.0239535  0.103277 0 0.257671 0 0 0.116264  0 0 0 0 0 0  
211.115 4.45102 0.0252359 -6.35999 0 4 0 0 -6.7587  -6.42417 0 3.69305 0 0 -6.84451  -0.0355328 0 0.0486913 0 0 -0.0192506  0.0997183 0 0.258261 0 0 0.105066  0 0 0 0 0 0  
211.586 4.46296 0.0251823 -6.46411 0 4 0 0 -6.77728  -6.55064 0 3.6924 0 0 -6.89678  -0.0418365 0 0.0427156 0 0 -0.0330326  0.128359 0 0.264883 0 0 0.15253  0 0 0 0 0 0  
212.058 4.47473 0.025202 -6.55116 0 4 0 0 -6.71182  -6.63919 0 3.69897 0 0 -6.83687  -0.0424193 0 0.0425408 0 0 -0.0279709  0.130449 0 0.258488 0 0 0.153021  0 0 0 0 0 0  
212.529 4.48644 0.0245281 -6.6465 0 4 0 0 -6.63493  -6.73426 0 3.69589 0 0 -6.78181  -0.0310754 0 0.0411094 0 0 -0.0275238  0.118831 0 0.263001 0 0 0.174402  0 0 0 0 0 0  
213 4.49839 0.025697 -6.66298 0 4 0 0 -6.49665  -6.75976 0 3.68391 0 0 -6.65095  -0.0241653 0 0.0440379 0 0 -0.0226952  0.120946 0 0.272056 0 0 0.176997  0 0 0 0 0 0  
213.471 4.51049 0.0258253 -6.64023 0 4 0 0 -6.40958  -6.7362 0 3.67062 0 0 -6.57186  -0.0336427 0 0.044199 0 0 -0.0259529  0.129616 0 0.285182 0 0 0.188232  0 0 0 0 0 0  
213.942 4.52265 0.0249162 -6.57936 0 4 0 0 -6.4597  -6.67401 0 3.67371 0 0 -6.61737  -0.0392578 0 0.0429229 0 0 -0.0328016  0.133909 0 0.283367 0 0 0.190471  0 0 0 0 0 0  
214.414 4.53398 0.023676 -6.57682 0 4 0 0 -6.60253  -6.66853 0 3.70356 0 0 -6.74831  -0.0352275 0 0.0389014 0 0 -0.0275755  0.126936 0 0.257539 0 0 0.17335  0 0 0 0 0 0  
214.885 4.54461 0.0217954 -6.59861 0 4 0 0 -6.75949  -6.66793 0 3.72542 0 0 -6.87819  -0.0349095 0 0.0376077 0 0 -0.0298108  0.104229 0 0.236973 0 0 0.14851  0 0 0 0 0 0  
215.356 4.55487 0.0217147 -6.66948 0 4 0 0 -6.90186  -6.72403 0 3.7381 0 0 -7.00131  -0.0335313 0 0.0373782 0 0 -0.0259237  0.0880787 0 0.22452 0 0 0.125375  0 0 0 0 0 0  
215.827 4.56527 0.0222182 -6.78417 0 4 0 0 -6.98417  -6.82958 0 3.73113 0 0 -7.08071  -0.0383905 0 0.0357564 0 0 -0.0342155  0.0837971 0 0.23311 0 0 0.13075  0 0 0 0 0 0  
216.299 4.57542 0.0208555 -6.92217 0 4 0 0 -7.17713  -6.9599 0 3.75385 0 0 -7.26392  -0.0369508 0 0.0329378 0 0 -0.0304272  0.0746753 0 0.213217 0 0 0.117218  0 0 0 0 0 0  
216.77 4.58507 0.0204221 -7.13322 0 4 0 0 -7.31873  -7.16627 0 3.76317 0 0 -7.3981  -0.0307014 0 0.0337899 0 0 -0.0222647  0.0637524 0 0.203038 0 0 0.101635  0 0 0 0 0 0  
217.241 4.59485 0.0205345 -7.1581 0 4 0 0 -7.42988  -7.19641 0 3.76426 0 0 -7.51295  -0.0260713 0 0.0338496 0 0 -0.0202433  0.0643802 0 0.201892 0 0 0.103312  0 0 0 0 0 0  
217.712 4.6045 0.0205664 -7.14796 0 4 0 0 -7.46832  -7.18 0 3.75532 0 0 -7.54994  -0.0307345 0 0.0364802 0 0 -0.0174028  0.0627685 0 0.208203 0 0 0.0990262  0 0 0 0 0 0  
218.184 4.61409 0.0200661 -7.145 0 4 0 0 -7.45202  -7.1797 0 3.76299 0 0 -7.53072  -0.0280043 0 0.0348744 0 0 -0.0186199  0.062706 0 0.202133 0 0 0.0973149  0 0 0 0 0 0  
218.655 4.62382 0.020941 -7.13532 0 4 0 0 -7.45159  -7.16506 0 3.75394 0 0 -7.51393  -0.0316831 0 0.0348869 0 0 -0.0271907  0.061425 0 0.211175 0 0 0.0895293  0 0 0 0 0 0  
219.126 4.6341 0.0226756 -7.16848 0 4 0 0 -7.49482  -7.20213 0 3.7382 0 0 -7.55403  -0.0370243 0 0.0374695 0 0 -0.0358859  0.0706674 0 0.224327 0 0 0.0950965  0 0 0 0 0 0  
219.597 4.64511 0.023881 -7.10768 0 4 0 0 -7.44592  -7.15146 0 3.72608 0 0 -7.50754  -0.0402615 0 0.0441043 0 0 -0.0396612  0.0840432 0 0.229815 0 0 0.10128  0 0 0 0 0 0  
220.069 4.65631 0.0237956 -6.97272 0 4 0 0 -7.37735  -7.03274 0 3.70974 0 0 -7.46236  -0.0413258 0 0.0468394 0 0 -0.0405805  0.101348 0 0.243418 0 0 0.125595  0 0 0 0 0 0  
220.54 4.66723 0.0230896 -6.92992 0 4 0 0 -7.21412  -6.99398 0 3.72146 0 0 -7.30765  -0.0342326 0 0.0455718 0 0 -0.0310944  0.0982939 0 0.232967 0 0 0.124629  0 0 0 0 0 0  
221.011 4.67774 0.0218969 -7.02487 0 4 0 0 -7.24466  -7.08796 0 3.73956 0 0 -7.3289  -0.0285622 0 0.0413678 0 0 -0.0237989  0.0916565 0 0.219071 0 0 0.108043  0 0 0 0 0 0  
221.482 4.68756 0.0200966 -7.22914 0 4 0 0 -7.34568  -7.29358 0 3.76803 0 0 -7.42411  -0.0211108 0 0.0371988 0 0 -0.0203306  0.0855438 0 0.194773 0 0 0.0987639  0 0 0 0 0 0  
221.954 4.69678 0.0193434 -7.3628 0 4 0 0 -7.35229  -7.42406 0 3.77308 0 0 -7.44093  -0.0198571 0 0.0358721 0 0 -0.0129398  0.0811082 0 0.191052 0 0 0.101589  0 0 0 0 0 0  
222.425 4.70587 0.0193643 -7.4846 0 4 0 0 -7.38818  -7.53601 0 3.77714 0 0 -7.46021  -0.0148741 0 0.036151 0 0 -0.011435  0.0662811 0 0.186708 0 0 0.0834613  0 0 0 0 0 0  
222.896 4.71514 0.0202222 -7.4975 0 4 0 0 -7.4807  -7.5558 0 3.77069 0 0 -7.56384  -0.0163751 0 0.0363468 0 0 -0.0141079  0.0746713 0 0.192965 0 0 0.0972506  0 0 0 0 0 0  
223.367 4.72498 0.0211104 -7.35049 0 4 0 0 -7.52749  -7.40301 0 3.76051 0 0 -7.61243  -0.0182968 0 0.0370733 0 0 -0.0153882  0.0708124 0 0.202414 0 0 0.100324  0 0 0 0 0 0  
223.838 4.73511 0.0215228 -7.17715 0 4 0 0 -7.48303  -7.23593 0 3.74851 0 0 -7.5847  -0.0260236 0 0.0365646 0 0 -0.0259169  0.0848021 0 0.214923 0 0 0.127586  0 0 0 0 0 0  
224.31 4.74538 0.0222063 -7.18447 0 4 0 0 -7.33239  -7.23966 0 3.74061 0 0 -7.43934  -0.027609 0 0.0378751 0 0 -0.0216409  0.0828017 0 0.221512 0 0 0.128587  0 0 0 0 0 0  
224.781 4.75594 0.0228202 -7.23753 0 4 0 0 -7.31985  -7.2952 0 3.74393 0 0 -7.42162  -0.0286651 0 0.039695 0 0 -0.0194495  0.0863293 0 0.216377 0 0 0.121219  0 0 0 0 0 0  
225.252 4.76673 0.023035 -7.24898 0 4 0 0 -7.17277  -7.30937 0 3.73948 0 0 -7.26583  -0.0222978 0 0.0402449 0 0 -0.0162577  0.0826954 0 0.22028 0 0 0.109318  0 0 0 0 0 0  
225.723 4.77739 0.0224667 -7.30737 0 4 0 0 -7.0029  -7.37534 0 3.75126 0 0 -7.09792  -0.0190999 0 0.0348591 0 0 -0.00909703  0.0870744 0 0.213878 0 0 0.104108  0 0 0 0 0 0  
226.195 4.78789 0.0220608 -7.27064 0 4 0 0 -6.90274  -7.34972 0 3.75182 0 0 -7.00151  -0.0141595 0 0.0343722 0 0 -0.00988572  0.0932406 0 0.213813 0 0 0.108661  0 0 0 0 0 0  
226.666 4.79817 0.0217065 -7.2193 0 4 0 0 -6.82843  -7.30458 0 3.7489 0 0 -6.93656  -0.0182142 0 0.0332408 0 0 -0.0140052  0.103497 0 0.217856 0 0 0.122136  0 0 0 0 0 0  
227.137 4.80845 0.0221385 -7.15555 0 4 0 0 -6.67307  -7.23395 0 3.745 0 0 -6.76241  -0.0208283 0 0.0359119 0 0 -0.0144582  0.0992281 0 0.21909 0 0 0.103798  0 0 0 0 0 0  
227.608 4.8189 0.0223063 -7.10722 0 4 0 0 -6.73253  -7.19404 0 3.73974 0 0 -6.83896  -0.027001 0 0.0375329 0 0 -0.0148011  0.113816 0 0.222731 0 0 0.121235  0 0 0 0 0 0  
228.08 4.82945 0.022568 -7.01232 0 4 0 0 -6.82778  -7.10074 0 3.74057 0 0 -6.94137  -0.0267534 0 0.0366314 0 0 -0.0115522  0.115172 0 0.222795 0 0 0.125145  0 0 0 0 0 0  
228.551 4.84005 0.0225432 -6.96797 0 4 0 0 -6.86456  -7.06012 0 3.73359 0 0 -6.98618  -0.0258291 0 0.0403681 0 0 -0.0219901  0.117979 0 0.226046 0 0 0.143608  0 0 0 0 0 0  
229.022 4.85071 0.0226474 -6.92403 0 4 0 0 -6.83282  -7.02083 0 3.73539 0 0 -6.9642  -0.0233838 0 0.0409871 0 0 -0.0178779  0.120186 0 0.223619 0 0 0.149258  0 0 0 0 0 0  
229.493 4.86122 0.0224431 -6.9148 0 4 0 0 -6.82263  -7.0072 0 3.73755 0 0 -6.96378  -0.0285538 0 0.0374681 0 0 -0.0185269  0.120951 0 0.224981 0 0 0.159675  0 0 0 0 0 0  
229.965 4.87188 0.0228533 -6.91176 0 4 0 0 -6.84505  -6.99668 0 3.73025 0 0 -6.98603  -0.0337053 0 0.0356164 0 0 -0.02143  0.118618 0 0.234134 0 0 0.162409  0 0 0 0 0 0  
230.436 4.8828 0.0234564 -6.94268 0 4 0 0 -6.90831  -7.02325 0 3.71968 0 0 -7.03857  -0.0381976 0 0.037452 0 0 -0.0249265  0.118763 0 0.24287 0 0 0.155179  0 0 0 0 0 0  
230.907 4.89387 0.0236109 -6.90323 0 4 0 0 -7.05285  -6.97987 0 3.72522 0 0 -7.16796  -0.0391989 0 0.0347306 0 0 -0.0294275  0.115837 0 0.240051 0 0 0.144534  0 0 0 0 0 0  
231.378 4.90497 0.0233289 -6.85208 0 4 0 0 -7.27356  -6.92186 0 3.72419 0 0 -7.38159  -0.0427073 0 0.0339851 0 0 -0.0359401  0.11249 0 0.241829 0 0 0.143965  0 0 0 0 0 0  
231.85 4.91576 0.0226064 -6.91072 0 4 0 0 -7.35106  -6.97296 0 3.72341 0 0 -7.46082  -0.04463 0 0.0369388 0 0 -0.0349265  0.106867 0 0.23965 0 0 0.144688  0 0 0 0 0 0  
232.321 4.92626 0.0221359 -6.98077 0 4 0 0 -7.37065  -7.03195 0 3.73739 0 0 -7.46256  -0.0397881 0 0.0359361 0 0 -0.0316853  0.0909696 0 0.226672 0 0 0.123597  0 0 0 0 0 0  
232.792 4.93612 0.0202102 -6.89085 0 4 0 0 -7.15812  -6.92965 0 3.76088 0 0 -7.23493  -0.0386063 0 0.0352468 0 0 -0.0261849  0.0774115 0 0.203874 0 0 0.102991  0 0 0 0 0 0  
233.263 4.94566 0.0198591 -6.91966 0 4 0 0 -6.84641  -6.9626 0 3.77011 0 0 -6.92561  -0.0363267 0 0.0331413 0 0 -0.0203769  0.0792719 0 0.196744 0 0 0.0995756  0 0 0 0 0 0  
233.734 4.95485 0.0196454 -6.76043 0 4 0 0 -6.53977  -6.80735 0 3.76456 0 0 -6.61807  -0.0356801 0 0.034709 0 0 -0.0236716  0.0826055 0 0.200733 0 0 0.101968  0 0 0 0 0 0  
234.206 4.96409 0.0194766 -6.75195 0 4 0 0 -6.3776  -6.80164 0 3.76019 0 0 -6.44923  -0.0303003 0 0.0336977 0 0 -0.0259773  0.0799845 0 0.206112 0 0 0.0976049  0 0 0 0 0 0  
234.677 4.97342 0.0204617 -6.81237 0 4 0 0 -6.40865  -6.86914 0 3.7445 0 0 -6.5018  -0.0328395 0 0.034612 0 0 -0.0286353  0.0896064 0 0.220885 0 0 0.121782  0 0 0 0 0 0  
235.148 4.98293 0.0203338 -6.91981 0 4 0 0 -6.52766  -6.98 0 3.74545 0 0 -6.62924  -0.0304817 0 0.034059 0 0 -0.0256134  0.090671 0 0.220492 0 0 0.127192  0 0 0 0 0 0  
235.619 4.99251 0.0204363 -7.10634 0 4 0 0 -6.57123  -7.17156 0 3.75027 0 0 -6.6815  -0.0314412 0 0.0342549 0 0 -0.0217127  0.0966573 0 0.215478 0 0 0.131973  0 0 0 0 0 0  
236.091 5.00175 0.0190901 -7.22368 0 4 0 0 -6.67134  -7.28033 0 3.76813 0 0 -6.75911  -0.0307652 0 0.0325319 0 0 -0.0205466  0.0874119 0 0.199335 0 0 0.108321  0 0 0 0 0 0  
