# LF_DEM version v3.0-126-gb72fb1a
# np 1000
# VF 0.76
# Lx 73.993
# Ly 0
# Lz 73.993
# flow_type shear
# data in cl units.
#1: time
#2: cumulated strain
#3: shear rate
#4-9: total stress tensor (xx, xy, xz, yz, yy, zz)
#10-15: contact stress tensor (xx, xy, xz, yz, yy, zz)
#16-21: dashpot stress tensor (xx, xy, xz, yz, yy, zz)
#22-27: hydro stress tensor (xx, xy, xz, yz, yy, zz)
#28-33: repulsion stress tensor (xx, xy, xz, yz, yy, zz)

0.00942478 0.00037389 0.039671 -2.58443 0 2 0 0 -2.54592  -2.80704 0 1.41715 0 0 -2.81294  -0.109625 0 0.0423337 0 0 -0.102738  0.332241 0 0.540515 0 0 0.369757  0 0 0 0 0 0  
0.942478 0.0307567 0.0300919 -2.60253 0 2 0 0 -2.54514  -2.74379 0 1.55843 0 0 -2.7536  -0.083212 0 0.0348628 0 0 -0.0865492  0.224474 0 0.406709 0 0 0.295009  0 0 0 0 0 0  
1.88496 0.0575092 0.0274443 -2.75684 0 2 0 0 -2.70348  -2.8803 0 1.6189 0 0 -2.91232  -0.0675527 0 0.0285698 0 0 -0.0765674  0.19102 0 0.352525 0 0 0.285401  0 0 0 0 0 0  
2.82743 0.082255 0.0255558 -2.90539 0 2 0 0 -2.87253  -2.99305 0 1.64457 0 0 -3.04142  -0.0620706 0 0.0302176 0 0 -0.0754757  0.149729 0 0.325208 0 0 0.24436  0 0 0 0 0 0  
3.76991 0.106022 0.0244349 -3.00757 0 2 0 0 -3.0747  -3.08359 0 1.67026 0 0 -3.22406  -0.0516857 0 0.0318947 0 0 -0.0639258  0.127702 0 0.297849 0 0 0.21329  0 0 0 0 0 0  
4.71239 0.128576 0.0238714 -3.07836 0 2 0 0 -3.19529  -3.16044 0 1.69449 0 0 -3.33013  -0.0485243 0 0.0291506 0 0 -0.0608606  0.130603 0 0.276361 0 0 0.1957  0 0 0 0 0 0  
5.65487 0.150818 0.0235496 -3.19814 0 2 0 0 -3.28469  -3.27442 0 1.70568 0 0 -3.41318  -0.0447794 0 0.0324494 0 0 -0.0563288  0.121058 0 0.261869 0 0 0.184817  0 0 0 0 0 0  
6.59734 0.173147 0.0238573 -3.34635 0 2 0 0 -3.3744  -3.40775 0 1.71238 0 0 -3.49208  -0.0459966 0 0.0310096 0 0 -0.0518344  0.107401 0 0.256613 0 0 0.169511  0 0 0 0 0 0  
7.53982 0.196237 0.0251134 -3.43203 0 2 0 0 -3.50955  -3.50135 0 1.70998 0 0 -3.63359  -0.0419064 0 0.0337828 0 0 -0.0554685  0.111222 0 0.256238 0 0 0.179509  0 0 0 0 0 0  
8.4823 0.219152 0.0236596 -3.53024 0 2 0 0 -3.67037  -3.5948 0 1.72797 0 0 -3.7806  -0.0484326 0 0.032329 0 0 -0.057698  0.112993 0 0.239701 0 0 0.167935  0 0 0 0 0 0  
9.42478 0.241234 0.0238075 -3.55622 0 2 0 0 -3.70833  -3.62954 0 1.72596 0 0 -3.82166  -0.043806 0 0.0348202 0 0 -0.0499052  0.117122 0 0.239222 0 0 0.163242  0 0 0 0 0 0  
10.3673 0.263868 0.0239185 -3.54961 0 2 0 0 -3.61715  -3.63586 0 1.71244 0 0 -3.73558  -0.0473851 0 0.0304971 0 0 -0.0514319  0.13363 0 0.257068 0 0 0.169859  0 0 0 0 0 0  
11.3097 0.28687 0.0246844 -3.51312 0 2 0 0 -3.45635  -3.61476 0 1.70054 0 0 -3.58301  -0.042865 0 0.0344634 0 0 -0.0503108  0.144505 0 0.264992 0 0 0.176974  0 0 0 0 0 0  
12.2522 0.310528 0.0251608 -3.45464 0 2 0 0 -3.2186  -3.55457 0 1.68745 0 0 -3.36516  -0.0400359 0 0.0373313 0 0 -0.041189  0.139972 0 0.275214 0 0 0.187752  0 0 0 0 0 0  
13.1947 0.334326 0.0251004 -3.46478 0 2 0 0 -3.21409  -3.55505 0 1.66646 0 0 -3.36055  -0.0474353 0 0.0391344 0 0 -0.0503944  0.137697 0 0.294404 0 0 0.196852  0 0 0 0 0 0  
14.1372 0.357383 0.0234509 -3.52777 0 2 0 0 -3.31644  -3.59441 0 1.7002 0 0 -3.4264  -0.0409243 0 0.0421885 0 0 -0.0442612  0.107568 0 0.257615 0 0 0.154222  0 0 0 0 0 0  
15.0796 0.378718 0.0216298 -3.44127 0 2 0 0 -3.35126  -3.50453 0 1.73546 0 0 -3.44199  -0.0281327 0 0.0378566 0 0 -0.0370228  0.0913963 0 0.226687 0 0 0.127753  0 0 0 0 0 0  
16.0221 0.399284 0.0224182 -3.24825 0 2 0 0 -3.23757  -3.31969 0 1.72237 0 0 -3.34135  -0.0304432 0 0.039615 0 0 -0.0276468  0.101879 0 0.238017 0 0 0.131425  0 0 0 0 0 0  
16.9646 0.420408 0.0225554 -3.04938 0 2 0 0 -3.20639  -3.13153 0 1.69574 0 0 -3.31702  -0.0405273 0 0.0417423 0 0 -0.0360432  0.122679 0 0.262521 0 0 0.146668  0 0 0 0 0 0  
17.9071 0.441884 0.0232453 -3.04026 0 2 0 0 -3.21745  -3.13582 0 1.68551 0 0 -3.36418  -0.0394968 0 0.0401335 0 0 -0.0444709  0.135049 0 0.274357 0 0 0.191201  0 0 0 0 0 0  
18.8496 0.464337 0.02386 -3.0154 0 2 0 0 -3.28904  -3.12303 0 1.68992 0 0 -3.44087  -0.0329415 0 0.0402549 0 0 -0.0410028  0.140578 0 0.269821 0 0 0.192825  0 0 0 0 0 0  
19.792 0.486769 0.0240967 -2.96631 0 2 0 0 -3.36243  -3.07388 0 1.69447 0 0 -3.51869  -0.0333022 0 0.0403204 0 0 -0.0353685  0.140865 0 0.265211 0 0 0.19163  0 0 0 0 0 0  
20.7345 0.50931 0.0242941 -3.01231 0 2 0 0 -3.49067  -3.11568 0 1.70966 0 0 -3.63069  -0.0339242 0 0.0328341 0 0 -0.0262588  0.137296 0 0.257506 0 0 0.166281  0 0 0 0 0 0  
21.677 0.532062 0.0242828 -3.07299 0 2 0 0 -3.61538  -3.16376 0 1.70313 0 0 -3.75608  -0.0400032 0 0.0347011 0 0 -0.0329478  0.130767 0 0.26217 0 0 0.173644  0 0 0 0 0 0  
22.6195 0.555504 0.0250653 -3.1289 0 2 0 0 -3.62854  -3.22499 0 1.69414 0 0 -3.75639  -0.0431743 0 0.0377466 0 0 -0.0317343  0.139261 0 0.268115 0 0 0.159577  0 0 0 0 0 0  
23.5619 0.579429 0.0252122 -3.14219 0 2 0 0 -3.54562  -3.2279 0 1.67963 0 0 -3.65612  -0.0383617 0 0.0414291 0 0 -0.0358163  0.124076 0 0.278945 0 0 0.146307  0 0 0 0 0 0  
24.5044 0.603869 0.0265763 -2.96316 0 2 0 0 -3.37501  -3.09648 0 1.65871 0 0 -3.53428  -0.0317071 0 0.0381252 0 0 -0.0278599  0.16503 0 0.303169 0 0 0.187127  0 0 0 0 0 0  
25.4469 0.628483 0.0262965 -2.92664 0 2 0 0 -3.27049  -3.0596 0 1.65971 0 0 -3.42879  -0.0411664 0 0.0418288 0 0 -0.0260554  0.174128 0 0.298458 0 0 0.184352  0 0 0 0 0 0  
26.3894 0.652553 0.0246361 -2.97795 0 2 0 0 -3.4068  -3.0735 0 1.67905 0 0 -3.53723  -0.0389217 0 0.0380863 0 0 -0.0360781  0.134468 0 0.282863 0 0 0.16651  0 0 0 0 0 0  
27.3319 0.675194 0.0234927 -2.92357 0 2 0 0 -3.48683  -3.01856 0 1.70516 0 0 -3.64125  -0.0363808 0 0.0382891 0 0 -0.0261168  0.131363 0 0.256546 0 0 0.180535  0 0 0 0 0 0  
28.2743 0.696815 0.0223751 -2.82271 0 2 0 0 -3.3869  -2.91624 0 1.7167 0 0 -3.54355  -0.0320413 0 0.0352722 0 0 -0.0217284  0.125571 0 0.248025 0 0 0.178371  0 0 0 0 0 0  
29.2168 0.718435 0.0234208 -2.88989 0 2 0 0 -3.27595  -2.98676 0 1.70242 0 0 -3.4613  -0.0268477 0 0.0329395 0 0 -0.0241211  0.123721 0 0.264641 0 0 0.209474  0 0 0 0 0 0  
30.1593 0.740977 0.0242638 -2.97822 0 2 0 0 -3.16003  -3.06062 0 1.69637 0 0 -3.33389  -0.0355531 0 0.0338279 0 0 -0.0256729  0.117948 0 0.269804 0 0 0.199529  0 0 0 0 0 0  
31.1018 0.764025 0.0247295 -3.08648 0 2 0 0 -3.12139  -3.17469 0 1.69339 0 0 -3.28478  -0.0342259 0 0.0343817 0 0 -0.0306947  0.122427 0 0.272226 0 0 0.194085  0 0 0 0 0 0  
32.0442 0.786998 0.0241049 -3.17593 0 2 0 0 -3.21669  -3.26936 0 1.69677 0 0 -3.36793  -0.0355613 0 0.0321355 0 0 -0.0335737  0.128998 0 0.271095 0 0 0.184814  0 0 0 0 0 0  
32.9867 0.80847 0.0226133 -3.20686 0 2 0 0 -3.31108  -3.30052 0 1.72468 0 0 -3.47078  -0.0283846 0 0.0281685 0 0 -0.0418224  0.122044 0 0.247148 0 0 0.201517  0 0 0 0 0 0  
33.9292 0.829989 0.0232815 -3.22735 0 2 0 0 -3.40189  -3.31332 0 1.7208 0 0 -3.55467  -0.0331106 0 0.0287712 0 0 -0.0334115  0.11908 0 0.250432 0 0 0.186191  0 0 0 0 0 0  
34.8717 0.852213 0.0239385 -3.22694 0 2 0 0 -3.41235  -3.31734 0 1.70299 0 0 -3.55008  -0.0315505 0 0.0322495 0 0 -0.0333004  0.121952 0 0.264757 0 0 0.171025  0 0 0 0 0 0  
35.8142 0.875513 0.0256615 -3.17535 0 2 0 0 -3.26351  -3.27993 0 1.6782 0 0 -3.43563  -0.0354088 0 0.0342598 0 0 -0.0316835  0.139991 0 0.287541 0 0 0.203805  0 0 0 0 0 0  
36.7566 0.900169 0.0267213 -3.0381 0 2 0 0 -3.12068  -3.15754 0 1.6533 0 0 -3.30881  -0.0441499 0 0.0380817 0 0 -0.0288726  0.16359 0 0.308622 0 0 0.216999  0 0 0 0 0 0  
37.6991 0.925799 0.0276073 -2.87917 0 2 0 0 -2.92106  -3.00155 0 1.62932 0 0 -3.13579  -0.0444423 0 0.040115 0 0 -0.026409  0.166827 0 0.33057 0 0 0.241135  0 0 0 0 0 0  
38.6416 0.952226 0.0278819 -2.7987 0 2 0 0 -2.7481  -2.93896 0 1.5979 0 0 -3.00497  -0.0587724 0 0.0364513 0 0 -0.0443523  0.19903 0 0.365644 0 0 0.301226  0 0 0 0 0 0  
39.5841 0.978731 0.0280303 -2.77931 0 2 0 0 -2.72035  -2.93228 0 1.59875 0 0 -2.98644  -0.0514254 0 0.0324628 0 0 -0.0395306  0.204401 0 0.368784 0 0 0.305622  0 0 0 0 0 0  
40.5265 1.00502 0.0278755 -2.73183 0 2 0 0 -2.64169  -2.86407 0 1.59835 0 0 -2.91223  -0.0512551 0 0.0305166 0 0 -0.0391244  0.183502 0 0.371135 0 0 0.309669  0 0 0 0 0 0  
41.469 1.03136 0.0282596 -2.71372 0 2 0 0 -2.52519  -2.8422 0 1.58181 0 0 -2.82111  -0.0558296 0 0.0288308 0 0 -0.0610443  0.184316 0 0.389355 0 0 0.356963  0 0 0 0 0 0  
42.4115 1.05781 0.0279039 -2.76893 0 2 0 0 -2.52604  -2.88928 0 1.59235 0 0 -2.79943  -0.0567129 0 0.0278315 0 0 -0.0606351  0.177064 0 0.379814 0 0 0.334021  0 0 0 0 0 0  
43.354 1.08385 0.0268132 -2.86227 0 2 0 0 -2.67535  -2.96279 0 1.61833 0 0 -2.90545  -0.0580824 0 0.0353867 0 0 -0.0614747  0.158598 0 0.346283 0 0 0.291566  0 0 0 0 0 0  
44.2965 1.10963 0.0271846 -2.97879 0 2 0 0 -2.78455  -3.07312 0 1.64066 0 0 -3.00832  -0.0488214 0 0.0352557 0 0 -0.0457129  0.143151 0 0.324082 0 0 0.269485  0 0 0 0 0 0  
45.2389 1.13512 0.0269387 -2.98643 0 2 0 0 -2.79218  -3.079 0 1.63738 0 0 -3.00616  -0.0511154 0 0.0321701 0 0 -0.043683  0.143683 0 0.330451 0 0 0.257664  0 0 0 0 0 0  
46.1814 1.16074 0.0272641 -2.88395 0 2 0 0 -2.6862  -2.98138 0 1.63522 0 0 -2.90088  -0.0522637 0 0.0333482 0 0 -0.044611  0.149694 0 0.331436 0 0 0.259291  0 0 0 0 0 0  
47.1239 1.18687 0.0275213 -2.85454 0 2 0 0 -2.58119  -2.95605 0 1.60609 0 0 -2.79059  -0.0559531 0 0.0365837 0 0 -0.0601677  0.157468 0 0.357329 0 0 0.269562  0 0 0 0 0 0  
48.0664 1.21298 0.0277978 -2.90291 0 2 0 0 -2.6062  -3.00686 0 1.62352 0 0 -2.78091  -0.0528516 0 0.0380461 0 0 -0.0533265  0.156799 0 0.33843 0 0 0.228044  0 0 0 0 0 0  
49.0088 1.23903 0.027155 -2.93707 0 2 0 0 -2.66638  -3.05552 0 1.64204 0 0 -2.83813  -0.0488649 0 0.0358199 0 0 -0.0525457  0.167313 0 0.322142 0 0 0.224299  0 0 0 0 0 0  
49.9513 1.26437 0.0273309 -3.02846 0 2 0 0 -2.69137  -3.16229 0 1.64285 0 0 -2.84569  -0.0426626 0 0.0362317 0 0 -0.052041  0.176494 0 0.320918 0 0 0.206356  0 0 0 0 0 0  
50.8938 1.28959 0.0268605 -3.19841 0 2 0 0 -2.77691  -3.33316 0 1.66131 0 0 -2.92842  -0.0435615 0 0.0323514 0 0 -0.0483293  0.17831 0 0.306342 0 0 0.19983  0 0 0 0 0 0  
51.8363 1.31528 0.0274138 -3.26212 0 2 0 0 -2.81269  -3.39515 0 1.66568 0 0 -2.95625  -0.0423358 0 0.0279045 0 0 -0.0461136  0.175365 0 0.306412 0 0 0.189673  0 0 0 0 0 0  
52.7788 1.34141 0.0283233 -3.24892 0 2 0 0 -2.81041  -3.36908 0 1.63175 0 0 -2.97668  -0.0525569 0 0.0333403 0 0 -0.0568278  0.172716 0 0.334914 0 0 0.223095  0 0 0 0 0 0  
53.7212 1.36768 0.0267307 -3.25174 0 2 0 0 -2.80793  -3.37586 0 1.65148 0 0 -2.97819  -0.043235 0 0.0308678 0 0 -0.0478029  0.167356 0 0.317654 0 0 0.21807  0 0 0 0 0 0  
54.6637 1.39201 0.024913 -3.14359 0 2 0 0 -2.94367  -3.2587 0 1.67022 0 0 -3.09182  -0.0411135 0 0.034614 0 0 -0.0429696  0.156228 0 0.295164 0 0 0.191116  0 0 0 0 0 0  
55.6062 1.41511 0.0242123 -3.10735 0 2 0 0 -3.07513  -3.20242 0 1.67367 0 0 -3.20535  -0.0361013 0 0.0375941 0 0 -0.0358165  0.131171 0 0.288738 0 0 0.16603  0 0 0 0 0 0  
56.5487 1.43778 0.0242474 -3.06924 0 2 0 0 -3.06698  -3.16924 0 1.67133 0 0 -3.20678  -0.0384571 0 0.036076 0 0 -0.0311547  0.138454 0 0.292593 0 0 0.170952  0 0 0 0 0 0  
57.4911 1.46064 0.0239625 -3.11219 0 2 0 0 -3.00461  -3.20968 0 1.66079 0 0 -3.15852  -0.0411416 0 0.0332913 0 0 -0.034709  0.138626 0 0.305923 0 0 0.188615  0 0 0 0 0 0  
58.4336 1.48326 0.0244542 -3.11221 0 2 0 0 -2.92462  -3.22653 0 1.66091 0 0 -3.09151  -0.0426121 0 0.032054 0 0 -0.0319913  0.156938 0 0.307038 0 0 0.19888  0 0 0 0 0 0  
59.3761 1.50625 0.0243292 -3.13622 0 2 0 0 -2.88436  -3.2205 0 1.66563 0 0 -3.01844  -0.0416545 0 0.0358399 0 0 -0.0361601  0.125941 0 0.298531 0 0 0.170246  0 0 0 0 0 0  
60.3186 1.52927 0.0242929 -3.15101 0 2 0 0 -2.90437  -3.23005 0 1.67328 0 0 -3.0285  -0.0376059 0 0.0388404 0 0 -0.0323162  0.11665 0 0.287883 0 0 0.156445  0 0 0 0 0 0  
61.2611 1.55168 0.0233459 -3.17805 0 2 0 0 -2.94673  -3.26999 0 1.6893 0 0 -3.09175  -0.0322392 0 0.0357945 0 0 -0.0373194  0.124182 0 0.274903 0 0 0.182343  0 0 0 0 0 0  
62.2035 1.57403 0.0236554 -3.16964 0 2 0 0 -2.98919  -3.27241 0 1.6845 0 0 -3.14138  -0.0303668 0 0.0341804 0 0 -0.0409944  0.133132 0 0.28132 0 0 0.19318  0 0 0 0 0 0  
63.146 1.59613 0.0231601 -3.2037 0 2 0 0 -2.96606  -3.30204 0 1.68607 0 0 -3.1151  -0.0343972 0 0.033443 0 0 -0.0440196  0.132736 0 0.280489 0 0 0.193067  0 0 0 0 0 0  
64.0885 1.61768 0.0225624 -3.28038 0 2 0 0 -2.85179  -3.38043 0 1.68529 0 0 -2.98943  -0.0386919 0 0.0325196 0 0 -0.0391547  0.138746 0 0.282189 0 0 0.17679  0 0 0 0 0 0  
65.031 1.63911 0.0232721 -3.35353 0 2 0 0 -2.92507  -3.45627 0 1.68774 0 0 -3.06481  -0.0428757 0 0.0341687 0 0 -0.0322844  0.145621 0 0.278095 0 0 0.172019  0 0 0 0 0 0  
65.9734 1.66119 0.024195 -3.39832 0 2 0 0 -3.03033  -3.50366 0 1.68505 0 0 -3.16676  -0.0398057 0 0.0387605 0 0 -0.0301479  0.145143 0 0.276189 0 0 0.166575  0 0 0 0 0 0  
66.9159 1.68427 0.0242504 -3.4103 0 2 0 0 -2.98758  -3.51692 0 1.68841 0 0 -3.1389  -0.0380614 0 0.0405309 0 0 -0.0265837  0.144677 0 0.27106 0 0 0.177908  0 0 0 0 0 0  
67.8584 1.70703 0.0239207 -3.3561 0 2 0 0 -2.94696  -3.46296 0 1.70614 0 0 -3.09544  -0.0321185 0 0.0369112 0 0 -0.0182837  0.138979 0 0.256949 0 0 0.166768  0 0 0 0 0 0  
68.8009 1.73018 0.0253742 -3.2842 0 2 0 0 -2.97625  -3.41012 0 1.6884 0 0 -3.13448  -0.0243592 0 0.0351779 0 0 -0.0132392  0.150281 0 0.276427 0 0 0.171462  0 0 0 0 0 0  
69.7434 1.75447 0.026252 -3.16182 0 2 0 0 -3.05689  -3.27693 0 1.67169 0 0 -3.2044  -0.0316632 0 0.0368878 0 0 -0.0263365  0.146773 0 0.291424 0 0 0.173845  0 0 0 0 0 0  
70.6858 1.77996 0.0278409 -3.00523 0 2 0 0 -3.06716  -3.12128 0 1.64383 0 0 -3.22694  -0.0436327 0 0.0374699 0 0 -0.0298935  0.159679 0 0.318699 0 0 0.189676  0 0 0 0 0 0  
71.6283 1.80694 0.0294973 -2.86919 0 2 0 0 -2.98976  -3.00295 0 1.61112 0 0 -3.16831  -0.0550763 0 0.0404706 0 0 -0.0424942  0.188835 0 0.348414 0 0 0.221043  0 0 0 0 0 0  
72.5708 1.83598 0.0313458 -2.80416 0 2 0 0 -2.86603  -2.94693 0 1.59092 0 0 -3.06801  -0.0671421 0 0.0429866 0 0 -0.0459636  0.209915 0 0.366089 0 0 0.247947  0 0 0 0 0 0  
73.5133 1.86534 0.0317839 -2.70865 0 2 0 0 -2.79901  -2.86962 0 1.58474 0 0 -3.02137  -0.0633795 0 0.0362163 0 0 -0.0482079  0.224349 0 0.379048 0 0 0.27057  0 0 0 0 0 0  
74.4557 1.89485 0.0310796 -2.57345 0 2 0 0 -2.60946  -2.73479 0 1.56192 0 0 -2.84283  -0.058294 0 0.0359905 0 0 -0.0566875  0.219631 0 0.402088 0 0 0.29005  0 0 0 0 0 0  
75.3982 1.92441 0.0317123 -2.32697 0 2 0 0 -2.46766  -2.49085 0 1.53413 0 0 -2.70656  -0.0742196 0 0.0348675 0 0 -0.0700114  0.238104 0 0.431 0 0 0.308911  0 0 0 0 0 0  
76.3407 1.95355 0.0303327 -2.28535 0 2 0 0 -2.52476  -2.47048 0 1.54414 0 0 -2.77056  -0.0723253 0 0.0343562 0 0 -0.0660961  0.257459 0 0.421499 0 0 0.311898  0 0 0 0 0 0  
77.2832 1.98143 0.0287831 -2.37515 0 2 0 0 -2.58337  -2.54214 0 1.58957 0 0 -2.80026  -0.0512151 0 0.0409698 0 0 -0.0331199  0.218204 0 0.369462 0 0 0.250012  0 0 0 0 0 0  
78.2257 2.00825 0.0284121 -2.46371 0 2 0 0 -2.62352  -2.6183 0 1.59199 0 0 -2.85473  -0.0466109 0 0.0369048 0 0 -0.0294593  0.201197 0 0.371107 0 0 0.260675  0 0 0 0 0 0  
79.1681 2.03467 0.0279354 -2.54417 0 2 0 0 -2.66878  -2.67901 0 1.58871 0 0 -2.86463  -0.0555811 0 0.0400299 0 0 -0.0364337  0.190419 0 0.371261 0 0 0.232276  0 0 0 0 0 0  
80.1106 2.06132 0.0287258 -2.61081 0 2 0 0 -2.71233  -2.74896 0 1.59153 0 0 -2.8903  -0.0487477 0 0.0441493 0 0 -0.0354574  0.186894 0 0.364323 0 0 0.213428  0 0 0 0 0 0  
81.0531 2.08871 0.0290049 -2.5451 0 2 0 0 -2.70497  -2.68289 0 1.59874 0 0 -2.89877  -0.0586802 0 0.0412201 0 0 -0.0455098  0.19647 0 0.360036 0 0 0.239307  0 0 0 0 0 0  
81.9956 2.11579 0.028483 -2.48111 0 2 0 0 -2.61926  -2.61097 0 1.58705 0 0 -2.82317  -0.0659169 0 0.0363703 0 0 -0.0574389  0.195775 0 0.376575 0 0 0.261351  0 0 0 0 0 0  
82.938 2.14219 0.0274015 -2.48599 0 2 0 0 -2.62101  -2.61862 0 1.60215 0 0 -2.8126  -0.0605535 0 0.036056 0 0 -0.053065  0.193181 0 0.361794 0 0 0.244652  0 0 0 0 0 0  
83.8805 2.1683 0.027887 -2.47179 0 2 0 0 -2.5168  -2.60182 0 1.5966 0 0 -2.72719  -0.0562013 0 0.0378479 0 0 -0.0492943  0.186227 0 0.365551 0 0 0.259686  0 0 0 0 0 0  
84.823 2.19461 0.0286148 -2.49627 0 2 0 0 -2.38748  -2.63519 0 1.57663 0 0 -2.62945  -0.06151 0 0.0398306 0 0 -0.0528536  0.200429 0 0.383538 0 0 0.294822  0 0 0 0 0 0  
85.7655 2.22124 0.0280554 -2.54354 0 2 0 0 -2.38237  -2.69243 0 1.5873 0 0 -2.6155  -0.0708386 0 0.039353 0 0 -0.0632813  0.219728 0 0.373344 0 0 0.296413  0 0 0 0 0 0  
86.708 2.24816 0.0289495 -2.6132 0 2 0 0 -2.50295  -2.74297 0 1.59656 0 0 -2.71697  -0.0763295 0 0.0392018 0 0 -0.0541343  0.206106 0 0.364241 0 0 0.268154  0 0 0 0 0 0  
87.6504 2.27559 0.0290771 -2.7351 0 2 0 0 -2.61496  -2.86262 0 1.61184 0 0 -2.81068  -0.0738347 0 0.0416169 0 0 -0.0525248  0.201352 0 0.346547 0 0 0.248242  0 0 0 0 0 0  
88.5929 2.30219 0.0274187 -2.85132 0 2 0 0 -2.64457  -2.97203 0 1.63887 0 0 -2.80881  -0.0572802 0 0.0360248 0 0 -0.0475677  0.177996 0 0.32511 0 0 0.21181  0 0 0 0 0 0  
89.5354 2.32816 0.0276261 -2.88974 0 2 0 0 -2.61121  -3.00941 0 1.63494 0 0 -2.7586  -0.0472781 0 0.0381612 0 0 -0.0403356  0.16695 0 0.326897 0 0 0.187733  0 0 0 0 0 0  
90.4779 2.35424 0.0282646 -2.87396 0 2 0 0 -2.59421  -3.00296 0 1.62134 0 0 -2.74924  -0.0474055 0 0.0359203 0 0 -0.0455477  0.176407 0 0.342742 0 0 0.200576  0 0 0 0 0 0  
91.4203 2.3809 0.0282564 -2.8673 0 2 0 0 -2.59356  -2.99095 0 1.6111 0 0 -2.75578  -0.0558078 0 0.0367759 0 0 -0.0509608  0.179456 0 0.352119 0 0 0.213188  0 0 0 0 0 0  
92.3628 2.40771 0.0291186 -2.79377 0 2 0 0 -2.5305  -2.92954 0 1.61071 0 0 -2.72396  -0.0559386 0 0.0365071 0 0 -0.0571073  0.191708 0 0.352778 0 0 0.250566  0 0 0 0 0 0  
93.3053 2.43479 0.0291033 -2.74745 0 2 0 0 -2.55133  -2.87467 0 1.60454 0 0 -2.72692  -0.0568159 0 0.0402472 0 0 -0.0563065  0.184029 0 0.35521 0 0 0.231895  0 0 0 0 0 0  
94.2478 2.46293 0.0302271 -2.67541 0 2 0 0 -2.56486  -2.81446 0 1.60741 0 0 -2.74637  -0.0558611 0 0.0412221 0 0 -0.0576599  0.194915 0 0.35137 0 0 0.239166  0 0 0 0 0 0  
95.1903 2.49043 0.0282668 -2.61507 0 2 0 0 -2.73344  -2.76626 0 1.61348 0 0 -2.88142  -0.0594803 0 0.0415194 0 0 -0.0685475  0.210677 0 0.345005 0 0 0.216528  0 0 0 0 0 0  
96.1327 2.51675 0.027692 -2.60416 0 2 0 0 -2.86983  -2.7402 0 1.64837 0 0 -3.01778  -0.0487943 0 0.0389095 0 0 -0.052168  0.184843 0 0.312723 0 0 0.200117  0 0 0 0 0 0  
97.0752 2.54235 0.0267374 -2.66252 0 2 0 0 -3.02754  -2.77284 0 1.65998 0 0 -3.14967  -0.0503596 0 0.0445363 0 0 -0.043565  0.160675 0 0.295479 0 0 0.165692  0 0 0 0 0 0  
98.0177 2.5674 0.0266857 -2.68594 0 2 0 0 -3.16273  -2.79721 0 1.66968 0 0 -3.30718  -0.0455377 0 0.039409 0 0 -0.0378138  0.156805 0 0.290906 0 0 0.182263  0 0 0 0 0 0  
98.9602 2.59172 0.0249041 -2.87762 0 2 0 0 -3.25283  -2.95393 0 1.69554 0 0 -3.37945  -0.0413655 0 0.0399407 0 0 -0.0298221  0.117673 0 0.264522 0 0 0.156443  0 0 0 0 0 0  
99.9026 2.61414 0.0235286 -3.00879 0 2 0 0 -3.27718  -3.07362 0 1.72141 0 0 -3.39883  -0.0334938 0 0.0344308 0 0 -0.0319841  0.0983194 0 0.244163 0 0 0.153634  0 0 0 0 0 0  
100.845 2.63621 0.0237057 -3.09226 0 2 0 0 -3.25686  -3.15374 0 1.72407 0 0 -3.36773  -0.0328951 0 0.035798 0 0 -0.0293606  0.0943763 0 0.240127 0 0 0.140229  0 0 0 0 0 0  
101.788 2.65852 0.0236936 -3.16349 0 2 0 0 -3.09815  -3.22398 0 1.71604 0 0 -3.23174  -0.0334564 0 0.0367255 0 0 -0.028462  0.0939462 0 0.247231 0 0 0.162055  0 0 0 0 0 0  
102.73 2.68098 0.0235603 -3.04835 0 2 0 0 -2.82775  -3.12511 0 1.69152 0 0 -2.99109  -0.04573 0 0.0348583 0 0 -0.0361863  0.122493 0 0.273618 0 0 0.199521  0 0 0 0 0 0  
103.673 2.70356 0.0238855 -2.90643 0 2 0 0 -2.59102  -3.00548 0 1.68038 0 0 -2.79909  -0.0438799 0 0.0279856 0 0 -0.0370652  0.14293 0 0.291639 0 0 0.245141  0 0 0 0 0 0  
104.615 2.72676 0.0248333 -2.83516 0 2 0 0 -2.55308  -2.95027 0 1.65506 0 0 -2.75732  -0.0514143 0 0.0273112 0 0 -0.0419052  0.166528 0 0.317631 0 0 0.246145  0 0 0 0 0 0  
105.558 2.75072 0.0261486 -2.74921 0 2 0 0 -2.49023  -2.8886 0 1.6341 0 0 -2.70402  -0.0552432 0 0.025894 0 0 -0.0502408  0.194629 0 0.340007 0 0 0.264036  0 0 0 0 0 0  
106.5 2.77546 0.0266863 -2.6978 0 2 0 0 -2.52261  -2.82901 0 1.60787 0 0 -2.74488  -0.0616602 0 0.0287544 0 0 -0.0640313  0.192871 0 0.363377 0 0 0.286307  0 0 0 0 0 0  
107.442 2.80027 0.0260357 -2.73486 0 2 0 0 -2.65243  -2.85788 0 1.6223 0 0 -2.84056  -0.0584311 0 0.0334741 0 0 -0.0587986  0.181453 0 0.344221 0 0 0.246923  0 0 0 0 0 0  
108.385 2.82399 0.0251672 -2.79569 0 2 0 0 -2.72045  -2.9288 0 1.65739 0 0 -2.89506  -0.0526363 0 0.0299353 0 0 -0.0530303  0.185741 0 0.312676 0 0 0.227641  0 0 0 0 0 0  
109.327 2.84702 0.0243353 -2.88697 0 2 0 0 -2.72042  -2.99462 0 1.67591 0 0 -2.85438  -0.0444281 0 0.0355257 0 0 -0.05262  0.152081 0 0.288566 0 0 0.186583  0 0 0 0 0 0  
110.27 2.86943 0.0233948 -2.97582 0 2 0 0 -2.77735  -3.08406 0 1.69675 0 0 -2.91115  -0.0367966 0 0.0349686 0 0 -0.0418386  0.145038 0 0.268283 0 0 0.17564  0 0 0 0 0 0  
111.212 2.89106 0.0223682 -2.97923 0 2 0 0 -2.78951  -3.08892 0 1.7186 0 0 -2.9249  -0.0251609 0 0.0317269 0 0 -0.0336805  0.134855 0 0.24967 0 0 0.169077  0 0 0 0 0 0  
112.155 2.91187 0.0222643 -2.91357 0 2 0 0 -2.6902  -3.01153 0 1.71449 0 0 -2.82856  -0.0234982 0 0.0332007 0 0 -0.0259836  0.12146 0 0.25231 0 0 0.164344  0 0 0 0 0 0  
113.097 2.93317 0.023135 -2.81966 0 2 0 0 -2.74196  -2.92878 0 1.70045 0 0 -2.87445  -0.0318006 0 0.0345119 0 0 -0.0263711  0.140918 0 0.265036 0 0 0.158854  0 0 0 0 0 0  
114.04 2.95517 0.0237204 -2.82513 0 2 0 0 -2.82773  -2.93585 0 1.68832 0 0 -2.95764  -0.026721 0 0.0352527 0 0 -0.0269542  0.137446 0 0.276428 0 0 0.156857  0 0 0 0 0 0  
114.982 2.97752 0.0237132 -2.87575 0 2 0 0 -2.77344  -2.98854 0 1.68173 0 0 -2.93214  -0.0351514 0 0.034256 0 0 -0.0310159  0.147948 0 0.284014 0 0 0.189717  0 0 0 0 0 0  
115.925 2.99899 0.0218629 -2.92893 0 2 0 0 -2.72775  -3.04105 0 1.70385 0 0 -2.88449  -0.0329633 0 0.0334159 0 0 -0.0302796  0.145092 0 0.262729 0 0 0.18702  0 0 0 0 0 0  
116.867 3.01943 0.0212739 -2.94835 0 2 0 0 -2.70272  -3.05848 0 1.7244 0 0 -2.84776  -0.025285 0 0.0347398 0 0 -0.0238575  0.135408 0 0.240859 0 0 0.168891  0 0 0 0 0 0  
117.81 3.03897 0.0206377 -2.9086 0 2 0 0 -2.82046  -3.00696 0 1.72473 0 0 -2.96139  -0.0297206 0 0.0335755 0 0 -0.0246116  0.128084 0 0.24169 0 0 0.165538  0 0 0 0 0 0  
118.752 3.05877 0.0213425 -2.87316 0 2 0 0 -2.96342  -2.97218 0 1.71437 0 0 -3.11112  -0.0332314 0 0.0362869 0 0 -0.0271099  0.132256 0 0.249342 0 0 0.174808  0 0 0 0 0 0  
119.695 3.07897 0.0216986 -2.88108 0 2 0 0 -3.08878  -2.9718 0 1.71039 0 0 -3.23564  -0.0427111 0 0.0353013 0 0 -0.0259097  0.13343 0 0.254305 0 0 0.172765  0 0 0 0 0 0  
120.637 3.09938 0.021704 -2.89888 0 2 0 0 -3.1628  -2.98368 0 1.70639 0 0 -3.30118  -0.0417089 0 0.03941 0 0 -0.0236188  0.12651 0 0.254196 0 0 0.16199  0 0 0 0 0 0  
121.58 3.11917 0.0203816 -2.9239 0 2 0 0 -3.19639  -3.01552 0 1.72463 0 0 -3.32927  -0.0380866 0 0.0380236 0 0 -0.0265657  0.129702 0 0.237343 0 0 0.159445  0 0 0 0 0 0  
122.522 3.13842 0.0204085 -2.985 0 2 0 0 -3.2075  -3.08196 0 1.73623 0 0 -3.34937  -0.0339238 0 0.0324274 0 0 -0.0216175  0.130882 0 0.231348 0 0 0.163487  0 0 0 0 0 0  
123.465 3.15711 0.0195449 -3.05489 0 2 0 0 -3.22981  -3.14778 0 1.75073 0 0 -3.35768  -0.0249772 0 0.0330794 0 0 -0.0179256  0.117869 0 0.216191 0 0 0.145797  0 0 0 0 0 0  
124.407 3.17538 0.0192496 -3.07218 0 2 0 0 -3.24909  -3.16195 0 1.76544 0 0 -3.37511  -0.0225843 0 0.0320541 0 0 -0.0146325  0.112356 0 0.20251 0 0 0.140654  0 0 0 0 0 0  
125.35 3.19399 0.0200799 -3.12679 0 2 0 0 -3.23643  -3.21298 0 1.75926 0 0 -3.35435  -0.0260955 0 0.0337723 0 0 -0.0194072  0.112284 0 0.206971 0 0 0.137335  0 0 0 0 0 0  
126.292 3.21323 0.0208484 -3.09522 0 2 0 0 -3.1944  -3.18772 0 1.74919 0 0 -3.31726  -0.0270801 0 0.0299425 0 0 -0.0263176  0.119574 0 0.22087 0 0 0.149182  0 0 0 0 0 0  
127.235 3.23315 0.0214429 -3.01925 0 2 0 0 -3.13817  -3.12006 0 1.7448 0 0 -3.26701  -0.0263387 0 0.0286298 0 0 -0.0319148  0.127154 0 0.226574 0 0 0.160762  0 0 0 0 0 0  
128.177 3.25401 0.0228726 -2.96022 0 2 0 0 -3.02949  -3.08283 0 1.71322 0 0 -3.18037  -0.0200027 0 0.0299736 0 0 -0.0270986  0.142612 0 0.256804 0 0 0.177977  0 0 0 0 0 0  
129.119 3.27557 0.0232244 -2.95871 0 2 0 0 -3.01291  -3.07936 0 1.70811 0 0 -3.16162  -0.0258629 0 0.0354487 0 0 -0.0292029  0.146511 0 0.256439 0 0 0.177914  0 0 0 0 0 0  
130.062 3.2981 0.0248981 -2.89222 0 2 0 0 -2.94094  -3.02185 0 1.68789 0 0 -3.09287  -0.0300012 0 0.034147 0 0 -0.0303761  0.159634 0 0.277961 0 0 0.182307  0 0 0 0 0 0  
131.004 3.3221 0.0263699 -2.70434 0 2 0 0 -2.8155  -2.85951 0 1.64828 0 0 -2.99359  -0.0402439 0 0.0312308 0 0 -0.0374356  0.195405 0 0.320493 0 0 0.215525  0 0 0 0 0 0  
131.947 3.34825 0.0286131 -2.4715 0 2 0 0 -2.71714  -2.63172 0 1.59685 0 0 -2.90583  -0.0553028 0 0.0382512 0 0 -0.051642  0.21553 0 0.364899 0 0 0.240324  0 0 0 0 0 0  
132.889 3.37598 0.0296119 -2.44695 0 2 0 0 -2.65447  -2.6126 0 1.589 0 0 -2.85026  -0.0677056 0 0.0364146 0 0 -0.055269  0.233353 0 0.374582 0 0 0.251059  0 0 0 0 0 0  
133.832 3.40393 0.029323 -2.53021 0 2 0 0 -2.69387  -2.66684 0 1.58944 0 0 -2.85943  -0.0707302 0 0.0405143 0 0 -0.0600177  0.207357 0 0.370047 0 0 0.225575  0 0 0 0 0 0  
134.774 3.43052 0.026932 -2.69208 0 2 0 0 -2.65551  -2.81789 0 1.61729 0 0 -2.82488  -0.0718126 0 0.037926 0 0 -0.0491128  0.197625 0 0.344788 0 0 0.218479  0 0 0 0 0 0  
135.717 3.45454 0.0245972 -2.82424 0 2 0 0 -2.73832  -2.93021 0 1.65505 0 0 -2.88265  -0.0654975 0 0.0382815 0 0 -0.0426996  0.171473 0 0.306664 0 0 0.187027  0 0 0 0 0 0  
136.659 3.47684 0.0228969 -2.91605 0 2 0 0 -2.84945  -3.02475 0 1.69135 0 0 -2.98765  -0.0538449 0 0.0335129 0 0 -0.0401577  0.162543 0 0.275138 0 0 0.178356  0 0 0 0 0 0  
137.602 3.49836 0.0226727 -2.96983 0 2 0 0 -3.02609  -3.08332 0 1.70102 0 0 -3.16471  -0.0458605 0 0.0305005 0 0 -0.0433828  0.159356 0 0.26848 0 0 0.181999  0 0 0 0 0 0  
138.544 3.51968 0.0225871 -2.96246 0 2 0 0 -3.17093  -3.06797 0 1.71349 0 0 -3.29479  -0.041535 0 0.0344962 0 0 -0.0396604  0.147053 0 0.252018 0 0 0.163516  0 0 0 0 0 0  
139.487 3.54143 0.0229774 -2.9837 0 2 0 0 -3.25023  -3.08343 0 1.72005 0 0 -3.39019  -0.03478 0 0.0326765 0 0 -0.0373232  0.13451 0 0.247273 0 0 0.177281  0 0 0 0 0 0  
140.429 3.56262 0.0221314 -3.0107 0 2 0 0 -3.32689  -3.11808 0 1.72141 0 0 -3.48098  -0.0369727 0 0.0304341 0 0 -0.0355583  0.144358 0 0.248157 0 0 0.189649  0 0 0 0 0 0  
141.372 3.58301 0.0212414 -3.0277 0 2 0 0 -3.39325  -3.11114 0 1.73375 0 0 -3.52822  -0.0331201 0 0.0332345 0 0 -0.030121  0.116564 0 0.233012 0 0 0.165097  0 0 0 0 0 0  
142.314 3.6031 0.021248 -3.04474 0 2 0 0 -3.35739  -3.12758 0 1.74556 0 0 -3.49847  -0.0316843 0 0.0297263 0 0 -0.0248251  0.114523 0 0.22471 0 0 0.165907  0 0 0 0 0 0  
143.257 3.62235 0.0198015 -2.98667 0 2 0 0 -3.29654  -3.06259 0 1.75531 0 0 -3.43134  -0.0292798 0 0.0291356 0 0 -0.0293727  0.105204 0 0.21555 0 0 0.164167  0 0 0 0 0 0  
144.199 3.64119 0.0199432 -2.97578 0 2 0 0 -3.22257  -3.05217 0 1.74648 0 0 -3.3576  -0.0305553 0 0.0321384 0 0 -0.0266194  0.106946 0 0.221377 0 0 0.161658  0 0 0 0 0 0  
145.142 3.66022 0.0201568 -2.98998 0 2 0 0 -3.23313  -3.06456 0 1.74877 0 0 -3.354  -0.0251684 0 0.0322167 0 0 -0.0226408  0.0997411 0 0.219012 0 0 0.143508  0 0 0 0 0 0  
146.084 3.67907 0.0199453 -3.07633 0 2 0 0 -3.30946  -3.12878 0 1.74918 0 0 -3.41634  -0.0277784 0 0.0339008 0 0 -0.0231746  0.0802297 0 0.216921 0 0 0.13005  0 0 0 0 0 0  
147.027 3.69783 0.0197319 -3.16183 0 2 0 0 -3.3262  -3.21174 0 1.75515 0 0 -3.4313  -0.0301977 0 0.0327994 0 0 -0.0180849  0.0801055 0 0.212046 0 0 0.123186  0 0 0 0 0 0  
147.969 3.71643 0.0195355 -3.20626 0 2 0 0 -3.30121  -3.27576 0 1.75155 0 0 -3.41265  -0.0374742 0 0.0321621 0 0 -0.020945  0.106968 0 0.21629 0 0 0.132384  0 0 0 0 0 0  
148.911 3.73488 0.0191399 -3.30059 0 2 0 0 -3.23728  -3.37193 0 1.74653 0 0 -3.35031  -0.0319065 0 0.0353602 0 0 -0.0210792  0.103243 0 0.218115 0 0 0.134109  0 0 0 0 0 0  
149.854 3.75359 0.0206091 -3.31231 0 2 0 0 -3.16199  -3.39373 0 1.7259 0 0 -3.29032  -0.026619 0 0.0383846 0 0 -0.0225744  0.108036 0 0.235712 0 0 0.150906  0 0 0 0 0 0  
150.796 3.77359 0.0219461 -3.27386 0 2 0 0 -3.13453  -3.37064 0 1.71174 0 0 -3.27642  -0.0320369 0 0.0390344 0 0 -0.0200534  0.128813 0 0.249226 0 0 0.16194  0 0 0 0 0 0  
151.739 3.7947 0.0227951 -3.26807 0 2 0 0 -3.09655  -3.36497 0 1.70135 0 0 -3.24249  -0.0341459 0 0.0408927 0 0 -0.0240979  0.131048 0 0.257758 0 0 0.170039  0 0 0 0 0 0  
152.681 3.81571 0.0215859 -3.13106 0 2 0 0 -3.05286  -3.23644 0 1.69808 0 0 -3.18966  -0.038757 0 0.036466 0 0 -0.0346514  0.144141 0 0.265452 0 0 0.171451  0 0 0 0 0 0  
153.624 3.83604 0.021416 -3.1056 0 2 0 0 -3.10418  -3.22409 0 1.68573 0 0 -3.26798  -0.0397274 0 0.0353459 0 0 -0.0421644  0.15822 0 0.278922 0 0 0.205966  0 0 0 0 0 0  
154.566 3.85627 0.0219819 -3.096 0 2 0 0 -3.09044  -3.20863 0 1.69561 0 0 -3.24427  -0.0392093 0 0.0375226 0 0 -0.0464884  0.151841 0 0.266868 0 0 0.20032  0 0 0 0 0 0  
155.509 3.87743 0.0225433 -3.08424 0 2 0 0 -3.02845  -3.21223 0 1.68769 0 0 -3.19179  -0.0444824 0 0.0334417 0 0 -0.0465731  0.172476 0 0.278872 0 0 0.209918  0 0 0 0 0 0  
156.451 3.89851 0.0218181 -3.13945 0 2 0 0 -2.99928  -3.27256 0 1.68759 0 0 -3.15668  -0.037505 0 0.0294663 0 0 -0.0388033  0.170616 0 0.282942 0 0 0.196204  0 0 0 0 0 0  
157.394 3.91869 0.0213752 -3.18109 0 2 0 0 -3.07251  -3.32025 0 1.69039 0 0 -3.23069  -0.0355211 0 0.0244781 0 0 -0.0374631  0.174681 0 0.285136 0 0 0.195641  0 0 0 0 0 0  
158.336 3.93896 0.0219938 -3.24106 0 2 0 0 -3.25693  -3.36133 0 1.6993 0 0 -3.39189  -0.0360899 0 0.029406 0 0 -0.0302374  0.156361 0 0.27129 0 0 0.165195  0 0 0 0 0 0  
159.279 3.95998 0.0228422 -3.21737 0 2 0 0 -3.27346  -3.32979 0 1.70026 0 0 -3.40348  -0.0394649 0 0.0312883 0 0 -0.0339655  0.151882 0 0.268452 0 0 0.163983  0 0 0 0 0 0  
160.221 3.98195 0.02373 -3.13638 0 2 0 0 -3.23678  -3.25066 0 1.68444 0 0 -3.3717  -0.0548103 0 0.030043 0 0 -0.0413668  0.169087 0 0.285518 0 0 0.176289  0 0 0 0 0 0  
161.164 4.00446 0.0243665 -3.05027 0 2 0 0 -3.10039  -3.18805 0 1.65077 0 0 -3.26285  -0.0619148 0 0.0309984 0 0 -0.0512023  0.199691 0 0.318234 0 0 0.213656  0 0 0 0 0 0  
162.106 4.02722 0.0236908 -3.08775 0 2 0 0 -3.03591  -3.22862 0 1.66621 0 0 -3.20327  -0.0485441 0 0.0321985 0 0 -0.0377919  0.189411 0 0.301588 0 0 0.205155  0 0 0 0 0 0  
163.049 4.0492 0.0229411 -3.11747 0 2 0 0 -3.03428  -3.23357 0 1.68317 0 0 -3.17156  -0.0312012 0 0.0348334 0 0 -0.0356002  0.147306 0 0.281994 0 0 0.172882  0 0 0 0 0 0  
163.991 4.0713 0.0234431 -3.02996 0 2 0 0 -2.91989  -3.15555 0 1.68389 0 0 -3.07173  -0.0328036 0 0.0327205 0 0 -0.0411788  0.158389 0 0.283394 0 0 0.193016  0 0 0 0 0 0  
164.934 4.09443 0.0255087 -2.87928 0 2 0 0 -2.7452  -3.03216 0 1.65511 0 0 -2.9429  -0.0481755 0 0.0302822 0 0 -0.0474637  0.201057 0 0.314612 0 0 0.245165  0 0 0 0 0 0  
165.876 4.11913 0.0268146 -2.72683 0 2 0 0 -2.55567  -2.88246 0 1.62851 0 0 -2.76096  -0.0536186 0 0.0326665 0 0 -0.0599555  0.209255 0 0.338822 0 0 0.265246  0 0 0 0 0 0  
166.819 4.14384 0.0262085 -2.65539 0 2 0 0 -2.47284  -2.80792 0 1.62986 0 0 -2.6672  -0.0545366 0 0.0362213 0 0 -0.059817  0.207058 0 0.333916 0 0 0.254174  0 0 0 0 0 0  
167.761 4.16792 0.0250545 -2.57315 0 2 0 0 -2.51602  -2.71272 0 1.6477 0 0 -2.70371  -0.0492821 0 0.0344343 0 0 -0.0583427  0.188848 0 0.317866 0 0 0.246032  0 0 0 0 0 0  
168.704 4.19103 0.0241368 -2.5444 0 2 0 0 -2.55421  -2.67855 0 1.65914 0 0 -2.74595  -0.0576271 0 0.0337259 0 0 -0.0619355  0.191773 0 0.307133 0 0 0.253675  0 0 0 0 0 0  
169.646 4.21313 0.0229923 -2.46673 0 2 0 0 -2.65096  -2.61903 0 1.65049 0 0 -2.85861  -0.0536295 0 0.0308174 0 0 -0.0639328  0.205933 0 0.318693 0 0 0.271585  0 0 0 0 0 0  
170.588 4.23442 0.0222877 -2.52586 0 2 0 0 -2.80016  -2.66355 0 1.67996 0 0 -2.97441  -0.0521103 0 0.0320889 0 0 -0.0535791  0.189801 0 0.287951 0 0 0.227826  0 0 0 0 0 0  
171.531 4.25599 0.023426 -2.61099 0 2 0 0 -2.96237  -2.73764 0 1.67935 0 0 -3.1148  -0.0514673 0 0.0316718 0 0 -0.0509731  0.17812 0 0.288981 0 0 0.203398  0 0 0 0 0 0  
172.473 4.27833 0.023928 -2.62009 0 2 0 0 -3.03342  -2.7509 0 1.67483 0 0 -3.19592  -0.0503111 0 0.0326547 0 0 -0.0501831  0.181124 0 0.292516 0 0 0.212682  0 0 0 0 0 0  
173.416 4.30168 0.024923 -2.62381 0 2 0 0 -3.10938  -2.75122 0 1.67553 0 0 -3.26461  -0.0426472 0 0.0344719 0 0 -0.0360384  0.170049 0 0.290003 0 0 0.191272  0 0 0 0 0 0  
174.358 4.32505 0.0243069 -2.6822 0 2 0 0 -3.17449  -2.80864 0 1.67901 0 0 -3.31713  -0.0439521 0 0.0369509 0 0 -0.0407768  0.170386 0 0.284041 0 0 0.183414  0 0 0 0 0 0  
175.301 4.34774 0.0236454 -2.75956 0 2 0 0 -3.23729  -2.87722 0 1.7008 0 0 -3.37176  -0.0381441 0 0.0325048 0 0 -0.0319758  0.15581 0 0.266699 0 0 0.166448  0 0 0 0 0 0  
176.243 4.36908 0.0216862 -2.79477 0 2 0 0 -3.30794  -2.88832 0 1.73169 0 0 -3.42631  -0.0335297 0 0.0318979 0 0 -0.0293112  0.127078 0 0.236408 0 0 0.147675  0 0 0 0 0 0  
177.186 4.38885 0.0204563 -2.84195 0 2 0 0 -3.30474  -2.93436 0 1.73609 0 0 -3.43494  -0.0304515 0 0.029079 0 0 -0.0301967  0.122864 0 0.234833 0 0 0.160403  0 0 0 0 0 0  
178.128 4.40763 0.0195515 -2.9405 0 2 0 0 -3.3489  -3.039 0 1.74796 0 0 -3.46608  -0.0284358 0 0.0293284 0 0 -0.0367069  0.126939 0 0.222714 0 0 0.153886  0 0 0 0 0 0  
179.071 4.42617 0.0200245 -3.0236 0 2 0 0 -3.32463  -3.1173 0 1.75186 0 0 -3.44234  -0.0188158 0 0.0297879 0 0 -0.0280555  0.112515 0 0.218348 0 0 0.145772  0 0 0 0 0 0  
180.013 4.44476 0.0198238 -3.10841 0 2 0 0 -3.31062  -3.19459 0 1.74452 0 0 -3.42353  -0.0193225 0 0.0303315 0 0 -0.0261316  0.105504 0 0.225147 0 0 0.13904  0 0 0 0 0 0  
180.956 4.46369 0.0203124 -3.13431 0 2 0 0 -3.38939  -3.21363 0 1.72898 0 0 -3.52004  -0.0227533 0 0.0283383 0 0 -0.0256889  0.102075 0 0.242679 0 0 0.156349  0 0 0 0 0 0  
181.898 4.48338 0.0210532 -3.15554 0 2 0 0 -3.46154  -3.23344 0 1.72859 0 0 -3.58529  -0.0257492 0 0.0328494 0 0 -0.0258683  0.103658 0 0.238561 0 0 0.149623  0 0 0 0 0 0  
182.841 4.50382 0.0218164 -3.16404 0 2 0 0 -3.47858  -3.24271 0 1.71899 0 0 -3.61009  -0.0232159 0 0.0341616 0 0 -0.023714  0.101892 0 0.246848 0 0 0.155222  0 0 0 0 0 0  
183.783 4.52527 0.0233882 -3.11644 0 2 0 0 -3.46634  -3.19282 0 1.70533 0 0 -3.57511  -0.026811 0 0.0415152 0 0 -0.0274708  0.1032 0 0.25315 0 0 0.136244  0 0 0 0 0 0  
184.726 4.54832 0.0252418 -3.14154 0 2 0 0 -3.43862  -3.23277 0 1.68409 0 0 -3.57268  -0.0343857 0 0.0405605 0 0 -0.0347964  0.125612 0 0.275351 0 0 0.168854  0 0 0 0 0 0  
185.668 4.57262 0.0260292 -3.21387 0 2 0 0 -3.38648  -3.30366 0 1.67036 0 0 -3.53385  -0.0420992 0 0.0434746 0 0 -0.0368117  0.131882 0 0.286165 0 0 0.184177  0 0 0 0 0 0  
186.611 4.59683 0.0252822 -3.24182 0 2 0 0 -3.33247  -3.32938 0 1.67897 0 0 -3.47142  -0.0394559 0 0.0436903 0 0 -0.0340548  0.12702 0 0.277335 0 0 0.173006  0 0 0 0 0 0  
187.553 4.62038 0.0250765 -3.22114 0 2 0 0 -3.33336  -3.31575 0 1.67586 0 0 -3.46667  -0.0328104 0 0.0454498 0 0 -0.0340541  0.127417 0 0.27869 0 0 0.167359  0 0 0 0 0 0  
188.496 4.64349 0.0239945 -3.21362 0 2 0 0 -3.27578  -3.30992 0 1.69541 0 0 -3.40028  -0.0293718 0 0.0379279 0 0 -0.0326279  0.125665 0 0.26666 0 0 0.157126  0 0 0 0 0 0  
189.438 4.6655 0.0226614 -3.1866 0 2 0 0 -3.17055  -3.28231 0 1.70714 0 0 -3.28956  -0.0322553 0 0.0349531 0 0 -0.0317425  0.127967 0 0.257912 0 0 0.150761  0 0 0 0 0 0  
190.381 4.68743 0.0234006 -3.15146 0 2 0 0 -3.06007  -3.26319 0 1.67881 0 0 -3.20526  -0.0479809 0 0.0321502 0 0 -0.0488251  0.159712 0 0.289044 0 0 0.194012  0 0 0 0 0 0  
191.323 4.71033 0.0251305 -3.05132 0 2 0 0 -2.80295  -3.17501 0 1.6723 0 0 -2.97916  -0.0471422 0 0.0311687 0 0 -0.0446138  0.170836 0 0.296527 0 0 0.22082  0 0 0 0 0 0  
192.265 4.73482 0.0266113 -2.99121 0 2 0 0 -2.69693  -3.1408 0 1.62464 0 0 -2.92561  -0.0558831 0 0.0272715 0 0 -0.0626419  0.205474 0 0.348089 0 0 0.291324  0 0 0 0 0 0  
193.208 4.75993 0.0270321 -2.89501 0 2 0 0 -2.67619  -3.05296 0 1.60514 0 0 -2.92244  -0.0476189 0 0.029242 0 0 -0.0609326  0.205561 0 0.365616 0 0 0.307182  0 0 0 0 0 0  
194.15 4.78618 0.0289345 -2.78523 0 2 0 0 -2.68109  -2.95059 0 1.58599 0 0 -2.90525  -0.053019 0 0.0355313 0 0 -0.0609188  0.218376 0 0.378475 0 0 0.285084  0 0 0 0 0 0  
195.093 4.81426 0.0303744 -2.77608 0 2 0 0 -2.59198  -2.93628 0 1.55518 0 0 -2.81998  -0.0593841 0 0.0420022 0 0 -0.0623647  0.21959 0 0.402823 0 0 0.290367  0 0 0 0 0 0  
196.035 4.84303 0.0306746 -2.71004 0 2 0 0 -2.57485  -2.88366 0 1.55684 0 0 -2.78453  -0.0541026 0 0.0458783 0 0 -0.0614694  0.227731 0 0.397287 0 0 0.27115  0 0 0 0 0 0  
196.978 4.87141 0.0300794 -2.77794 0 2 0 0 -2.63817  -2.94728 0 1.57991 0 0 -2.85097  -0.0515387 0 0.0350499 0 0 -0.0627542  0.22088 0 0.385037 0 0 0.275552  0 0 0 0 0 0  
197.92 4.89928 0.0288585 -2.81097 0 2 0 0 -2.62616  -2.95281 0 1.59653 0 0 -2.84078  -0.0516775 0 0.0350409 0 0 -0.0571286  0.193512 0 0.368427 0 0 0.27175  0 0 0 0 0 0  
198.863 4.92576 0.0270538 -2.78856 0 2 0 0 -2.60906  -2.91101 0 1.61385 0 0 -2.81698  -0.0536355 0 0.0346867 0 0 -0.0586694  0.176087 0 0.351468 0 0 0.266584  0 0 0 0 0 0  
199.805 4.95093 0.0259371 -2.85864 0 2 0 0 -2.7053  -2.97522 0 1.63009 0 0 -2.89326  -0.0598026 0 0.0340825 0 0 -0.0583116  0.176379 0 0.335827 0 0 0.246274  0 0 0 0 0 0  
200.748 4.97597 0.0273969 -2.89443 0 2 0 0 -2.7642  -3.00545 0 1.62834 0 0 -2.94357  -0.0631192 0 0.0350385 0 0 -0.0564721  0.174137 0 0.336625 0 0 0.235844  0 0 0 0 0 0  
201.69 5.0028 0.0295335 -2.93599 0 2 0 0 -2.81543  -3.05385 0 1.60415 0 0 -2.99613  -0.0759076 0 0.0397871 0 0 -0.0541604  0.193768 0 0.356061 0 0 0.234865  0 0 0 0 0 0  
