# LF_DEM version v3.0-126-gb72fb1a
# np 1000
# VF 0.76
# Lx 73.993
# Ly 0
# Lz 73.993
# flow_type shear
# data in cl units.
#1: time
#2: cumulated strain
#3: shear rate
#4-9: total stress tensor (xx, xy, xz, yz, yy, zz)
#10-15: contact stress tensor (xx, xy, xz, yz, yy, zz)
#16-21: dashpot stress tensor (xx, xy, xz, yz, yy, zz)
#22-27: hydro stress tensor (xx, xy, xz, yz, yy, zz)
#28-33: repulsion stress tensor (xx, xy, xz, yz, yy, zz)

0.188496 0.000419105 0.00222342 -0.121665 0 0.1 0 0 -0.11414  -0.131661 0 0.0695693 0 0 -0.13409  -0.00446892 0 0.00207546 0 0 -0.00448493  0.0144649 0 0.0283552 0 0 0.0244353  0 0 0 0 0 0  
18.8496 0.0426394 0.00227747 -0.124314 0 0.1 0 0 -0.115979  -0.133607 0 0.0684433 0 0 -0.135209  -0.00470749 0 0.00223812 0 0 -0.00549541  0.0140012 0 0.0293186 0 0 0.0247255  0 0 0 0 0 0  
37.6991 0.0858786 0.00230388 -0.130277 0 0.1 0 0 -0.118556  -0.139782 0 0.0700403 0 0 -0.137136  -0.0042173 0 0.00248358 0 0 -0.00556585  0.0137228 0 0.0274761 0 0 0.0241465  0 0 0 0 0 0  
56.5487 0.129265 0.00231266 -0.137525 0 0.1 0 0 -0.118178  -0.14591 0 0.0698789 0 0 -0.13721  -0.00404704 0 0.00268037 0 0 -0.00555604  0.012432 0 0.0274408 0 0 0.0245875  0 0 0 0 0 0  
75.3982 0.172923 0.00237309 -0.134607 0 0.1 0 0 -0.110518  -0.143936 0 0.0691247 0 0 -0.130622  -0.00363351 0 0.0026483 0 0 -0.00477441  0.0129628 0 0.028227 0 0 0.0248781  0 0 0 0 0 0  
94.2478 0.21916 0.00251601 -0.122945 0 0.1 0 0 -0.10014  -0.133167 0 0.0659263 0 0 -0.121923  -0.00465049 0 0.00266622 0 0 -0.00581909  0.0148722 0 0.0314075 0 0 0.0276019  0 0 0 0 0 0  
113.097 0.266228 0.00244675 -0.11189 0 0.1 0 0 -0.096712  -0.122523 0 0.0630531 0 0 -0.120356  -0.00641451 0 0.00215533 0 0 -0.00750575  0.0170476 0 0.0347916 0 0 0.0311497  0 0 0 0 0 0  
131.947 0.311358 0.00235636 -0.111052 0 0.1 0 0 -0.0990713  -0.123043 0 0.065318 0 0 -0.120664  -0.00643478 0 0.00197996 0 0 -0.00696645  0.0184262 0 0.0327021 0 0 0.0285589  0 0 0 0 0 0  
150.796 0.354082 0.00223955 -0.117533 0 0.1 0 0 -0.105007  -0.12826 0 0.0666863 0 0 -0.125253  -0.00560046 0 0.0021317 0 0 -0.00621572  0.0163274 0 0.031182 0 0 0.0264617  0 0 0 0 0 0  
169.646 0.395935 0.0021925 -0.122787 0 0.1 0 0 -0.114618  -0.132897 0 0.0678864 0 0 -0.132139  -0.00559071 0 0.00215683 0 0 -0.00620243  0.0157003 0 0.0299568 0 0 0.0237233  0 0 0 0 0 0  
188.496 0.436404 0.00208973 -0.129554 0 0.1 0 0 -0.126213  -0.138415 0 0.0706535 0 0 -0.141353  -0.00439893 0 0.00273831 0 0 -0.00460242  0.0132605 0 0.0266082 0 0 0.0197424  0 0 0 0 0 0  
207.345 0.475303 0.00204878 -0.141067 0 0.1 0 0 -0.135213  -0.147063 0 0.0721267 0 0 -0.147864  -0.00352374 0 0.00311502 0 0 -0.00417211  0.00951925 0 0.0247583 0 0 0.0168238  0 0 0 0 0 0  
226.195 0.514436 0.00211832 -0.140465 0 0.1 0 0 -0.130864  -0.148682 0 0.0725251 0 0 -0.146099  -0.00303161 0 0.00285154 0 0 -0.00390673  0.0112492 0 0.0246234 0 0 0.0191416  0 0 0 0 0 0  
245.044 0.554448 0.00213327 -0.134808 0 0.1 0 0 -0.13279  -0.143588 0 0.0717006 0 0 -0.145928  -0.00316583 0 0.00300569 0 0 -0.0051054  0.0119461 0 0.0252937 0 0 0.0182432  0 0 0 0 0 0  
263.894 0.595917 0.00227524 -0.127221 0 0.1 0 0 -0.129411  -0.138561 0 0.0700533 0 0 -0.144904  -0.00352966 0 0.00283084 0 0 -0.00514458  0.0148701 0 0.0271158 0 0 0.0206377  0 0 0 0 0 0  
282.743 0.639907 0.00239331 -0.122429 0 0.1 0 0 -0.122476  -0.135094 0 0.0675848 0 0 -0.140591  -0.00488324 0 0.00253337 0 0 -0.00618545  0.0175481 0 0.0298818 0 0 0.0243009  0 0 0 0 0 0  
301.593 0.685773 0.00245371 -0.116051 0 0.1 0 0 -0.112807  -0.128269 0 0.0653173 0 0 -0.132024  -0.00536871 0 0.00280509 0 0 -0.00693909  0.0175865 0 0.0318777 0 0 0.0261561  0 0 0 0 0 0  
320.442 0.732821 0.00253401 -0.107644 0 0.1 0 0 -0.104929  -0.121412 0 0.0637676 0 0 -0.12493  -0.00646251 0 0.00253666 0 0 -0.00670474  0.0202307 0 0.0336957 0 0 0.0267049  0 0 0 0 0 0  
339.292 0.780508 0.00252206 -0.102149 0 0.1 0 0 -0.102991  -0.11505 0 0.0619511 0 0 -0.122706  -0.00655582 0 0.00251855 0 0 -0.00745835  0.0194564 0 0.0355303 0 0 0.0271731  0 0 0 0 0 0  
358.142 0.827787 0.00252347 -0.104818 0 0.1 0 0 -0.109739  -0.116487 0 0.0635783 0 0 -0.126843  -0.0058454 0 0.00319853 0 0 -0.00635381  0.0175145 0 0.0332232 0 0 0.0234573  0 0 0 0 0 0  
376.991 0.874422 0.00245338 -0.110206 0 0.1 0 0 -0.113694  -0.11896 0 0.066243 0 0 -0.12945  -0.00515292 0 0.003514 0 0 -0.00612344  0.0139064 0 0.030243 0 0 0.0218791  0 0 0 0 0 0  
395.841 0.920132 0.00240213 -0.114017 0 0.1 0 0 -0.108907  -0.122106 0 0.0662034 0 0 -0.126457  -0.0056591 0 0.00306376 0 0 -0.00665074  0.0137481 0 0.0307329 0 0 0.0242006  0 0 0 0 0 0  
414.69 0.965669 0.00242332 -0.116087 0 0.1 0 0 -0.102451  -0.125272 0 0.0657303 0 0 -0.124468  -0.0062755 0 0.00227665 0 0 -0.00795254  0.0154598 0 0.0319931 0 0 0.0299704  0 0 0 0 0 0  
433.54 1.01089 0.00234728 -0.119725 0 0.1 0 0 -0.108879  -0.128437 0 0.0661692 0 0 -0.12797  -0.00680994 0 0.00256651 0 0 -0.00725409  0.0155227 0 0.0312643 0 0 0.0263451  0 0 0 0 0 0  
452.389 1.05368 0.0021953 -0.127464 0 0.1 0 0 -0.121373  -0.134744 0 0.069057 0 0 -0.136493  -0.00680609 0 0.00274703 0 0 -0.00601964  0.0140861 0 0.0281959 0 0 0.0211396  0 0 0 0 0 0  
471.239 1.09498 0.00217835 -0.135101 0 0.1 0 0 -0.131634  -0.141679 0 0.0724783 0 0 -0.144393  -0.00512276 0 0.00260923 0 0 -0.00452998  0.0117004 0 0.0249125 0 0 0.0172881  0 0 0 0 0 0  
490.088 1.13606 0.002186 -0.138342 0 0.1 0 0 -0.132809  -0.145662 0 0.0720539 0 0 -0.146258  -0.00548346 0 0.00239841 0 0 -0.00465166  0.0128031 0 0.0255477 0 0 0.0181004  0 0 0 0 0 0  
508.938 1.17757 0.00221629 -0.138379 0 0.1 0 0 -0.13008  -0.147495 0 0.0712688 0 0 -0.143467  -0.00508849 0 0.00240575 0 0 -0.00385412  0.0142043 0 0.0263255 0 0 0.0172416  0 0 0 0 0 0  
527.788 1.21929 0.00220427 -0.139602 0 0.1 0 0 -0.131253  -0.147771 0 0.0710785 0 0 -0.143582  -0.00474006 0 0.00263511 0 0 -0.0040003  0.0129096 0 0.0262864 0 0 0.0163288  0 0 0 0 0 0  
546.637 1.26081 0.00220484 -0.14394 0 0.1 0 0 -0.133771  -0.152242 0 0.0714936 0 0 -0.145711  -0.00436321 0 0.0030168 0 0 -0.00355963  0.0126653 0 0.0254896 0 0 0.0155004  0 0 0 0 0 0  
565.487 1.30203 0.00217392 -0.146008 0 0.1 0 0 -0.135951  -0.15313 0 0.0726171 0 0 -0.147039  -0.004063 0 0.00299974 0 0 -0.00367021  0.0111852 0 0.0243832 0 0 0.0147586  0 0 0 0 0 0  
584.336 1.34272 0.00217728 -0.141454 0 0.1 0 0 -0.13842  -0.147939 0 0.073386 0 0 -0.147792  -0.004274 0 0.00321589 0 0 -0.00361329  0.01076 0 0.0233981 0 0 0.0129851  0 0 0 0 0 0  
603.186 1.38434 0.00224132 -0.133517 0 0.1 0 0 -0.135172  -0.141646 0 0.0710782 0 0 -0.146926  -0.00504312 0 0.0028002 0 0 -0.00431441  0.013172 0 0.0261216 0 0 0.0160679  0 0 0 0 0 0  
622.035 1.42739 0.00230482 -0.125797 0 0.1 0 0 -0.126428  -0.134029 0 0.0691321 0 0 -0.14046  -0.00484113 0 0.00311524 0 0 -0.00515049  0.013073 0 0.0277526 0 0 0.0191821  0 0 0 0 0 0  
640.885 1.4711 0.00232709 -0.12003 0 0.1 0 0 -0.115336  -0.130241 0 0.0684096 0 0 -0.132879  -0.00443574 0 0.00220924 0 0 -0.00634222  0.0146461 0 0.0293811 0 0 0.0238855  0 0 0 0 0 0  
659.734 1.51414 0.00226211 -0.123122 0 0.1 0 0 -0.11133  -0.134163 0 0.068021 0 0 -0.127803  -0.00544773 0 0.00261737 0 0 -0.00654418  0.0164885 0 0.0293616 0 0 0.0230172  0 0 0 0 0 0  
678.584 1.55697 0.00223755 -0.122184 0 0.1 0 0 -0.110481  -0.134095 0 0.0680567 0 0 -0.126876  -0.0058992 0 0.00267453 0 0 -0.00681396  0.0178107 0 0.0292687 0 0 0.0232096  0 0 0 0 0 0  
697.434 1.59902 0.00224017 -0.121245 0 0.1 0 0 -0.108188  -0.133046 0 0.0675032 0 0 -0.127195  -0.00526392 0 0.00257187 0 0 -0.00622702  0.0170641 0 0.029925 0 0 0.0252338  0 0 0 0 0 0  
716.283 1.64089 0.00220107 -0.124314 0 0.1 0 0 -0.11359  -0.13585 0 0.0691822 0 0 -0.132445  -0.00521702 0 0.00263157 0 0 -0.0059618  0.0167534 0 0.0281862 0 0 0.0248171  0 0 0 0 0 0  
735.133 1.68283 0.00226735 -0.125772 0 0.1 0 0 -0.113139  -0.13749 0 0.0691902 0 0 -0.132007  -0.00507402 0 0.0026479 0 0 -0.00560372  0.0167915 0 0.0281619 0 0 0.0244717  0 0 0 0 0 0  
753.982 1.72619 0.00230146 -0.128518 0 0.1 0 0 -0.114171  -0.139581 0 0.0689772 0 0 -0.131948  -0.00572298 0 0.00262594 0 0 -0.00483758  0.0167851 0 0.0283968 0 0 0.0226137  0 0 0 0 0 0  
772.832 1.76974 0.00231205 -0.128606 0 0.1 0 0 -0.112054  -0.140779 0 0.0677045 0 0 -0.131161  -0.00677833 0 0.00213567 0 0 -0.00572637  0.0189512 0 0.0301598 0 0 0.0248325  0 0 0 0 0 0  
791.681 1.81345 0.00232462 -0.127816 0 0.1 0 0 -0.108256  -0.140901 0 0.0674312 0 0 -0.130161  -0.00696157 0 0.00215206 0 0 -0.00544462  0.0200468 0 0.0304168 0 0 0.0273497  0 0 0 0 0 0  
810.531 1.85821 0.00240851 -0.125658 0 0.1 0 0 -0.108961  -0.137442 0 0.0666945 0 0 -0.129673  -0.006182 0 0.00258387 0 0 -0.00615847  0.0179664 0 0.0307217 0 0 0.0268702  0 0 0 0 0 0  
829.38 1.90389 0.00240533 -0.118731 0 0.1 0 0 -0.0990292  -0.130852 0 0.0664237 0 0 -0.118453  -0.00634314 0 0.00259434 0 0 -0.00615682  0.0184642 0 0.030982 0 0 0.0255806  0 0 0 0 0 0  
848.23 1.94857 0.00231253 -0.115733 0 0.1 0 0 -0.089661  -0.12933 0 0.0650383 0 0 -0.113144  -0.00735465 0 0.00148365 0 0 -0.00875094  0.0209514 0 0.0334781 0 0 0.0322344  0 0 0 0 0 0  
867.08 1.99204 0.00229884 -0.120453 0 0.1 0 0 -0.0988756  -0.134344 0 0.0657657 0 0 -0.119728  -0.00779814 0 0.00154966 0 0 -0.0081663  0.0216891 0 0.0326846 0 0 0.0290184  0 0 0 0 0 0  
885.929 2.03686 0.00244444 -0.124518 0 0.1 0 0 -0.107401  -0.137338 0 0.0662392 0 0 -0.12592  -0.0076999 0 0.00184008 0 0 -0.00747278  0.0205198 0 0.0319207 0 0 0.0259912  0 0 0 0 0 0  
904.779 2.08366 0.00249248 -0.123898 0 0.1 0 0 -0.106507  -0.136768 0 0.0651329 0 0 -0.122489  -0.00679228 0 0.00239489 0 0 -0.00761273  0.0196628 0 0.0324722 0 0 0.0235942  0 0 0 0 0 0  
923.628 2.13007 0.00248952 -0.120668 0 0.1 0 0 -0.0990496  -0.134318 0 0.0656219 0 0 -0.118081  -0.00556122 0 0.00189064 0 0 -0.00760583  0.0192108 0 0.0324875 0 0 0.0266368  0 0 0 0 0 0  
942.478 2.17638 0.00244095 -0.121835 0 0.1 0 0 -0.0964941  -0.134401 0 0.0658928 0 0 -0.114983  -0.00693386 0 0.00190065 0 0 -0.00742972  0.0195003 0 0.0322065 0 0 0.0259182  0 0 0 0 0 0  
961.327 2.22184 0.00236958 -0.123997 0 0.1 0 0 -0.0935516  -0.136915 0 0.0671207 0 0 -0.111738  -0.00701146 0 0.00194513 0 0 -0.0068346  0.0199295 0 0.0309342 0 0 0.0250213  0 0 0 0 0 0  
980.177 2.26691 0.00242777 -0.123378 0 0.1 0 0 -0.0952268  -0.137336 0 0.067017 0 0 -0.112057  -0.00688746 0 0.00191007 0 0 -0.00668229  0.0208448 0 0.0310729 0 0 0.0235125  0 0 0 0 0 0  
999.026 2.31358 0.0024923 -0.120901 0 0.1 0 0 -0.0973168  -0.133279 0 0.0657821 0 0 -0.112066  -0.00687538 0 0.00232141 0 0 -0.00613757  0.0192534 0 0.0318965 0 0 0.0208868  0 0 0 0 0 0  
1017.88 2.36063 0.00249067 -0.120408 0 0.1 0 0 -0.102862  -0.129551 0 0.0660558 0 0 -0.116712  -0.00644105 0 0.00265372 0 0 -0.00787138  0.0155845 0 0.0312904 0 0 0.0217215  0 0 0 0 0 0  
1036.73 2.40693 0.00239384 -0.122198 0 0.1 0 0 -0.107138  -0.130381 0 0.0690527 0 0 -0.121817  -0.00650535 0 0.00276386 0 0 -0.0068859  0.0146881 0 0.0281835 0 0 0.0215648  0 0 0 0 0 0  
1055.58 2.45163 0.00235092 -0.126425 0 0.1 0 0 -0.11435  -0.134889 0 0.0697081 0 0 -0.12918  -0.00711086 0 0.00226233 0 0 -0.00667125  0.0155756 0 0.0280295 0 0 0.0215017  0 0 0 0 0 0  
1074.42 2.49486 0.00231586 -0.136001 0 0.1 0 0 -0.121941  -0.143417 0 0.0707773 0 0 -0.134434  -0.00552417 0 0.00244374 0 0 -0.00568632  0.01294 0 0.026779 0 0 0.0181795  0 0 0 0 0 0  
1093.27 2.53754 0.00220866 -0.143172 0 0.1 0 0 -0.128528  -0.149746 0 0.0714584 0 0 -0.139571  -0.00554923 0 0.00261417 0 0 -0.00565885  0.0121238 0 0.0259275 0 0 0.0167014  0 0 0 0 0 0  
1112.12 2.5798 0.00228837 -0.140053 0 0.1 0 0 -0.1256  -0.147144 0 0.0721269 0 0 -0.138539  -0.00494495 0 0.00266212 0 0 -0.00429427  0.0120353 0 0.0252109 0 0 0.0172337  0 0 0 0 0 0  
1130.97 2.6236 0.00236658 -0.130986 0 0.1 0 0 -0.115969  -0.138508 0 0.0700264 0 0 -0.130742  -0.00554715 0 0.0025483 0 0 -0.00471959  0.0130694 0 0.0274253 0 0 0.0194932  0 0 0 0 0 0  
1149.82 2.66846 0.00237279 -0.127876 0 0.1 0 0 -0.108026  -0.136432 0 0.067964 0 0 -0.125625  -0.0059559 0 0.00272985 0 0 -0.00548219  0.0145125 0 0.0293061 0 0 0.0230809  0 0 0 0 0 0  
1168.67 2.71361 0.00240893 -0.129567 0 0.1 0 0 -0.101132  -0.138844 0 0.0669681 0 0 -0.1195  -0.00632993 0 0.00250684 0 0 -0.00592553  0.015607 0 0.030525 0 0 0.024293  0 0 0 0 0 0  
1187.52 2.75972 0.00243476 -0.138419 0 0.1 0 0 -0.0991249  -0.146332 0 0.0672424 0 0 -0.116715  -0.0064915 0 0.00282581 0 0 -0.00584831  0.0144042 0 0.0299318 0 0 0.023438  0 0 0 0 0 0  
1206.37 2.80418 0.0022642 -0.144678 0 0.1 0 0 -0.101617  -0.15239 0 0.0693929 0 0 -0.118537  -0.00549896 0 0.00281038 0 0 -0.00471928  0.0132108 0 0.0277967 0 0 0.0216391  0 0 0 0 0 0  
1225.22 2.84642 0.00224498 -0.145859 0 0.1 0 0 -0.103675  -0.154292 0 0.0705199 0 0 -0.119032  -0.00409104 0 0.00261648 0 0 -0.00440613  0.0125235 0 0.0268636 0 0 0.0197631  0 0 0 0 0 0  
1244.07 2.88797 0.00215501 -0.143838 0 0.1 0 0 -0.102351  -0.151878 0 0.0704856 0 0 -0.118206  -0.00434647 0 0.00278882 0 0 -0.00572279  0.0123863 0 0.0267256 0 0 0.0215786  0 0 0 0 0 0  
1262.92 2.92763 0.00200958 -0.146653 0 0.1 0 0 -0.11042  -0.15316 0 0.0717025 0 0 -0.12417  -0.00426155 0 0.0030963 0 0 -0.00522877  0.0107682 0 0.0252012 0 0 0.0189786  0 0 0 0 0 0  
1281.77 2.9643 0.00189729 -0.156485 0 0.1 0 0 -0.126186  -0.163373 0 0.0747951 0 0 -0.139459  -0.00318516 0 0.00289009 0 0 -0.00330112  0.0100733 0 0.0223148 0 0 0.016574  0 0 0 0 0 0  
1300.62 3.0007 0.0019652 -0.164121 0 0.1 0 0 -0.130279  -0.171113 0 0.0746941 0 0 -0.142957  -0.00283542 0 0.00265154 0 0 -0.00288205  0.00982766 0 0.0226544 0 0 0.0155603  0 0 0 0 0 0  
1319.47 3.03811 0.00200395 -0.161739 0 0.1 0 0 -0.126337  -0.169658 0 0.0735631 0 0 -0.139201  -0.00308236 0 0.00252489 0 0 -0.00369339  0.0110023 0 0.023912 0 0 0.0165568  0 0 0 0 0 0  
1338.32 3.07616 0.00202883 -0.151295 0 0.1 0 0 -0.119326  -0.160587 0 0.0729176 0 0 -0.133326  -0.00308851 0 0.00271726 0 0 -0.00340955  0.0123799 0 0.0243651 0 0 0.0174097  0 0 0 0 0 0  
1357.17 3.11413 0.0020073 -0.141661 0 0.1 0 0 -0.115753  -0.154466 0 0.0718223 0 0 -0.131411  -0.00386964 0 0.00250132 0 0 -0.00394821  0.0166747 0 0.0256764 0 0 0.0196061  0 0 0 0 0 0  
1376.02 3.15312 0.00214339 -0.134526 0 0.1 0 0 -0.116788  -0.148517 0 0.0703736 0 0 -0.131975  -0.00404748 0 0.00243287 0 0 -0.00468518  0.0180384 0 0.0271935 0 0 0.0198717  0 0 0 0 0 0  
1394.87 3.19536 0.00230953 -0.133414 0 0.1 0 0 -0.116839  -0.146373 0 0.0694092 0 0 -0.131625  -0.00422852 0 0.00264859 0 0 -0.00533023  0.0171872 0 0.0279422 0 0 0.0201161  0 0 0 0 0 0  
1413.72 3.23986 0.00241477 -0.130607 0 0.1 0 0 -0.113223  -0.143471 0 0.0681519 0 0 -0.126799  -0.00478548 0 0.0028166 0 0 -0.00518913  0.0176497 0 0.0290315 0 0 0.0187651  0 0 0 0 0 0  
1432.57 3.28529 0.0023842 -0.129477 0 0.1 0 0 -0.11213  -0.141335 0 0.0676786 0 0 -0.124661  -0.00544629 0 0.00312551 0 0 -0.00631046  0.0173043 0 0.0291959 0 0 0.0188413  0 0 0 0 0 0  
1451.42 3.33018 0.00235627 -0.130017 0 0.1 0 0 -0.109844  -0.14198 0 0.0695848 0 0 -0.124051  -0.00506785 0 0.00281141 0 0 -0.00595542  0.0170311 0 0.0276038 0 0 0.0201627  0 0 0 0 0 0  
1470.27 3.37402 0.00231915 -0.129258 0 0.1 0 0 -0.111983  -0.140311 0 0.0693253 0 0 -0.12696  -0.00548241 0 0.00256201 0 0 -0.00616972  0.016536 0 0.0281127 0 0 0.0211467  0 0 0 0 0 0  
1489.11 3.41794 0.00235006 -0.128959 0 0.1 0 0 -0.111777  -0.140502 0 0.0686851 0 0 -0.127466  -0.00618328 0 0.00227682 0 0 -0.00692808  0.017726 0 0.0290381 0 0 0.0226166  0 0 0 0 0 0  
1507.96 3.46169 0.00229468 -0.130036 0 0.1 0 0 -0.116499  -0.140599 0 0.0690651 0 0 -0.130964  -0.0054874 0 0.00301299 0 0 -0.0058063  0.0160506 0 0.0279219 0 0 0.0202717  0 0 0 0 0 0  
1526.81 3.50437 0.00224131 -0.123131 0 0.1 0 0 -0.119709  -0.135527 0 0.0691138 0 0 -0.135329  -0.00499625 0 0.00269709 0 0 -0.00559136  0.0173923 0 0.0281891 0 0 0.0212118  0 0 0 0 0 0  
1545.66 3.54726 0.00230856 -0.119474 0 0.1 0 0 -0.11936  -0.134147 0 0.0679076 0 0 -0.13709  -0.00575272 0 0.00225864 0 0 -0.00545851  0.0204253 0 0.0298338 0 0 0.0231888  0 0 0 0 0 0  
1564.51 3.59193 0.0024273 -0.119612 0 0.1 0 0 -0.117346  -0.134914 0 0.0672315 0 0 -0.134681  -0.00563848 0 0.00239744 0 0 -0.00512956  0.0209404 0 0.0303711 0 0 0.0224647  0 0 0 0 0 0  
1583.36 3.63819 0.00242641 -0.122873 0 0.1 0 0 -0.11733  -0.137574 0 0.0670776 0 0 -0.133885  -0.00516702 0 0.00253806 0 0 -0.00524745  0.0198681 0 0.0303843 0 0 0.0218026  0 0 0 0 0 0  
1602.21 3.68351 0.00238047 -0.122269 0 0.1 0 0 -0.118061  -0.134993 0 0.0676724 0 0 -0.134474  -0.00490907 0 0.00281634 0 0 -0.00490574  0.0176328 0 0.0295112 0 0 0.0213194  0 0 0 0 0 0  
1621.06 3.72886 0.0024248 -0.123928 0 0.1 0 0 -0.121177  -0.134342 0 0.0665124 0 0 -0.137894  -0.00602631 0 0.00318545 0 0 -0.00614956  0.0164402 0 0.0303022 0 0 0.0228663  0 0 0 0 0 0  
1639.91 3.77489 0.00244395 -0.122405 0 0.1 0 0 -0.123336  -0.132736 0 0.0668685 0 0 -0.141503  -0.00607164 0 0.00334779 0 0 -0.00597291  0.0164028 0 0.0297837 0 0 0.0241398  0 0 0 0 0 0  
1658.76 3.82093 0.0024307 -0.120497 0 0.1 0 0 -0.119305  -0.132452 0 0.0662978 0 0 -0.137079  -0.00591271 0 0.00298921 0 0 -0.00629815  0.0178671 0 0.030713 0 0 0.0240717  0 0 0 0 0 0  
1677.61 3.86632 0.00240169 -0.122399 0 0.1 0 0 -0.116206  -0.134182 0 0.0662359 0 0 -0.13497  -0.00463598 0 0.00266008 0 0 -0.00601555  0.0164192 0 0.031104 0 0 0.0247798  0 0 0 0 0 0  
1696.46 3.91147 0.00239159 -0.125104 0 0.1 0 0 -0.113921  -0.136041 0 0.0665347 0 0 -0.131157  -0.00495897 0 0.00303855 0 0 -0.00616573  0.0158957 0 0.0304267 0 0 0.0234017  0 0 0 0 0 0  
1715.31 3.95676 0.00237444 -0.121937 0 0.1 0 0 -0.107359  -0.133194 0 0.0654709 0 0 -0.127052  -0.00626041 0 0.00285509 0 0 -0.0070525  0.0175173 0 0.031674 0 0 0.0267455  0 0 0 0 0 0  
1734.16 4.00098 0.00228739 -0.123658 0 0.1 0 0 -0.110324  -0.133788 0 0.0683118 0 0 -0.127401  -0.00535297 0 0.00271415 0 0 -0.00643572  0.0154837 0 0.0289741 0 0 0.0235127  0 0 0 0 0 0  
1753.01 4.04302 0.00219581 -0.124879 0 0.1 0 0 -0.120444  -0.135261 0 0.0698756 0 0 -0.135905  -0.00505849 0 0.00240683 0 0 -0.00550639  0.01544 0 0.0277175 0 0 0.0209678  0 0 0 0 0 0  
1771.86 4.08427 0.00219718 -0.122968 0 0.1 0 0 -0.131099  -0.132569 0 0.0706795 0 0 -0.145359  -0.00442877 0 0.00282423 0 0 -0.00462079  0.01403 0 0.0264963 0 0 0.0188809  0 0 0 0 0 0  
1790.71 4.12662 0.00229879 -0.121345 0 0.1 0 0 -0.133268  -0.129963 0 0.0706853 0 0 -0.146866  -0.00470777 0 0.00280181 0 0 -0.00390898  0.0133256 0 0.0265129 0 0 0.0175069  0 0 0 0 0 0  
1809.56 4.17024 0.00232608 -0.118942 0 0.1 0 0 -0.129414  -0.126739 0 0.0692568 0 0 -0.141392  -0.00491403 0 0.00345158 0 0 -0.00421318  0.0127107 0 0.0272916 0 0 0.0161911  0 0 0 0 0 0  
1828.41 4.21384 0.00230365 -0.114974 0 0.1 0 0 -0.127425  -0.123019 0 0.0700163 0 0 -0.140149  -0.0045934 0 0.00367383 0 0 -0.0042143  0.0126384 0 0.0263099 0 0 0.016938  0 0 0 0 0 0  
1847.26 4.25767 0.00231871 -0.11425 0 0.1 0 0 -0.129361  -0.12231 0 0.0694151 0 0 -0.143148  -0.00371551 0 0.0035978 0 0 -0.00493402  0.0117756 0 0.0269871 0 0 0.0187215  0 0 0 0 0 0  
1866.11 4.30056 0.00224768 -0.108951 0 0.1 0 0 -0.129305  -0.120084 0 0.0682911 0 0 -0.145551  -0.00519572 0 0.00252709 0 0 -0.00595365  0.0163283 0 0.0291818 0 0 0.0221998  0 0 0 0 0 0  
1884.96 4.34323 0.00227737 -0.105472 0 0.1 0 0 -0.123055  -0.118128 0 0.0678462 0 0 -0.14113  -0.00491009 0 0.00200913 0 0 -0.0062795  0.0175659 0 0.0301447 0 0 0.0243546  0 0 0 0 0 0  
1903.81 4.38617 0.00229721 -0.10562 0 0.1 0 0 -0.124982  -0.117581 0 0.0674255 0 0 -0.14116  -0.0055562 0 0.00216635 0 0 -0.00651107  0.0175169 0 0.0304081 0 0 0.0226889  0 0 0 0 0 0  
1922.65 4.43022 0.00237092 -0.102331 0 0.1 0 0 -0.123826  -0.115184 0 0.0668444 0 0 -0.140276  -0.00568312 0 0.00222745 0 0 -0.00656992  0.0185361 0 0.0309282 0 0 0.0230199  0 0 0 0 0 0  
1941.5 4.47478 0.00235214 -0.109252 0 0.1 0 0 -0.128716  -0.120389 0 0.067162 0 0 -0.143014  -0.00617916 0 0.00264485 0 0 -0.0063411  0.017316 0 0.0301932 0 0 0.0206399  0 0 0 0 0 0  
1960.35 4.51857 0.00226895 -0.119782 0 0.1 0 0 -0.132222  -0.128579 0 0.0680439 0 0 -0.14501  -0.00591561 0 0.00296444 0 0 -0.00627331  0.014713 0 0.0289916 0 0 0.0190617  0 0 0 0 0 0  
1979.2 4.55971 0.00214614 -0.126338 0 0.1 0 0 -0.128922  -0.135302 0 0.0706383 0 0 -0.141187  -0.00490069 0 0.00304941 0 0 -0.0044419  0.0138638 0 0.0263123 0 0 0.0167065  0 0 0 0 0 0  
1998.05 4.59948 0.00208003 -0.131152 0 0.1 0 0 -0.12348  -0.140539 0 0.0714294 0 0 -0.137775  -0.0042648 0 0.00278485 0 0 -0.00422775  0.0136515 0 0.0257858 0 0 0.0185226  0 0 0 0 0 0  
2016.9 4.639 0.00214629 -0.135593 0 0.1 0 0 -0.125152  -0.144798 0 0.0723022 0 0 -0.138974  -0.0037639 0 0.00259467 0 0 -0.00404367  0.0129686 0 0.0251032 0 0 0.0178663  0 0 0 0 0 0  
2035.75 4.68047 0.00223547 -0.13766 0 0.1 0 0 -0.124632  -0.144831 0 0.0709834 0 0 -0.137197  -0.00439714 0 0.00298054 0 0 -0.00409634  0.0115683 0 0.026036 0 0 0.0166612  0 0 0 0 0 0  
2054.6 4.72246 0.00218952 -0.135289 0 0.1 0 0 -0.127022  -0.143961 0 0.0704245 0 0 -0.13919  -0.00510738 0 0.00270254 0 0 -0.00536263  0.0137793 0 0.026873 0 0 0.0175304  0 0 0 0 0 0  
2073.45 4.76427 0.00225063 -0.130918 0 0.1 0 0 -0.12963  -0.140181 0 0.0703745 0 0 -0.143953  -0.00492091 0 0.00260078 0 0 -0.00480056  0.0141837 0 0.0270248 0 0 0.0191237  0 0 0 0 0 0  
2092.3 4.80723 0.00229935 -0.119379 0 0.1 0 0 -0.129737  -0.129587 0 0.0693989 0 0 -0.144333  -0.00490613 0 0.00260918 0 0 -0.00515578  0.0151144 0 0.0279919 0 0 0.0197515  0 0 0 0 0 0  
2111.15 4.85006 0.00225817 -0.10744 0 0.1 0 0 -0.126732  -0.11881 0 0.0684119 0 0 -0.141669  -0.00538735 0 0.00244055 0 0 -0.00539387  0.0167571 0 0.0291476 0 0 0.0203306  0 0 0 0 0 0  
2130 4.8928 0.00230781 -0.100126 0 0.1 0 0 -0.12104  -0.115582 0 0.0656899 0 0 -0.139204  -0.00683446 0 0.00159184 0 0 -0.00678798  0.0222897 0 0.0327182 0 0 0.0249516  0 0 0 0 0 0  
2148.85 4.93664 0.00229653 -0.101703 0 0.1 0 0 -0.116469  -0.116305 0 0.065673 0 0 -0.135744  -0.00637503 0 0.00201134 0 0 -0.00636639  0.0209774 0 0.0323156 0 0 0.0256408  0 0 0 0 0 0  
2167.7 4.97954 0.00226508 -0.106932 0 0.1 0 0 -0.113531  -0.119698 0 0.0670218 0 0 -0.135259  -0.00577748 0 0.00181517 0 0 -0.00544474  0.0185433 0 0.031163 0 0 0.0271728  0 0 0 0 0 0  
2186.55 5.0221 0.00223862 -0.115687 0 0.1 0 0 -0.11652  -0.12581 0 0.0676046 0 0 -0.136843  -0.0061323 0 0.00236503 0 0 -0.00594197  0.0162548 0 0.0300304 0 0 0.026265  0 0 0 0 0 0  
