# LF_DEM version v3.0-126-gb72fb1a
# np 1000
# VF 0.76
# Lx 73.993
# Ly 0
# Lz 73.993
# flow_type shear
# data in cl units.
#1: time
#2: cumulated strain
#3: shear rate
#4-9: total stress tensor (xx, xy, xz, yz, yy, zz)
#10-15: contact stress tensor (xx, xy, xz, yz, yy, zz)
#16-21: dashpot stress tensor (xx, xy, xz, yz, yy, zz)
#22-27: hydro stress tensor (xx, xy, xz, yz, yy, zz)
#28-33: repulsion stress tensor (xx, xy, xz, yz, yy, zz)

0.00628319 0.000419105 0.0667026 -3.64995 0 3 0 0 -3.42421  -3.94983 0 2.08708 0 0 -4.02271  -0.134068 0 0.0622639 0 0 -0.134548  0.433947 0 0.850656 0 0 0.733058  0 0 0 0 0 0  
0.628319 0.0286291 0.040776 -3.79052 0 3 0 0 -3.36664  -3.96687 0 2.41157 0 0 -3.72953  -0.108912 0 0.0232442 0 0 -0.10657  0.285257 0 0.565186 0 0 0.469456  0 0 0 0 0 0  
1.25664 0.0536032 0.0378626 -4.16345 0 3 0 0 -3.76991  -4.30003 0 2.46063 0 0 -4.06307  -0.0826958 0 0.0262174 0 0 -0.0978231  0.219274 0 0.513154 0 0 0.390983  0 0 0 0 0 0  
1.88496 0.0765622 0.0353076 -4.4426 0 3 0 0 -3.98307  -4.57459 0 2.51743 0 0 -4.22928  -0.0755312 0 0.0331257 0 0 -0.0775032  0.207523 0 0.449448 0 0 0.323716  0 0 0 0 0 0  
2.51327 0.098498 0.0343133 -4.69705 0 3 0 0 -4.0558  -4.81184 0 2.54414 0 0 -4.28998  -0.0658085 0 0.0354376 0 0 -0.0728395  0.180605 0 0.420422 0 0 0.307012  0 0 0 0 0 0  
3.14159 0.120015 0.0345084 -4.83231 0 3 0 0 -4.14638  -4.94128 0 2.5594 0 0 -4.36592  -0.0563453 0 0.0416286 0 0 -0.065673  0.16532 0 0.398972 0 0 0.28521  0 0 0 0 0 0  
3.76991 0.141781 0.0340401 -5.06062 0 3 0 0 -4.13412  -5.15057 0 2.56711 0 0 -4.34327  -0.0487175 0 0.0404601 0 0 -0.0526229  0.138671 0 0.392429 0 0 0.261774  0 0 0 0 0 0  
4.39823 0.162856 0.0333031 -5.2298 0 3 0 0 -4.15599  -5.31296 0 2.57922 0 0 -4.34419  -0.0418918 0 0.0449052 0 0 -0.0459696  0.125055 0 0.375877 0 0 0.234167  0 0 0 0 0 0  
5.02655 0.183566 0.0323082 -5.28226 0 3 0 0 -4.14154  -5.35447 0 2.59824 0 0 -4.31462  -0.0410534 0 0.0473303 0 0 -0.0552025  0.113263 0 0.354434 0 0 0.228281  0 0 0 0 0 0  
5.65487 0.203567 0.0306752 -5.27856 0 3 0 0 -4.11844  -5.33723 0 2.61502 0 0 -4.28283  -0.0370209 0 0.0449249 0 0 -0.057248  0.0956924 0 0.340059 0 0 0.221635  0 0 0 0 0 0  
6.28319 0.222557 0.0296247 -5.06815 0 3 0 0 -4.13998  -5.14177 0 2.62395 0 0 -4.31997  -0.0393588 0 0.0432633 0 0 -0.0500676  0.112982 0 0.332788 0 0 0.23006  0 0 0 0 0 0  
6.9115 0.241195 0.0299528 -4.91209 0 3 0 0 -4.23017  -4.99593 0 2.61866 0 0 -4.40977  -0.0399187 0 0.0464688 0 0 -0.0375335  0.123753 0 0.334874 0 0 0.217134  0 0 0 0 0 0  
7.53982 0.260115 0.0296599 -4.80478 0 3 0 0 -4.35947  -4.89324 0 2.62194 0 0 -4.53754  -0.0399972 0 0.0467145 0 0 -0.0380629  0.128458 0 0.331346 0 0 0.216139  0 0 0 0 0 0  
8.16814 0.279051 0.0303438 -4.72523 0 3 0 0 -4.45999  -4.83122 0 2.61563 0 0 -4.65593  -0.0409222 0 0.0464353 0 0 -0.0343733  0.146912 0 0.337938 0 0 0.230315  0 0 0 0 0 0  
8.79646 0.298203 0.0299852 -4.68228 0 3 0 0 -4.42418  -4.79571 0 2.59425 0 0 -4.63143  -0.048955 0 0.0436526 0 0 -0.0525435  0.162383 0 0.362094 0 0 0.259795  0 0 0 0 0 0  
9.42478 0.316628 0.0287469 -4.67519 0 3 0 0 -4.37869  -4.78639 0 2.59309 0 0 -4.59079  -0.0565925 0 0.0406761 0 0 -0.0462569  0.167789 0 0.366235 0 0 0.258353  0 0 0 0 0 0  
10.0531 0.334315 0.027913 -4.71235 0 3 0 0 -4.42713  -4.80501 0 2.59929 0 0 -4.61106  -0.0581396 0 0.0420367 0 0 -0.0418575  0.150796 0 0.358678 0 0 0.225792  0 0 0 0 0 0  
10.6814 0.351944 0.0277277 -4.77936 0 3 0 0 -4.40612  -4.85847 0 2.60608 0 0 -4.57119  -0.0583034 0 0.0381731 0 0 -0.0512781  0.137411 0 0.355744 0 0 0.216347  0 0 0 0 0 0  
11.3097 0.369261 0.0269622 -4.89278 0 3 0 0 -4.36674  -4.95953 0 2.63267 0 0 -4.50648  -0.0492194 0 0.0380168 0 0 -0.0424573  0.11597 0 0.329312 0 0 0.182199  0 0 0 0 0 0  
11.9381 0.38593 0.0261788 -5.00347 0 3 0 0 -4.32788  -5.07584 0 2.6593 0 0 -4.46683  -0.0431397 0 0.0357785 0 0 -0.0413321  0.115513 0 0.304924 0 0 0.180283  0 0 0 0 0 0  
12.5664 0.40187 0.0247138 -4.98669 0 3 0 0 -4.35249  -5.05882 0 2.67381 0 0 -4.4793  -0.0404964 0 0.0331414 0 0 -0.0449908  0.11263 0 0.29305 0 0 0.171809  0 0 0 0 0 0  
13.1947 0.416888 0.0238795 -4.88254 0 3 0 0 -4.49698  -4.95182 0 2.69269 0 0 -4.62238  -0.0372413 0 0.0344286 0 0 -0.0329004  0.106513 0 0.27288 0 0 0.158299  0 0 0 0 0 0  
13.823 0.431702 0.023663 -4.77451 0 3 0 0 -4.57825  -4.85301 0 2.69257 0 0 -4.72012  -0.0273415 0 0.0362794 0 0 -0.0265577  0.105849 0 0.271149 0 0 0.168425  0 0 0 0 0 0  
14.4513 0.446233 0.0231194 -4.76352 0 3 0 0 -4.59466  -4.8365 0 2.69541 0 0 -4.73204  -0.0283803 0 0.0360851 0 0 -0.034542  0.101359 0 0.268503 0 0 0.171929  0 0 0 0 0 0  
15.0796 0.461196 0.0241168 -4.76637 0 3 0 0 -4.63791  -4.85853 0 2.68179 0 0 -4.7885  -0.0293998 0 0.0351602 0 0 -0.0285866  0.121558 0 0.283046 0 0 0.179171  0 0 0 0 0 0  
15.708 0.476924 0.0256366 -4.69031 0 3 0 0 -4.75929  -4.79991 0 2.65971 0 0 -4.91172  -0.0335605 0 0.0383827 0 0 -0.0348386  0.143164 0 0.301912 0 0 0.187273  0 0 0 0 0 0  
16.3363 0.493145 0.0263709 -4.70155 0 3 0 0 -4.83811  -4.79611 0 2.65424 0 0 -4.97268  -0.0427553 0 0.0442317 0 0 -0.0347692  0.137315 0 0.301528 0 0 0.169347  0 0 0 0 0 0  
16.9646 0.50951 0.0260127 -4.72411 0 3 0 0 -4.95551  -4.82424 0 2.65822 0 0 -5.0851  -0.0452924 0 0.0457503 0 0 -0.0362108  0.145429 0 0.296031 0 0 0.165792  0 0 0 0 0 0  
17.5929 0.525515 0.0247867 -4.73729 0 3 0 0 -5.0228  -4.82927 0 2.67721 0 0 -5.13599  -0.0387994 0 0.0429318 0 0 -0.0327924  0.130777 0 0.279855 0 0 0.145984  0 0 0 0 0 0  
18.2212 0.540764 0.0240427 -4.73643 0 3 0 0 -5.09413  -4.81803 0 2.69458 0 0 -5.19111  -0.0319271 0 0.0412573 0 0 -0.0274134  0.113523 0 0.264164 0 0 0.124393  0 0 0 0 0 0  
18.8496 0.556039 0.024516 -4.70868 0 3 0 0 -5.12234  -4.79369 0 2.69517 0 0 -5.22441  -0.0303653 0 0.0417995 0 0 -0.0305527  0.115378 0 0.263027 0 0 0.132624  0 0 0 0 0 0  
19.4779 0.571705 0.0252657 -4.51761 0 3 0 0 -5.04911  -4.60711 0 2.6973 0 0 -5.16049  -0.0302986 0 0.0390769 0 0 -0.0281446  0.119806 0 0.263619 0 0 0.139526  0 0 0 0 0 0  
20.1062 0.587885 0.0264034 -4.45731 0 3 0 0 -4.92532  -4.54991 0 2.66853 0 0 -5.03983  -0.0351347 0 0.0419451 0 0 -0.0343587  0.127734 0 0.28953 0 0 0.14887  0 0 0 0 0 0  
20.7345 0.604423 0.0265938 -4.29295 0 3 0 0 -4.84429  -4.3898 0 2.64549 0 0 -4.95411  -0.0460893 0 0.0415416 0 0 -0.0343402  0.142937 0 0.312964 0 0 0.144154  0 0 0 0 0 0  
21.3628 0.62135 0.0273624 -4.23342 0 3 0 0 -4.90121  -4.331 0 2.64983 0 0 -5.02315  -0.0475129 0 0.0413054 0 0 -0.0437803  0.145092 0 0.308861 0 0 0.165718  0 0 0 0 0 0  
21.9911 0.638232 0.0265487 -4.21026 0 3 0 0 -4.88799  -4.29955 0 2.66536 0 0 -5.00961  -0.0461368 0 0.0445457 0 0 -0.0384286  0.135431 0 0.290091 0 0 0.16005  0 0 0 0 0 0  
22.6195 0.654889 0.0258107 -4.21393 0 3 0 0 -4.97986  -4.31207 0 2.66927 0 0 -5.08818  -0.0407423 0 0.0421871 0 0 -0.0406363  0.138876 0 0.288543 0 0 0.148954  0 0 0 0 0 0  
23.2478 0.670731 0.0245869 -4.39327 0 3 0 0 -5.00666  -4.47368 0 2.68808 0 0 -5.11196  -0.0471218 0 0.040122 0 0 -0.0386466  0.127529 0 0.271794 0 0 0.143941  0 0 0 0 0 0  
23.8761 0.685775 0.0240331 -4.56144 0 3 0 0 -5.0672  -4.64223 0 2.70213 0 0 -5.18295  -0.0457351 0 0.037563 0 0 -0.0351992  0.126527 0 0.260307 0 0 0.150952  0 0 0 0 0 0  
24.5044 0.700443 0.023204 -4.74309 0 3 0 0 -5.16519  -4.81505 0 2.7107 0 0 -5.26623  -0.0389325 0 0.0367514 0 0 -0.0333232  0.110899 0 0.252546 0 0 0.134364  0 0 0 0 0 0  
25.1327 0.714973 0.0233137 -4.89744 0 3 0 0 -5.30454  -4.97306 0 2.71596 0 0 -5.39369  -0.0323422 0 0.0386205 0 0 -0.0270128  0.107967 0 0.245422 0 0 0.116156  0 0 0 0 0 0  
25.7611 0.72952 0.0235725 -4.97632 0 3 0 0 -5.40236  -5.05124 0 2.7172 0 0 -5.4877  -0.0308985 0 0.0381225 0 0 -0.0238672  0.10582 0 0.244681 0 0 0.109206  0 0 0 0 0 0  
26.3894 0.744544 0.0240689 -5.00946 0 3 0 0 -5.47239  -5.07986 0 2.70865 0 0 -5.56612  -0.0322403 0 0.0399193 0 0 -0.0262289  0.102645 0 0.251434 0 0 0.119952  0 0 0 0 0 0  
27.0177 0.759488 0.0237177 -4.99075 0 3 0 0 -5.51382  -5.0715 0 2.71301 0 0 -5.60444  -0.0338938 0 0.0364877 0 0 -0.0257485  0.114638 0 0.250501 0 0 0.116372  0 0 0 0 0 0  
27.646 0.774056 0.0227968 -4.89244 0 3 0 0 -5.45817  -4.96799 0 2.72467 0 0 -5.54435  -0.0296395 0 0.0347161 0 0 -0.0214396  0.105192 0 0.240611 0 0 0.107625  0 0 0 0 0 0  
28.2743 0.788602 0.0230774 -4.77129 0 3 0 0 -5.27777  -4.86114 0 2.70716 0 0 -5.38397  -0.0346959 0 0.0372288 0 0 -0.033408  0.124547 0 0.255608 0 0 0.139608  0 0 0 0 0 0  
28.9027 0.802811 0.0223201 -4.71828 0 3 0 0 -5.17625  -4.80945 0 2.71483 0 0 -5.28149  -0.0251387 0 0.0381419 0 0 -0.0244835  0.116307 0 0.247029 0 0 0.129719  0 0 0 0 0 0  
29.531 0.817043 0.022941 -4.86287 0 3 0 0 -5.18204  -4.95482 0 2.71942 0 0 -5.28502  -0.0172898 0 0.0370428 0 0 -0.0159927  0.109239 0 0.243537 0 0 0.118973  0 0 0 0 0 0  
30.1593 0.831404 0.0231036 -4.99465 0 3 0 0 -5.13554  -5.09031 0 2.72011 0 0 -5.2481  -0.0174174 0 0.0344379 0 0 -0.019566  0.113075 0 0.245452 0 0 0.132123  0 0 0 0 0 0  
30.7876 0.84596 0.0233868 -5.11153 0 3 0 0 -5.18565  -5.20373 0 2.70855 0 0 -5.28615  -0.0232687 0 0.0350393 0 0 -0.0251387  0.115465 0 0.256415 0 0 0.125633  0 0 0 0 0 0  
31.4159 0.86061 0.0235657 -5.19008 0 3 0 0 -5.15301  -5.28289 0 2.70801 0 0 -5.23981  -0.0266263 0 0.0321571 0 0 -0.0323562  0.119434 0 0.259835 0 0 0.119166  0 0 0 0 0 0  
32.0442 0.875322 0.0238861 -5.29493 0 3 0 0 -5.24956  -5.39471 0 2.70401 0 0 -5.33897  -0.0317184 0 0.0313713 0 0 -0.0315728  0.131503 0 0.264614 0 0 0.120975  0 0 0 0 0 0  
32.6726 0.890437 0.0239372 -5.41466 0 3 0 0 -5.53103  -5.50688 0 2.70759 0 0 -5.61246  -0.0360298 0 0.0329863 0 0 -0.0382456  0.12825 0 0.259419 0 0 0.119675  0 0 0 0 0 0  
33.3009 0.905245 0.0239095 -5.53728 0 3 0 0 -5.64316  -5.61888 0 2.71926 0 0 -5.7392  -0.0306464 0 0.035159 0 0 -0.0240392  0.112249 0 0.245582 0 0 0.120088  0 0 0 0 0 0  
33.9292 0.920073 0.0232975 -5.52335 0 3 0 0 -5.57294  -5.59816 0 2.73439 0 0 -5.65135  -0.0329051 0 0.0362724 0 0 -0.0201223  0.107715 0 0.22934 0 0 0.0985366  0 0 0 0 0 0  
34.5575 0.93469 0.0241078 -5.50922 0 3 0 0 -5.44289  -5.57201 0 2.73032 0 0 -5.52653  -0.0334861 0 0.0378439 0 0 -0.0200077  0.0962694 0 0.231841 0 0 0.103647  0 0 0 0 0 0  
35.1858 0.950276 0.0248021 -5.38707 0 3 0 0 -5.22926  -5.45998 0 2.71556 0 0 -5.32709  -0.0335664 0 0.038055 0 0 -0.0205683  0.106477 0 0.246389 0 0 0.118399  0 0 0 0 0 0  
35.8142 0.966166 0.0261252 -5.1206 0 3 0 0 -5.07227  -5.21509 0 2.68204 0 0 -5.21363  -0.0365256 0 0.0392252 0 0 -0.0260759  0.131014 0 0.27874 0 0 0.167431  0 0 0 0 0 0  
36.4425 0.982733 0.0265966 -5.03565 0 3 0 0 -4.9645  -5.14098 0 2.67093 0 0 -5.11437  -0.0341454 0 0.0399706 0 0 -0.0317262  0.139482 0 0.289101 0 0 0.181592  0 0 0 0 0 0  
37.0708 1.0001 0.0277236 -5.01326 0 3 0 0 -4.84826  -5.11591 0 2.65917 0 0 -4.99766  -0.0335774 0 0.0439705 0 0 -0.0209739  0.136231 0 0.296863 0 0 0.170371  0 0 0 0 0 0  
37.6991 1.01733 0.0276156 -4.98244 0 3 0 0 -4.75401  -5.08641 0 2.65323 0 0 -4.92633  -0.0359303 0 0.0455265 0 0 -0.0251998  0.139901 0 0.301243 0 0 0.197517  0 0 0 0 0 0  
38.3274 1.03445 0.0271528 -5.02772 0 3 0 0 -4.61832  -5.13551 0 2.6532 0 0 -4.79364  -0.0246354 0 0.0434869 0 0 -0.0199549  0.132423 0 0.303311 0 0 0.195278  0 0 0 0 0 0  
38.9557 1.05135 0.026842 -5.01541 0 3 0 0 -4.62736  -5.12895 0 2.66489 0 0 -4.80358  -0.0266475 0 0.0387446 0 0 -0.0220502  0.14019 0 0.296368 0 0 0.198275  0 0 0 0 0 0  
39.5841 1.06798 0.0258174 -5.17059 0 3 0 0 -4.74275  -5.26863 0 2.67392 0 0 -4.89165  -0.0314203 0 0.0425521 0 0 -0.0255612  0.129466 0 0.283524 0 0 0.174452  0 0 0 0 0 0  
40.2124 1.08429 0.0262682 -5.33098 0 3 0 0 -4.85436  -5.42422 0 2.67269 0 0 -5.00154  -0.0307998 0 0.0387826 0 0 -0.0167675  0.124039 0 0.288531 0 0 0.163943  0 0 0 0 0 0  
40.8407 1.10116 0.0266835 -5.32556 0 3 0 0 -4.76593  -5.43822 0 2.65523 0 0 -4.93553  -0.0282439 0 0.0372404 0 0 -0.0248211  0.140908 0 0.307526 0 0 0.194418  0 0 0 0 0 0  
41.469 1.11771 0.0254374 -5.30079 0 3 0 0 -4.71084  -5.40758 0 2.66703 0 0 -4.87441  -0.0223163 0 0.0397827 0 0 -0.0306627  0.129103 0 0.293185 0 0 0.19424  0 0 0 0 0 0  
42.0973 1.13392 0.0259294 -5.30958 0 3 0 0 -4.70836  -5.42163 0 2.65707 0 0 -4.86921  -0.0277752 0 0.0390499 0 0 -0.0287243  0.139825 0 0.303877 0 0 0.18958  0 0 0 0 0 0  
42.7257 1.1499 0.0254856 -5.41072 0 3 0 0 -4.81516  -5.51409 0 2.65418 0 0 -4.95783  -0.0383439 0 0.039795 0 0 -0.0315779  0.141717 0 0.306028 0 0 0.174243  0 0 0 0 0 0  
43.354 1.16581 0.0244826 -5.49519 0 3 0 0 -4.7939  -5.58339 0 2.68154 0 0 -4.92796  -0.0312748 0 0.0422613 0 0 -0.0228854  0.119476 0 0.2762 0 0 0.156951  0 0 0 0 0 0  
43.9823 1.18086 0.0234677 -5.40343 0 3 0 0 -4.65281  -5.49393 0 2.6767 0 0 -4.80053  -0.0303306 0 0.0394878 0 0 -0.0253942  0.120831 0 0.28381 0 0 0.173117  0 0 0 0 0 0  
44.6106 1.19534 0.0226492 -5.42324 0 3 0 0 -4.67581  -5.51294 0 2.68654 0 0 -4.82804  -0.0275979 0 0.0395591 0 0 -0.020344  0.117295 0 0.273903 0 0 0.172572  0 0 0 0 0 0  
45.2389 1.20921 0.0219257 -5.31423 0 3 0 0 -4.63346  -5.42028 0 2.69584 0 0 -4.77852  -0.0304992 0 0.0348882 0 0 -0.0210213  0.136549 0 0.269275 0 0 0.166083  0 0 0 0 0 0  
45.8673 1.22291 0.0222951 -5.33891 0 3 0 0 -4.62967  -5.43755 0 2.69177 0 0 -4.76016  -0.0265768 0 0.0344059 0 0 -0.0225366  0.12521 0 0.273828 0 0 0.153025  0 0 0 0 0 0  
46.4956 1.23677 0.0224382 -5.39099 0 3 0 0 -4.64245  -5.47994 0 2.69589 0 0 -4.76549  -0.0300751 0 0.0367752 0 0 -0.0221172  0.119023 0 0.267336 0 0 0.145159  0 0 0 0 0 0  
47.1239 1.25084 0.0224116 -5.39421 0 3 0 0 -4.66493  -5.47881 0 2.70576 0 0 -4.78287  -0.0265001 0 0.0368746 0 0 -0.0169425  0.1111 0 0.257363 0 0 0.134884  0 0 0 0 0 0  
47.7522 1.26474 0.0219211 -5.47639 0 3 0 0 -4.72552  -5.55381 0 2.71605 0 0 -4.84489  -0.0216235 0 0.037674 0 0 -0.0191654  0.099044 0 0.246281 0 0 0.138529  0 0 0 0 0 0  
48.3805 1.27826 0.0209049 -5.67929 0 3 0 0 -4.89297  -5.74479 0 2.73876 0 0 -5.00385  -0.0248145 0 0.03633 0 0 -0.0130223  0.0903104 0 0.224911 0 0 0.1239  0 0 0 0 0 0  
49.0088 1.2917 0.02209 -5.70191 0 3 0 0 -4.92737  -5.78104 0 2.73294 0 0 -5.0402  -0.0253943 0 0.0374624 0 0 -0.0169115  0.104521 0 0.229596 0 0 0.129747  0 0 0 0 0 0  
49.6372 1.30561 0.0225078 -5.78716 0 3 0 0 -4.82088  -5.86029 0 2.7261 0 0 -4.93263  -0.0256185 0 0.0380509 0 0 -0.0226076  0.0987496 0 0.23585 0 0 0.13436  0 0 0 0 0 0  
50.2655 1.31991 0.0228781 -5.8553 0 3 0 0 -4.72846  -5.92708 0 2.72785 0 0 -4.83588  -0.0237382 0 0.0372007 0 0 -0.0260956  0.0955192 0 0.234946 0 0 0.133515  0 0 0 0 0 0  
50.8938 1.33401 0.0220847 -5.95505 0 3 0 0 -4.64499  -6.02651 0 2.73274 0 0 -4.74118  -0.024511 0 0.0367789 0 0 -0.0291803  0.0959659 0 0.230477 0 0 0.125369  0 0 0 0 0 0  
51.5221 1.3481 0.0226738 -5.82786 0 3 0 0 -4.51905  -5.89338 0 2.71691 0 0 -4.6187  -0.0319036 0 0.0403229 0 0 -0.0341578  0.0974225 0 0.242766 0 0 0.13381  0 0 0 0 0 0  
52.1504 1.3623 0.0228035 -5.72298 0 3 0 0 -4.50312  -5.81195 0 2.71595 0 0 -4.62291  -0.0243495 0 0.0346002 0 0 -0.0301663  0.113319 0 0.249445 0 0 0.149959  0 0 0 0 0 0  
52.7788 1.37679 0.0232903 -5.68297 0 3 0 0 -4.46715  -5.77812 0 2.71353 0 0 -4.59301  -0.025147 0 0.0351446 0 0 -0.0271991  0.120289 0 0.251328 0 0 0.15306  0 0 0 0 0 0  
53.4071 1.39183 0.0240938 -5.63419 0 3 0 0 -4.45478  -5.73486 0 2.70242 0 0 -4.58648  -0.0183996 0 0.0375717 0 0 -0.0286254  0.119072 0 0.260006 0 0 0.160331  0 0 0 0 0 0  
54.0354 1.40715 0.0245345 -5.54682 0 3 0 0 -4.43283  -5.65175 0 2.69016 0 0 -4.55916  -0.0250715 0 0.0374716 0 0 -0.040008  0.130001 0 0.272373 0 0 0.166331  0 0 0 0 0 0  
54.6637 1.42269 0.0249431 -5.56202 0 3 0 0 -4.37879  -5.683 0 2.6803 0 0 -4.51132  -0.0258083 0 0.0367573 0 0 -0.0404987  0.146782 0 0.282944 0 0 0.173021  0 0 0 0 0 0  
55.292 1.43858 0.0254682 -5.58431 0 3 0 0 -4.46089  -5.70501 0 2.67118 0 0 -4.59511  -0.0244928 0 0.0390092 0 0 -0.034371  0.145188 0 0.289809 0 0 0.168592  0 0 0 0 0 0  
55.9203 1.45433 0.0244491 -5.60622 0 3 0 0 -4.6576  -5.70769 0 2.6832 0 0 -4.7751  -0.0171675 0 0.0404894 0 0 -0.0314614  0.118638 0 0.27631 0 0 0.14897  0 0 0 0 0 0  
56.5487 1.47003 0.0251799 -5.46944 0 3 0 0 -4.80992  -5.57155 0 2.67905 0 0 -4.93873  -0.028546 0 0.041116 0 0 -0.0323766  0.130654 0 0.279835 0 0 0.161187  0 0 0 0 0 0  
57.177 1.48636 0.0265654 -5.33709 0 3 0 0 -4.90787  -5.44161 0 2.66256 0 0 -5.03581  -0.0326012 0 0.0429473 0 0 -0.0384607  0.137124 0 0.294494 0 0 0.166398  0 0 0 0 0 0  
57.8053 1.50346 0.028089 -5.22207 0 3 0 0 -4.86535  -5.33796 0 2.62654 0 0 -5.01966  -0.0397462 0 0.0469024 0 0 -0.0334541  0.155641 0 0.326558 0 0 0.187768  0 0 0 0 0 0  
58.4336 1.52109 0.0282218 -5.00612 0 3 0 0 -4.85333  -5.13978 0 2.6167 0 0 -5.03525  -0.0402277 0 0.045014 0 0 -0.0375407  0.173886 0 0.338288 0 0 0.219456  0 0 0 0 0 0  
59.0619 1.53922 0.029335 -4.9566 0 3 0 0 -4.76857  -5.09318 0 2.61065 0 0 -4.9591  -0.0454007 0 0.0470692 0 0 -0.0298146  0.181972 0 0.342283 0 0 0.220347  0 0 0 0 0 0  
59.6903 1.55769 0.0297416 -5.01475 0 3 0 0 -4.59844  -5.14291 0 2.59994 0 0 -4.79826  -0.0436541 0 0.0449407 0 0 -0.0251958  0.171809 0 0.355115 0 0 0.225012  0 0 0 0 0 0  
60.3186 1.57627 0.0292449 -4.95692 0 3 0 0 -4.55313  -5.08013 0 2.59843 0 0 -4.74831  -0.0488534 0 0.0477413 0 0 -0.0359418  0.172059 0 0.353826 0 0 0.231124  0 0 0 0 0 0  
60.9469 1.59472 0.028631 -4.86973 0 3 0 0 -4.53509  -4.99614 0 2.61348 0 0 -4.73802  -0.0509042 0 0.0448569 0 0 -0.039916  0.17731 0 0.341668 0 0 0.242848  0 0 0 0 0 0  
61.5752 1.61229 0.0279647 -4.85232 0 3 0 0 -4.63923  -4.97715 0 2.62894 0 0 -4.83186  -0.0424861 0 0.0418743 0 0 -0.0411273  0.167314 0 0.329189 0 0 0.233753  0 0 0 0 0 0  
62.2035 1.62931 0.0261523 -4.89838 0 3 0 0 -4.70103  -5.02544 0 2.64877 0 0 -4.87303  -0.0423664 0 0.040945 0 0 -0.0328423  0.169424 0 0.310281 0 0 0.204844  0 0 0 0 0 0  
62.8319 1.64565 0.0258749 -4.98264 0 3 0 0 -4.75186  -5.1217 0 2.64814 0 0 -4.92945  -0.0368329 0 0.0409367 0 0 -0.0300339  0.175894 0 0.310928 0 0 0.20762  0 0 0 0 0 0  
63.4602 1.66117 0.0243891 -5.07344 0 3 0 0 -4.76785  -5.18814 0 2.66851 0 0 -4.91748  -0.0414178 0 0.0393336 0 0 -0.0303936  0.156122 0 0.292153 0 0 0.180022  0 0 0 0 0 0  
64.0885 1.67625 0.0246027 -5.08057 0 3 0 0 -4.59416  -5.17826 0 2.6697 0 0 -4.73648  -0.0345567 0 0.0360495 0 0 -0.0348839  0.132241 0 0.294247 0 0 0.177197  0 0 0 0 0 0  
64.7168 1.69118 0.0230725 -5.08151 0 3 0 0 -4.50449  -5.17297 0 2.6879 0 0 -4.63855  -0.0300335 0 0.0403421 0 0 -0.0260985  0.121496 0 0.271761 0 0 0.160165  0 0 0 0 0 0  
65.3451 1.70548 0.0224854 -4.974 0 3 0 0 -4.59492  -5.05653 0 2.69885 0 0 -4.73899  -0.0301533 0 0.0362448 0 0 -0.02538  0.112682 0 0.264903 0 0 0.169452  0 0 0 0 0 0  
65.9734 1.71959 0.0224679 -4.97174 0 3 0 0 -4.6418  -5.03567 0 2.70414 0 0 -4.75975  -0.0293001 0 0.037162 0 0 -0.0237525  0.093232 0 0.258693 0 0 0.14171  0 0 0 0 0 0  
66.6018 1.73413 0.0236389 -4.98717 0 3 0 0 -4.58903  -5.05718 0 2.70529 0 0 -4.71129  -0.0206736 0 0.0371484 0 0 -0.0165635  0.0906845 0 0.257561 0 0 0.138823  0 0 0 0 0 0  
67.2301 1.7494 0.0253301 -4.95255 0 3 0 0 -4.55051  -5.03119 0 2.68904 0 0 -4.65738  -0.0200969 0 0.0396151 0 0 -0.0217703  0.0987347 0 0.271345 0 0 0.128647  0 0 0 0 0 0  
67.8584 1.7666 0.0288386 -4.83067 0 3 0 0 -4.39852  -4.94542 0 2.63682 0 0 -4.53092  -0.0384702 0 0.0382025 0 0 -0.0337051  0.153218 0 0.324978 0 0 0.166101  0 0 0 0 0 0  
68.4867 1.78479 0.0296407 -4.75611 0 3 0 0 -4.35904  -4.88778 0 2.60781 0 0 -4.51197  -0.0448181 0 0.0362362 0 0 -0.048118  0.176487 0 0.355952 0 0 0.201044  0 0 0 0 0 0  
69.115 1.80364 0.0305875 -4.57903 0 3 0 0 -4.16668  -4.72274 0 2.59794 0 0 -4.31869  -0.0505257 0 0.0377357 0 0 -0.052992  0.194245 0 0.364326 0 0 0.204997  0 0 0 0 0 0  
69.7434 1.82257 0.0293026 -4.42823 0 3 0 0 -4.16839  -4.57769 0 2.60839 0 0 -4.30087  -0.0520202 0 0.0375102 0 0 -0.0524068  0.201476 0 0.354099 0 0 0.184884  0 0 0 0 0 0  
70.3717 1.84072 0.0283525 -4.44851 0 3 0 0 -4.32888  -4.59399 0 2.62597 0 0 -4.45989  -0.0453328 0 0.0349459 0 0 -0.0502818  0.19081 0 0.339087 0 0 0.181288  0 0 0 0 0 0  
71 1.85818 0.0271676 -4.43079 0 3 0 0 -4.49983  -4.5683 0 2.6289 0 0 -4.62488  -0.0429707 0 0.033549 0 0 -0.0471261  0.180476 0 0.337554 0 0 0.172181  0 0 0 0 0 0  
71.6283 1.87484 0.0258921 -4.44402 0 3 0 0 -4.71235  -4.55636 0 2.64624 0 0 -4.80062  -0.0452569 0 0.0401068 0 0 -0.0522538  0.157592 0 0.313654 0 0 0.140519  0 0 0 0 0 0  
72.2566 1.89121 0.0262031 -4.4725 0 3 0 0 -4.80096  -4.57774 0 2.64503 0 0 -4.90172  -0.0472106 0 0.0399822 0 0 -0.0474517  0.152454 0 0.31499 0 0 0.148216  0 0 0 0 0 0  
72.8849 1.90748 0.0251843 -4.6016 0 3 0 0 -4.94183  -4.69335 0 2.66594 0 0 -5.04057  -0.0409929 0 0.0372609 0 0 -0.0314756  0.132743 0 0.296802 0 0 0.130221  0 0 0 0 0 0  
73.5133 1.92301 0.0248005 -4.66499 0 3 0 0 -4.98314  -4.75855 0 2.6764 0 0 -5.08141  -0.0403274 0 0.0363569 0 0 -0.0352702  0.133885 0 0.287243 0 0 0.133539  0 0 0 0 0 0  
74.1416 1.93843 0.0238073 -4.57486 0 3 0 0 -4.96428  -4.66598 0 2.68495 0 0 -5.09139  -0.0357137 0 0.0320871 0 0 -0.0273514  0.126832 0 0.282958 0 0 0.154463  0 0 0 0 0 0  
74.7699 1.95327 0.0233624 -4.55541 0 3 0 0 -5.00685  -4.64817 0 2.67463 0 0 -5.16015  -0.0406019 0 0.0305917 0 0 -0.0349999  0.13336 0 0.29478 0 0 0.188307  0 0 0 0 0 0  
75.3982 1.96789 0.0237173 -4.54954 0 3 0 0 -5.08186  -4.6442 0 2.67654 0 0 -5.21192  -0.0399439 0 0.0309543 0 0 -0.0370799  0.13461 0 0.292505 0 0 0.167143  0 0 0 0 0 0  
76.0265 1.98295 0.0241165 -4.69831 0 3 0 0 -5.3151  -4.77458 0 2.68294 0 0 -5.428  -0.0452612 0 0.0330676 0 0 -0.0372175  0.121534 0 0.283992 0 0 0.150116  0 0 0 0 0 0  
76.6549 1.99826 0.0246299 -4.88576 0 3 0 0 -5.42262  -4.9578 0 2.68682 0 0 -5.52898  -0.0467437 0 0.0339873 0 0 -0.0343983  0.118783 0 0.279196 0 0 0.140761  0 0 0 0 0 0  
77.2832 2.01345 0.0235195 -5.12682 0 3 0 0 -5.43673  -5.18682 0 2.71674 0 0 -5.53196  -0.0442448 0 0.0321772 0 0 -0.0287492  0.104241 0 0.25108 0 0 0.123976  0 0 0 0 0 0  
77.9115 2.02809 0.0230835 -5.26441 0 3 0 0 -5.39631  -5.30831 0 2.73039 0 0 -5.48233  -0.0474426 0 0.0350639 0 0 -0.0313347  0.0913501 0 0.23455 0 0 0.117359  0 0 0 0 0 0  
78.5398 2.04241 0.022874 -5.42366 0 3 0 0 -5.46712  -5.45302 0 2.73894 0 0 -5.54317  -0.0453711 0 0.0346748 0 0 -0.0362983  0.0747354 0 0.226386 0 0 0.112343  0 0 0 0 0 0  
79.1681 2.05699 0.0235243 -5.55799 0 3 0 0 -5.58733  -5.59475 0 2.73179 0 0 -5.66599  -0.0472921 0 0.0346879 0 0 -0.0353164  0.0840441 0 0.23352 0 0 0.113984  0 0 0 0 0 0  
79.7965 2.07213 0.024326 -5.65947 0 3 0 0 -5.6  -5.69272 0 2.71916 0 0 -5.66977  -0.0485289 0 0.0353778 0 0 -0.0397131  0.0817795 0 0.24546 0 0 0.10948  0 0 0 0 0 0  
80.4248 2.08781 0.0253833 -5.67864 0 3 0 0 -5.42421  -5.70538 0 2.70953 0 0 -5.49576  -0.0557073 0 0.0384902 0 0 -0.0418272  0.0824429 0 0.251981 0 0 0.113378  0 0 0 0 0 0  
81.0531 2.10402 0.0265936 -5.56298 0 3 0 0 -5.15896  -5.59471 0 2.67911 0 0 -5.23724  -0.0564431 0 0.0457044 0 0 -0.0488125  0.0881724 0 0.275187 0 0 0.127091  0 0 0 0 0 0  
81.6814 2.12094 0.0267422 -5.55112 0 3 0 0 -4.82616  -5.61877 0 2.66145 0 0 -4.93442  -0.0618706 0 0.0473346 0 0 -0.0476746  0.129522 0 0.291217 0 0 0.155936  0 0 0 0 0 0  
82.3097 2.13668 0.0239886 -5.66615 0 3 0 0 -4.74932  -5.7183 0 2.69893 0 0 -4.85976  -0.0456176 0 0.0416457 0 0 -0.0405046  0.0977694 0 0.259427 0 0 0.150946  0 0 0 0 0 0  
82.938 2.15143 0.0233275 -5.79364 0 3 0 0 -4.79193  -5.8483 0 2.7095 0 0 -4.90678  -0.0430758 0 0.0397426 0 0 -0.0389976  0.0977306 0 0.250757 0 0 0.153845  0 0 0 0 0 0  
83.5664 2.16618 0.0236127 -5.79226 0 3 0 0 -4.68833  -5.85279 0 2.70525 0 0 -4.82002  -0.0338491 0 0.0417451 0 0 -0.0368911  0.0943776 0 0.253008 0 0 0.168583  0 0 0 0 0 0  
84.1947 2.18122 0.0244881 -5.75538 0 3 0 0 -4.62153  -5.84029 0 2.69197 0 0 -4.76766  -0.0302319 0 0.0401496 0 0 -0.0402064  0.115137 0 0.267885 0 0 0.186335  0 0 0 0 0 0  
84.823 2.19672 0.0253108 -5.72681 0 3 0 0 -4.62819  -5.82999 0 2.67484 0 0 -4.79128  -0.0373235 0 0.0376747 0 0 -0.0446381  0.140505 0 0.287482 0 0 0.20773  0 0 0 0 0 0  
85.4513 2.21265 0.0251072 -5.61228 0 3 0 0 -4.6514  -5.72964 0 2.68023 0 0 -4.81798  -0.026185 0 0.0398426 0 0 -0.0340334  0.143543 0 0.279931 0 0 0.200611  0 0 0 0 0 0  
86.0796 2.22797 0.0229119 -5.47558 0 3 0 0 -4.71193  -5.58287 0 2.695 0 0 -4.87164  -0.0199104 0 0.0374246 0 0 -0.0300114  0.127194 0 0.267576 0 0 0.189724  0 0 0 0 0 0  
86.708 2.2421 0.021976 -5.49362 0 3 0 0 -4.74452  -5.60881 0 2.71815 0 0 -4.90416  -0.0171116 0 0.03195 0 0 -0.0237025  0.132295 0 0.249902 0 0 0.18334  0 0 0 0 0 0  
87.3363 2.25567 0.0220455 -5.36709 0 3 0 0 -4.65873  -5.46977 0 2.72268 0 0 -4.80692  -0.0117892 0 0.0321072 0 0 -0.0197903  0.114475 0 0.245211 0 0 0.16798  0 0 0 0 0 0  
87.9646 2.27005 0.0243683 -5.32054 0 3 0 0 -4.77095  -5.42571 0 2.71459 0 0 -4.9077  -0.00867907 0 0.0372795 0 0 -0.0184107  0.113849 0 0.248135 0 0 0.155159  0 0 0 0 0 0  
88.5929 2.28626 0.0268803 -5.30858 0 3 0 0 -4.87125  -5.42191 0 2.68621 0 0 -5.00667  -0.0129512 0 0.0406162 0 0 -0.022532  0.126277 0 0.273178 0 0 0.157954  0 0 0 0 0 0  
89.2212 2.30376 0.028887 -5.26291 0 3 0 0 -4.96342  -5.35885 0 2.6715 0 0 -5.0831  -0.0102535 0 0.0474435 0 0 -0.0177431  0.106191 0 0.281056 0 0 0.137421  0 0 0 0 0 0  
89.8495 2.32207 0.0293092 -5.10337 0 3 0 0 -4.91399  -5.22989 0 2.64109 0 0 -5.04774  -0.0294481 0 0.0455675 0 0 -0.0255419  0.155974 0 0.313346 0 0 0.15929  0 0 0 0 0 0  
90.4779 2.34055 0.030382 -4.90506 0 3 0 0 -4.92348  -5.05318 0 2.62077 0 0 -5.08987  -0.0337171 0 0.0493375 0 0 -0.0352157  0.181841 0 0.329889 0 0 0.201599  0 0 0 0 0 0  
91.1062 2.35992 0.0314292 -4.80637 0 3 0 0 -4.98259  -4.95471 0 2.61584 0 0 -5.16439  -0.0404255 0 0.0506163 0 0 -0.0363197  0.188765 0 0.33354 0 0 0.218118  0 0 0 0 0 0  
91.7345 2.37928 0.0307189 -4.56968 0 3 0 0 -5.06669  -4.70885 0 2.60741 0 0 -5.24086  -0.0576517 0 0.0472626 0 0 -0.0433841  0.196829 0 0.345325 0 0 0.217559  0 0 0 0 0 0  
92.3628 2.3986 0.029978 -4.35679 0 3 0 0 -4.94341  -4.49902 0 2.59593 0 0 -5.12199  -0.0635971 0 0.0541027 0 0 -0.0369764  0.205827 0 0.349971 0 0 0.215556  0 0 0 0 0 0  
92.9911 2.41634 0.0265405 -4.29568 0 3 0 0 -4.88416  -4.4191 0 2.63822 0 0 -5.05704  -0.0513839 0 0.0516438 0 0 -0.029212  0.174809 0 0.31014 0 0 0.202089  0 0 0 0 0 0  
93.6195 2.43223 0.0245232 -4.34813 0 3 0 0 -4.75548  -4.47773 0 2.6522 0 0 -4.93078  -0.0399593 0 0.0439868 0 0 -0.0263389  0.169563 0 0.303817 0 0 0.201641  0 0 0 0 0 0  
94.2478 2.44782 0.0245217 -4.35929 0 3 0 0 -4.72322  -4.47311 0 2.65209 0 0 -4.87807  -0.0458723 0 0.0448596 0 0 -0.0204799  0.159697 0 0.303046 0 0 0.175326  0 0 0 0 0 0  
94.8761 2.46341 0.0253263 -4.37722 0 3 0 0 -4.57203  -4.4969 0 2.63495 0 0 -4.7183  -0.0468288 0 0.0471677 0 0 -0.0275358  0.166501 0 0.31788 0 0 0.1738  0 0 0 0 0 0  
95.5044 2.47913 0.0243359 -4.50273 0 3 0 0 -4.49049  -4.63126 0 2.65392 0 0 -4.67722  -0.0521931 0 0.0390822 0 0 -0.0326195  0.180728 0 0.306995 0 0 0.219344  0 0 0 0 0 0  
96.1327 2.49403 0.0231768 -4.62489 0 3 0 0 -4.60077  -4.73887 0 2.66874 0 0 -4.77501  -0.0466933 0 0.0387882 0 0 -0.0303081  0.160676 0 0.292471 0 0 0.204545  0 0 0 0 0 0  
96.7611 2.50835 0.0222885 -4.80626 0 3 0 0 -4.79983  -4.90028 0 2.68455 0 0 -4.94659  -0.0380483 0 0.0362763 0 0 -0.0307912  0.132066 0 0.27917 0 0 0.177549  0 0 0 0 0 0  
97.3894 2.52266 0.0232464 -4.83777 0 3 0 0 -4.9305  -4.92906 0 2.70018 0 0 -5.06576  -0.0278938 0 0.0362201 0 0 -0.0215242  0.119184 0 0.263596 0 0 0.156788  0 0 0 0 0 0  
98.0177 2.53778 0.0246883 -4.80815 0 3 0 0 -5.06789  -4.89867 0 2.68845 0 0 -5.20398  -0.0297122 0 0.0388292 0 0 -0.0262179  0.120238 0 0.272723 0 0 0.162308  0 0 0 0 0 0  
98.646 2.55385 0.0264351 -4.76918 0 3 0 0 -5.05987  -4.87472 0 2.67203 0 0 -5.19236  -0.0345824 0 0.0370711 0 0 -0.0336531  0.140127 0 0.290901 0 0 0.166138  0 0 0 0 0 0  
99.2743 2.57046 0.0265276 -4.71431 0 3 0 0 -4.97254  -4.8215 0 2.67197 0 0 -5.0967  -0.0401039 0 0.0374086 0 0 -0.0370686  0.147295 0 0.290617 0 0 0.161224  0 0 0 0 0 0  
99.9026 2.5872 0.0270698 -4.67311 0 3 0 0 -4.83919  -4.77296 0 2.65783 0 0 -4.96694  -0.0415744 0 0.0381639 0 0 -0.0349355  0.141426 0 0.304004 0 0 0.162688  0 0 0 0 0 0  
100.531 2.60428 0.02711 -4.66587 0 3 0 0 -4.74285  -4.75075 0 2.64544 0 0 -4.86634  -0.0467888 0 0.0402022 0 0 -0.0397631  0.131673 0 0.31436 0 0 0.163257  0 0 0 0 0 0  
101.159 2.62128 0.0263879 -4.6598 0 3 0 0 -4.57845  -4.74747 0 2.64964 0 0 -4.70593  -0.0437181 0 0.0409862 0 0 -0.046949  0.131389 0 0.309377 0 0 0.174432  0 0 0 0 0 0  
101.788 2.63773 0.0263686 -4.6224 0 3 0 0 -4.53466  -4.70845 0 2.65067 0 0 -4.66874  -0.047479 0 0.0418954 0 0 -0.0411574  0.133524 0 0.307435 0 0 0.175238  0 0 0 0 0 0  
102.416 2.6537 0.0237201 -4.55384 0 3 0 0 -4.52421  -4.64466 0 2.68449 0 0 -4.64636  -0.0443596 0 0.0360552 0 0 -0.0528798  0.135185 0 0.279458 0 0 0.175026  0 0 0 0 0 0  
103.044 2.66788 0.0214668 -4.73061 0 3 0 0 -4.58698  -4.8112 0 2.7211 0 0 -4.69776  -0.043789 0 0.0306236 0 0 -0.047646  0.124383 0 0.24828 0 0 0.158422  0 0 0 0 0 0  
103.673 2.68099 0.0203598 -4.88232 0 3 0 0 -4.82141  -4.9576 0 2.73614 0 0 -4.93166  -0.0403272 0 0.0281633 0 0 -0.0454603  0.115611 0 0.235693 0 0 0.155716  0 0 0 0 0 0  
104.301 2.69347 0.0191464 -4.96147 0 3 0 0 -4.99877  -5.02807 0 2.75835 0 0 -5.10418  -0.0366507 0 0.026591 0 0 -0.0357226  0.103249 0 0.215064 0 0 0.141131  0 0 0 0 0 0  
104.929 2.70537 0.0186832 -4.9814 0 3 0 0 -5.04858  -5.04208 0 2.76752 0 0 -5.14829  -0.0292633 0 0.0276946 0 0 -0.02593  0.0899435 0 0.204788 0 0 0.12564  0 0 0 0 0 0  
105.558 2.71713 0.0192846 -4.95346 0 3 0 0 -5.07062  -5.01989 0 2.7628 0 0 -5.17658  -0.0310887 0 0.0285247 0 0 -0.0232564  0.0975181 0 0.208675 0 0 0.129212  0 0 0 0 0 0  
106.186 2.72957 0.0202706 -5.0231 0 3 0 0 -5.04326  -5.08642 0 2.75079 0 0 -5.16049  -0.0268418 0 0.0284212 0 0 -0.0217878  0.090165 0 0.220785 0 0 0.139025  0 0 0 0 0 0  
106.814 2.743 0.0220229 -5.1512 0 3 0 0 -4.99114  -5.23393 0 2.72956 0 0 -5.11671  -0.0325203 0 0.0290705 0 0 -0.0249097  0.115253 0 0.241373 0 0 0.150476  0 0 0 0 0 0  
107.442 2.75681 0.0218873 -5.2337 0 3 0 0 -5.06834  -5.31461 0 2.72854 0 0 -5.20144  -0.036651 0 0.0322404 0 0 -0.0249283  0.117561 0 0.239223 0 0 0.158029  0 0 0 0 0 0  
108.071 2.77057 0.0219383 -5.22878 0 3 0 0 -5.07031  -5.31616 0 2.72106 0 0 -5.21973  -0.0388045 0 0.0322468 0 0 -0.0261222  0.12618 0 0.246697 0 0 0.175543  0 0 0 0 0 0  
108.699 2.78475 0.0232196 -5.1793 0 3 0 0 -5.06803  -5.27276 0 2.6988 0 0 -5.22885  -0.0388166 0 0.0315775 0 0 -0.0379363  0.132277 0 0.269621 0 0 0.198755  0 0 0 0 0 0  
109.327 2.79966 0.024266 -5.24187 0 3 0 0 -5.01638  -5.33508 0 2.69321 0 0 -5.169  -0.0379832 0 0.034929 0 0 -0.0303509  0.131194 0 0.271861 0 0 0.182967  0 0 0 0 0 0  
109.956 2.81529 0.0252869 -5.23745 0 3 0 0 -4.96887  -5.32724 0 2.67772 0 0 -5.12157  -0.0401828 0 0.0385584 0 0 -0.0278613  0.129971 0 0.283726 0 0 0.180558  0 0 0 0 0 0  
110.584 2.83071 0.0240529 -5.22584 0 3 0 0 -4.95106  -5.31491 0 2.68486 0 0 -5.10504  -0.041788 0 0.0378021 0 0 -0.0308561  0.130856 0 0.27734 0 0 0.184827  0 0 0 0 0 0  
111.212 2.84543 0.0229131 -5.27504 0 3 0 0 -5.05449  -5.34371 0 2.70335 0 0 -5.17698  -0.039638 0 0.0366049 0 0 -0.0263074  0.108305 0 0.26004 0 0 0.148795  0 0 0 0 0 0  
111.841 2.8603 0.0239185 -5.19582 0 3 0 0 -5.01218  -5.27774 0 2.69669 0 0 -5.15704  -0.0330002 0 0.0363341 0 0 -0.0266808  0.114922 0 0.266976 0 0 0.171538  0 0 0 0 0 0  
112.469 2.87573 0.025036 -5.10594 0 3 0 0 -4.9965  -5.18496 0 2.67302 0 0 -5.13428  -0.0339487 0 0.0386078 0 0 -0.0327559  0.112971 0 0.28837 0 0 0.170544  0 0 0 0 0 0  
113.097 2.8917 0.0263145 -5.08084 0 3 0 0 -4.9902  -5.17287 0 2.65219 0 0 -5.137  -0.0441731 0 0.0407824 0 0 -0.0388261  0.136202 0 0.30703 0 0 0.185623  0 0 0 0 0 0  
113.726 2.90841 0.0265026 -5.0266 0 3 0 0 -4.99796  -5.1296 0 2.64242 0 0 -5.15838  -0.0489887 0 0.0438081 0 0 -0.0361343  0.151987 0 0.313772 0 0 0.196555  0 0 0 0 0 0  
114.354 2.9252 0.0266919 -4.90675 0 3 0 0 -4.86988  -5.01697 0 2.64179 0 0 -5.03384  -0.0467126 0 0.0406015 0 0 -0.0322868  0.156935 0 0.317612 0 0 0.196243  0 0 0 0 0 0  
114.982 2.94153 0.0263796 -4.89223 0 3 0 0 -4.7942  -5.00778 0 2.64431 0 0 -4.95385  -0.0504952 0 0.0380137 0 0 -0.034647  0.166048 0 0.317677 0 0 0.1943  0 0 0 0 0 0  
115.611 2.95806 0.0264075 -4.90079 0 3 0 0 -4.64102  -5.01458 0 2.65145 0 0 -4.78582  -0.048097 0 0.0399852 0 0 -0.0391171  0.161884 0 0.30856 0 0 0.183914  0 0 0 0 0 0  
116.239 2.97477 0.0269094 -5.02784 0 3 0 0 -4.65171  -5.15309 0 2.64965 0 0 -4.79872  -0.044633 0 0.0452291 0 0 -0.0337115  0.16988 0 0.305119 0 0 0.180725  0 0 0 0 0 0  
116.867 2.99147 0.0259234 -5.09092 0 3 0 0 -4.69156  -5.19848 0 2.66367 0 0 -4.82157  -0.0427475 0 0.0473034 0 0 -0.0358828  0.150312 0 0.289027 0 0 0.165895  0 0 0 0 0 0  
117.496 3.00755 0.0255903 -5.10764 0 3 0 0 -4.78836  -5.22015 0 2.68419 0 0 -4.93468  -0.034451 0 0.0412419 0 0 -0.0272257  0.146961 0 0.27457 0 0 0.173546  0 0 0 0 0 0  
118.124 3.02343 0.0252455 -5.05565 0 3 0 0 -4.78245  -5.16393 0 2.68328 0 0 -4.9193  -0.0376828 0 0.0414286 0 0 -0.0269276  0.145964 0 0.275291 0 0 0.163782  0 0 0 0 0 0  
118.752 3.03926 0.0253864 -4.99683 0 3 0 0 -4.75868  -5.10958 0 2.67362 0 0 -4.90639  -0.033754 0 0.0438337 0 0 -0.0276552  0.146503 0 0.282544 0 0 0.175373  0 0 0 0 0 0  
119.381 3.05547 0.0259472 -5.02523 0 3 0 0 -4.65953  -5.13412 0 2.66455 0 0 -4.82484  -0.0384192 0 0.0423143 0 0 -0.0264208  0.147313 0 0.293132 0 0 0.191726  0 0 0 0 0 0  
120.009 3.07151 0.0247356 -4.99972 0 3 0 0 -4.68938  -5.11272 0 2.67225 0 0 -4.87347  -0.0395768 0 0.0434016 0 0 -0.0294622  0.152576 0 0.284345 0 0 0.21356  0 0 0 0 0 0  
120.637 3.08646 0.0229173 -5.00934 0 3 0 0 -4.84945  -5.11718 0 2.7057 0 0 -5.00381  -0.0361172 0 0.0366733 0 0 -0.0276584  0.143954 0 0.257624 0 0 0.182015  0 0 0 0 0 0  
121.265 3.10056 0.0219344 -5.05586 0 3 0 0 -5.01057  -5.15788 0 2.71951 0 0 -5.14398  -0.031397 0 0.0357581 0 0 -0.0272573  0.133412 0 0.244728 0 0 0.160668  0 0 0 0 0 0  
121.894 3.1141 0.0213007 -5.0652 0 3 0 0 -5.11891  -5.15789 0 2.73186 0 0 -5.24796  -0.0332641 0 0.035385 0 0 -0.0265513  0.125946 0 0.232756 0 0 0.1556  0 0 0 0 0 0  
122.522 3.12746 0.020888 -5.11028 0 3 0 0 -5.19452  -5.19748 0 2.74011 0 0 -5.31744  -0.0292524 0 0.032006 0 0 -0.0213565  0.116454 0 0.227881 0 0 0.144277  0 0 0 0 0 0  
123.15 3.14047 0.0210977 -5.14844 0 3 0 0 -5.29214  -5.22556 0 2.73935 0 0 -5.39804  -0.0254906 0 0.0327862 0 0 -0.018016  0.10261 0 0.227859 0 0 0.123915  0 0 0 0 0 0  
123.779 3.15351 0.0204691 -5.19362 0 3 0 0 -5.36306  -5.28119 0 2.73975 0 0 -5.4612  -0.0280222 0 0.0315994 0 0 -0.0193834  0.115592 0 0.228653 0 0 0.117522  0 0 0 0 0 0  
124.407 3.16583 0.0192235 -5.15681 0 3 0 0 -5.30494  -5.23124 0 2.75421 0 0 -5.39901  -0.0231639 0 0.0295926 0 0 -0.0189088  0.097594 0 0.216199 0 0 0.112974  0 0 0 0 0 0  
125.035 3.17778 0.0189557 -5.04461 0 3 0 0 -5.12092  -5.09537 0 2.76248 0 0 -5.19633  -0.0281155 0 0.0312328 0 0 -0.0198035  0.0788729 0 0.206284 0 0 0.0952093  0 0 0 0 0 0  
125.664 3.19022 0.0208564 -4.936 0 3 0 0 -4.84506  -4.99409 0 2.73957 0 0 -4.93118  -0.0325043 0 0.0319969 0 0 -0.0262333  0.0905856 0 0.22843 0 0 0.112351  0 0 0 0 0 0  
126.292 3.20382 0.0225202 -4.82482 0 3 0 0 -4.6495  -4.89097 0 2.716 0 0 -4.74985  -0.0383232 0 0.0337685 0 0 -0.0303092  0.104475 0 0.250232 0 0 0.13066  0 0 0 0 0 0  
126.92 3.21829 0.0234408 -4.79298 0 3 0 0 -4.45791  -4.87767 0 2.69214 0 0 -4.58675  -0.0418914 0 0.0374437 0 0 -0.0286129  0.126579 0 0.270413 0 0 0.15745  0 0 0 0 0 0  
127.549 3.23341 0.0246473 -4.75114 0 3 0 0 -4.38483  -4.84906 0 2.646 0 0 -4.52801  -0.0448663 0 0.0396601 0 0 -0.0384232  0.142783 0 0.314345 0 0 0.181602  0 0 0 0 0 0  
128.177 3.24876 0.0241307 -4.75317 0 3 0 0 -4.40034  -4.89547 0 2.65594 0 0 -4.56153  -0.0423592 0 0.0354917 0 0 -0.0396628  0.184656 0 0.308569 0 0 0.200854  0 0 0 0 0 0  
128.805 3.26417 0.0245895 -4.80435 0 3 0 0 -4.52245  -4.95023 0 2.66957 0 0 -4.69152  -0.0326287 0 0.0314867 0 0 -0.0284206  0.178508 0 0.298941 0 0 0.197495  0 0 0 0 0 0  
129.434 3.27987 0.0255899 -4.72712 0 3 0 0 -4.74872  -4.87364 0 2.66844 0 0 -4.90554  -0.0453393 0 0.0325059 0 0 -0.0347115  0.191857 0 0.299058 0 0 0.191529  0 0 0 0 0 0  
130.062 3.29615 0.0261283 -4.63557 0 3 0 0 -4.81535  -4.75715 0 2.67296 0 0 -4.95194  -0.043667 0 0.0384469 0 0 -0.0334462  0.165252 0 0.288598 0 0 0.170042  0 0 0 0 0 0  
130.69 3.31281 0.0272871 -4.48582 0 3 0 0 -4.74082  -4.61659 0 2.64846 0 0 -4.88159  -0.050612 0 0.0390192 0 0 -0.038576  0.181381 0 0.312519 0 0 0.179352  0 0 0 0 0 0  
131.319 3.32994 0.0277301 -4.31955 0 3 0 0 -4.52198  -4.47485 0 2.61882 0 0 -4.69292  -0.0570569 0 0.0368603 0 0 -0.0521212  0.212356 0 0.344318 0 0 0.223055  0 0 0 0 0 0  
131.947 3.34766 0.0283187 -4.39613 0 3 0 0 -4.54366  -4.54826 0 2.61688 0 0 -4.72407  -0.0708243 0 0.0362225 0 0 -0.0494622  0.222963 0 0.346899 0 0 0.229873  0 0 0 0 0 0  
132.575 3.36509 0.0273705 -4.53859 0 3 0 0 -4.57067  -4.68225 0 2.63382 0 0 -4.74405  -0.070784 0 0.0348202 0 0 -0.0508426  0.214452 0 0.331365 0 0 0.22422  0 0 0 0 0 0  
133.204 3.38191 0.0265426 -4.74597 0 3 0 0 -4.53557  -4.87144 0 2.65389 0 0 -4.69105  -0.0554661 0 0.0381679 0 0 -0.0414173  0.180939 0 0.30794 0 0 0.196893  0 0 0 0 0 0  
133.832 3.39895 0.0274774 -4.82221 0 3 0 0 -4.49703  -4.94842 0 2.65394 0 0 -4.65748  -0.0510802 0 0.0335431 0 0 -0.0425421  0.17729 0 0.31252 0 0 0.203001  0 0 0 0 0 0  
134.46 3.41628 0.0278092 -4.87783 0 3 0 0 -4.56011  -5.0112 0 2.63704 0 0 -4.72798  -0.0463681 0 0.0342352 0 0 -0.0362458  0.179735 0 0.328729 0 0 0.204118  0 0 0 0 0 0  
135.088 3.43384 0.0283655 -4.79095 0 3 0 0 -4.65302  -4.93656 0 2.62687 0 0 -4.82095  -0.0466667 0 0.0374369 0 0 -0.0372509  0.192277 0 0.335693 0 0 0.205175  0 0 0 0 0 0  
135.717 3.45188 0.029273 -4.69082 0 3 0 0 -4.73646  -4.84668 0 2.61868 0 0 -4.9105  -0.060625 0 0.0395185 0 0 -0.0459144  0.216485 0 0.341798 0 0 0.219954  0 0 0 0 0 0  
136.345 3.47025 0.0291653 -4.72299 0 3 0 0 -4.89027  -4.87734 0 2.62641 0 0 -5.04189  -0.0663223 0 0.0401305 0 0 -0.0494789  0.220668 0 0.333459 0 0 0.201105  0 0 0 0 0 0  
136.973 3.48837 0.028606 -4.69789 0 3 0 0 -5.05301  -4.84454 0 2.6386 0 0 -5.21351  -0.0620173 0 0.0325658 0 0 -0.0511184  0.208671 0 0.328832 0 0 0.211617  0 0 0 0 0 0  
137.602 3.50607 0.0280884 -4.65432 0 3 0 0 -5.14997  -4.77739 0 2.65036 0 0 -5.29769  -0.0518335 0 0.0374896 0 0 -0.0419672  0.174897 0 0.312148 0 0 0.189686  0 0 0 0 0 0  
138.23 3.52349 0.0273733 -4.56585 0 3 0 0 -5.09264  -4.67556 0 2.66184 0 0 -5.21931  -0.0549786 0 0.0383778 0 0 -0.0475283  0.164685 0 0.299787 0 0 0.174201  0 0 0 0 0 0  
138.858 3.54065 0.0275081 -4.44972 0 3 0 0 -4.98089  -4.55468 0 2.65591 0 0 -5.1129  -0.0615202 0 0.0396511 0 0 -0.0398695  0.166481 0 0.304444 0 0 0.171876  0 0 0 0 0 0  
139.487 3.55808 0.0276659 -4.40983 0 3 0 0 -4.81226  -4.51697 0 2.64145 0 0 -4.95798  -0.0609266 0 0.0392237 0 0 -0.0432729  0.168073 0 0.319323 0 0 0.188992  0 0 0 0 0 0  
140.115 3.57572 0.0282679 -4.37356 0 3 0 0 -4.64966  -4.50792 0 2.62793 0 0 -4.82216  -0.0480818 0 0.039294 0 0 -0.0454808  0.182443 0 0.332774 0 0 0.217978  0 0 0 0 0 0  
140.743 3.59364 0.0284375 -4.41924 0 3 0 0 -4.65305  -4.54871 0 2.62297 0 0 -4.82389  -0.0530414 0 0.0412701 0 0 -0.0442267  0.18251 0 0.335761 0 0 0.21507  0 0 0 0 0 0  
141.372 3.61133 0.0278928 -4.42542 0 3 0 0 -4.76569  -4.52298 0 2.63099 0 0 -4.91324  -0.048555 0 0.0449989 0 0 -0.04065  0.146114 0 0.324007 0 0 0.188199  0 0 0 0 0 0  
142 3.62779 0.0247575 -4.37511 0 3 0 0 -4.71305  -4.46569 0 2.6633 0 0 -4.83929  -0.0357611 0 0.0420214 0 0 -0.0340726  0.126344 0 0.294681 0 0 0.160309  0 0 0 0 0 0  
142.628 3.64366 0.0248221 -4.39701 0 3 0 0 -4.72233  -4.50422 0 2.65711 0 0 -4.84683  -0.0394581 0 0.0364209 0 0 -0.0455941  0.146674 0 0.306471 0 0 0.170095  0 0 0 0 0 0  
143.257 3.65929 0.0248013 -4.4978 0 3 0 0 -4.9018  -4.61382 0 2.66187 0 0 -5.01925  -0.034004 0 0.038322 0 0 -0.0360141  0.15003 0 0.299809 0 0 0.153471  0 0 0 0 0 0  
143.885 3.67477 0.0248843 -4.64025 0 3 0 0 -5.12967  -4.7446 0 2.67304 0 0 -5.24371  -0.0349062 0 0.0380983 0 0 -0.0409667  0.13925 0 0.28886 0 0 0.155011  0 0 0 0 0 0  
144.513 3.6904 0.0243827 -4.76799 0 3 0 0 -5.41712  -4.85345 0 2.68313 0 0 -5.5198  -0.0264095 0 0.0372591 0 0 -0.0320403  0.111871 0 0.279613 0 0 0.13472  0 0 0 0 0 0  
145.142 3.705 0.0225805 -4.7836 0 3 0 0 -5.59965  -4.86751 0 2.71905 0 0 -5.70136  -0.0223525 0 0.034423 0 0 -0.0245509  0.106261 0 0.246524 0 0 0.126261  0 0 0 0 0 0  
145.77 3.71848 0.0206138 -4.82663 0 3 0 0 -5.65007  -4.89506 0 2.74313 0 0 -5.73868  -0.0233418 0 0.0313859 0 0 -0.0216128  0.0917629 0 0.225479 0 0 0.110222  0 0 0 0 0 0  
146.398 3.73126 0.0201156 -4.87328 0 3 0 0 -5.69147  -4.94086 0 2.75118 0 0 -5.77546  -0.0238415 0 0.0308604 0 0 -0.0233494  0.0914208 0 0.21796 0 0 0.107347  0 0 0 0 0 0  
147.027 3.74394 0.0201755 -4.94381 0 3 0 0 -5.62126  -5.01094 0 2.75579 0 0 -5.71761  -0.0198011 0 0.0321611 0 0 -0.018995  0.0869243 0 0.212046 0 0 0.115344  0 0 0 0 0 0  
147.655 3.75667 0.0201113 -4.85992 0 3 0 0 -5.55354  -4.93522 0 2.74828 0 0 -5.65079  -0.017535 0 0.033523 0 0 -0.01833  0.0928366 0 0.218194 0 0 0.115574  0 0 0 0 0 0  
148.283 3.76933 0.0206488 -4.78197 0 3 0 0 -5.43388  -4.8606 0 2.73246 0 0 -5.55094  -0.0248253 0 0.0333844 0 0 -0.0191499  0.103456 0 0.234159 0 0 0.136214  0 0 0 0 0 0  
148.911 3.78227 0.0203887 -4.68048 0 3 0 0 -5.2739  -4.77501 0 2.73826 0 0 -5.39854  -0.0231687 0 0.0333636 0 0 -0.0182606  0.117694 0 0.228381 0 0 0.142902  0 0 0 0 0 0  
149.54 3.79542 0.0211226 -4.64627 0 3 0 0 -5.08033  -4.73909 0 2.72348 0 0 -5.20164  -0.0276239 0 0.0359558 0 0 -0.0190247  0.120444 0 0.24056 0 0 0.14034  0 0 0 0 0 0  
150.168 3.80864 0.0204517 -4.85924 0 3 0 0 -4.91082  -4.94616 0 2.73914 0 0 -5.03453  -0.0261856 0 0.0345736 0 0 -0.0177449  0.113099 0 0.22629 0 0 0.141454  0 0 0 0 0 0  
150.796 3.82115 0.0192572 -5.11433 0 3 0 0 -4.93453  -5.18922 0 2.75629 0 0 -5.04564  -0.0272937 0 0.0312986 0 0 -0.0181644  0.102174 0 0.212414 0 0 0.12927  0 0 0 0 0 0  
151.425 3.83299 0.0188159 -5.27583 0 3 0 0 -5.03084  -5.34776 0 2.75987 0 0 -5.12762  -0.0240832 0 0.031836 0 0 -0.0175154  0.0960105 0 0.208297 0 0 0.114304  0 0 0 0 0 0  
152.053 3.84451 0.0179925 -5.40917 0 3 0 0 -5.14569  -5.47586 0 2.78212 0 0 -5.22848  -0.0230666 0 0.0296346 0 0 -0.0159922  0.0897567 0 0.188246 0 0 0.0987847  0 0 0 0 0 0  
152.681 3.85557 0.0174029 -5.49383 0 3 0 0 -5.23999  -5.55169 0 2.79525 0 0 -5.30943  -0.0265294 0 0.0291283 0 0 -0.015687  0.0843892 0 0.175624 0 0 0.0851268  0 0 0 0 0 0  
153.31 3.8662 0.0169084 -5.56891 0 3 0 0 -5.2951  -5.61296 0 2.80738 0 0 -5.35564  -0.021575 0 0.0277983 0 0 -0.0136021  0.0656156 0 0.164817 0 0 0.0741444  0 0 0 0 0 0  
153.938 3.8765 0.0162996 -5.55179 0 3 0 0 -5.25338  -5.58227 0 2.81645 0 0 -5.30712  -0.0192827 0 0.0268692 0 0 -0.0101034  0.0497668 0 0.156677 0 0 0.063848  0 0 0 0 0 0  
154.566 3.88673 0.0165027 -5.50108 0 3 0 0 -5.25558  -5.53857 0 2.81797 0 0 -5.30979  -0.019889 0 0.0275884 0 0 -0.0137895  0.0573799 0 0.154442 0 0 0.0680048  0 0 0 0 0 0  
155.195 3.89724 0.0172712 -5.42103 0 3 0 0 -5.34629  -5.45883 0 2.80386 0 0 -5.40283  -0.0214199 0 0.031029 0 0 -0.015757  0.0592194 0 0.165107 0 0 0.0722939  0 0 0 0 0 0  
155.823 3.9083 0.0179207 -5.41865 0 3 0 0 -5.47526  -5.45461 0 2.80312 0 0 -5.52841  -0.0206955 0 0.0318729 0 0 -0.0182884  0.0566545 0 0.165003 0 0 0.0714399  0 0 0 0 0 0  
156.451 3.91985 0.0182896 -5.48538 0 3 0 0 -5.53761  -5.51943 0 2.80448 0 0 -5.59489  -0.023731 0 0.0320953 0 0 -0.0168625  0.0577886 0 0.163429 0 0 0.0741435  0 0 0 0 0 0  
157.08 3.93154 0.0188752 -5.53123 0 3 0 0 -5.53435  -5.56712 0 2.79843 0 0 -5.59564  -0.0242506 0 0.0332886 0 0 -0.0154242  0.0601439 0 0.168281 0 0 0.0767195  0 0 0 0 0 0  
157.708 3.94361 0.0194479 -5.53989 0 3 0 0 -5.36692  -5.57975 0 2.79394 0 0 -5.44022  -0.0275172 0 0.0331299 0 0 -0.00794289  0.0673757 0 0.172931 0 0 0.0812452  0 0 0 0 0 0  
158.336 3.95603 0.0200063 -5.52181 0 3 0 0 -5.19824  -5.56702 0 2.78089 0 0 -5.28097  -0.0316155 0 0.0322786 0 0 -0.0137101  0.0768278 0 0.186836 0 0 0.0964371  0 0 0 0 0 0  
158.965 3.96869 0.0208968 -5.36568 0 3 0 0 -4.98011  -5.43423 0 2.76393 0 0 -5.0975  -0.026606 0 0.0316437 0 0 -0.0140201  0.0951583 0 0.204427 0 0 0.131411  0 0 0 0 0 0  
159.593 3.98209 0.0222212 -5.16472 0 3 0 0 -4.7024  -5.24742 0 2.7396 0 0 -4.84453  -0.0277476 0 0.0323265 0 0 -0.0179722  0.110446 0 0.228077 0 0 0.160103  0 0 0 0 0 0  
160.221 3.99643 0.023968 -4.96947 0 3 0 0 -4.57572  -5.06768 0 2.70469 0 0 -4.72697  -0.033641 0 0.0335319 0 0 -0.0272877  0.131852 0 0.261777 0 0 0.178532  0 0 0 0 0 0  
160.85 4.01161 0.0249763 -4.79108 0 3 0 0 -4.56649  -4.90186 0 2.68663 0 0 -4.71164  -0.0392347 0 0.0373813 0 0 -0.0286521  0.150021 0 0.275991 0 0 0.173798  0 0 0 0 0 0  
161.478 4.02758 0.0259482 -4.72211 0 3 0 0 -4.50281  -4.83287 0 2.67233 0 0 -4.66714  -0.0399122 0 0.0382063 0 0 -0.0234591  0.150672 0 0.289465 0 0 0.187782  0 0 0 0 0 0  
162.106 4.04369 0.0254078 -4.58579 0 3 0 0 -4.52204  -4.68767 0 2.66628 0 0 -4.69397  -0.0425745 0 0.0398705 0 0 -0.0274619  0.144453 0 0.293851 0 0 0.19939  0 0 0 0 0 0  
162.734 4.05933 0.0249711 -4.53985 0 3 0 0 -4.52153  -4.64184 0 2.6589 0 0 -4.70181  -0.0453711 0 0.0376476 0 0 -0.0299249  0.147352 0 0.303455 0 0 0.210201  0 0 0 0 0 0  
163.363 4.07455 0.0239469 -4.57405 0 3 0 0 -4.47996  -4.66362 0 2.67376 0 0 -4.6363  -0.0487593 0 0.042664 0 0 -0.0269034  0.138325 0 0.283578 0 0 0.183244  0 0 0 0 0 0  
163.991 4.08923 0.023057 -4.74384 0 3 0 0 -4.50071  -4.82885 0 2.68567 0 0 -4.64029  -0.0490603 0 0.0432012 0 0 -0.0305743  0.134068 0 0.271132 0 0 0.170149  0 0 0 0 0 0  
164.619 4.10338 0.0222421 -4.94622 0 3 0 0 -4.5351  -5.03317 0 2.70515 0 0 -4.66469  -0.0317469 0 0.0401123 0 0 -0.0259435  0.118692 0 0.254736 0 0 0.155533  0 0 0 0 0 0  
165.248 4.11675 0.020912 -5.17044 0 3 0 0 -4.73846  -5.24887 0 2.74405 0 0 -4.85223  -0.0307336 0 0.0355571 0 0 -0.0219915  0.109166 0 0.220391 0 0 0.135758  0 0 0 0 0 0  
165.876 4.12948 0.0196258 -5.41342 0 3 0 0 -4.87427  -5.47396 0 2.77145 0 0 -4.96268  -0.0217805 0 0.0327839 0 0 -0.0202318  0.082323 0 0.195767 0 0 0.108639  0 0 0 0 0 0  
166.504 4.14172 0.0194761 -5.54387 0 3 0 0 -4.88736  -5.60793 0 2.77328 0 0 -4.97741  -0.0264581 0 0.0318171 0 0 -0.0201575  0.0905183 0 0.1949 0 0 0.110214  0 0 0 0 0 0  
167.133 4.15403 0.0191944 -5.55883 0 3 0 0 -4.7825  -5.62277 0 2.78102 0 0 -4.86164  -0.0227165 0 0.031281 0 0 -0.0215723  0.0866588 0 0.187695 0 0 0.100707  0 0 0 0 0 0  
167.761 4.16585 0.0186267 -5.55774 0 3 0 0 -4.75838  -5.62384 0 2.78237 0 0 -4.84998  -0.0254461 0 0.027872 0 0 -0.024768  0.0915485 0 0.189762 0 0 0.116359  0 0 0 0 0 0  
168.389 4.17732 0.0186231 -5.51804 0 3 0 0 -4.8969  -5.57179 0 2.78016 0 0 -4.9793  -0.0247769 0 0.0285557 0 0 -0.0228378  0.0785265 0 0.19128 0 0 0.105235  0 0 0 0 0 0  
169.018 4.18908 0.0188848 -5.43102 0 3 0 0 -4.91045  -5.49652 0 2.77559 0 0 -4.99866  -0.0281592 0 0.0284866 0 0 -0.0222232  0.0936599 0 0.195927 0 0 0.110442  0 0 0 0 0 0  
169.646 4.20104 0.0187601 -5.404 0 3 0 0 -5.01526  -5.47617 0 2.76804 0 0 -5.12804  -0.0260667 0 0.0275628 0 0 -0.014827  0.0982361 0 0.204402 0 0 0.127609  0 0 0 0 0 0  
170.274 4.2124 0.0173984 -5.49673 0 3 0 0 -5.16572  -5.56379 0 2.78424 0 0 -5.26596  -0.0214787 0 0.0251415 0 0 -0.0134273  0.0885409 0 0.190622 0 0 0.113671  0 0 0 0 0 0  
170.903 4.22315 0.0166371 -5.55545 0 3 0 0 -5.31134  -5.61775 0 2.7923 0 0 -5.40462  -0.0240378 0 0.0263155 0 0 -0.0138255  0.0863424 0 0.181387 0 0 0.107103  0 0 0 0 0 0  
171.531 4.23378 0.0169131 -5.68252 0 3 0 0 -5.41602  -5.74723 0 2.79749 0 0 -5.50715  -0.0219369 0 0.0256507 0 0 -0.00911838  0.0866445 0 0.176857 0 0 0.100249  0 0 0 0 0 0  
172.159 4.24429 0.0165522 -5.74791 0 3 0 0 -5.46239  -5.81194 0 2.80803 0 0 -5.55541  -0.022041 0 0.0235376 0 0 -0.00736286  0.0860705 0 0.168434 0 0 0.100376  0 0 0 0 0 0  
172.788 4.25489 0.0169442 -5.73883 0 3 0 0 -5.50012  -5.80097 0 2.80939 0 0 -5.59812  -0.0215296 0 0.0231372 0 0 -0.00351934  0.083662 0 0.167473 0 0 0.101519  0 0 0 0 0 0  
173.416 4.26587 0.0178734 -5.65469 0 3 0 0 -5.56494  -5.70701 0 2.80171 0 0 -5.65639  -0.0179018 0 0.0249866 0 0 -0.00695052  0.0702259 0 0.173305 0 0 0.0984025  0 0 0 0 0 0  
174.044 4.27747 0.0193118 -5.63359 0 3 0 0 -5.53721  -5.67835 0 2.78367 0 0 -5.63408  -0.0147996 0 0.0307617 0 0 0.000575258  0.0595563 0 0.185569 0 0 0.0962919  0 0 0 0 0 0  
174.673 4.29012 0.0212242 -5.41537 0 3 0 0 -5.48667  -5.45916 0 2.75601 0 0 -5.58505  -0.0163337 0 0.035602 0 0 -0.00576453  0.0601295 0 0.208386 0 0 0.104147  0 0 0 0 0 0  
175.301 4.30376 0.0223155 -5.35724 0 3 0 0 -5.38477  -5.4043 0 2.73636 0 0 -5.47612  -0.00993708 0 0.037631 0 0 -0.00580162  0.0569986 0 0.226006 0 0 0.0971525  0 0 0 0 0 0  
175.929 4.31774 0.0223705 -5.22627 0 3 0 0 -5.27475  -5.29143 0 2.72608 0 0 -5.38555  -0.0153896 0 0.0345047 0 0 -0.0115149  0.0805421 0 0.239411 0 0 0.122319  0 0 0 0 0 0  
176.558 4.3324 0.0233999 -5.23579 0 3 0 0 -5.21486  -5.29917 0 2.70769 0 0 -5.33508  -0.0138833 0 0.0361471 0 0 -0.00663524  0.0772635 0 0.256168 0 0 0.126852  0 0 0 0 0 0  
177.186 4.3475 0.0248801 -5.23184 0 3 0 0 -5.02024  -5.31307 0 2.69239 0 0 -5.14362  -0.0161275 0 0.0379475 0 0 -0.0115512  0.0973546 0 0.269664 0 0 0.134936  0 0 0 0 0 0  
177.814 4.36342 0.0258949 -5.23516 0 3 0 0 -4.86773  -5.32272 0 2.67794 0 0 -4.9871  -0.0254591 0 0.0386362 0 0 -0.0192103  0.113012 0 0.283427 0 0 0.138584  0 0 0 0 0 0  
178.442 4.37983 0.0264129 -5.1953 0 3 0 0 -4.75672  -5.30199 0 2.67013 0 0 -4.88413  -0.0281777 0 0.0450029 0 0 -0.0182503  0.134875 0 0.284866 0 0 0.145662  0 0 0 0 0 0  
179.071 4.39595 0.0253644 -5.17005 0 3 0 0 -4.67675  -5.27502 0 2.68828 0 0 -4.79374  -0.0326463 0 0.0411649 0 0 -0.0277  0.137611 0 0.270553 0 0 0.144686  0 0 0 0 0 0  
179.699 4.41166 0.0244654 -5.28949 0 3 0 0 -4.76922  -5.375 0 2.70679 0 0 -4.86324  -0.0280279 0 0.0441895 0 0 -0.0270165  0.113539 0 0.249022 0 0 0.121035  0 0 0 0 0 0  
180.327 4.42645 0.0228243 -5.41323 0 3 0 0 -4.85992  -5.48805 0 2.74307 0 0 -4.94747  -0.0274328 0 0.0362627 0 0 -0.0233209  0.102256 0 0.220667 0 0 0.110871  0 0 0 0 0 0  
180.956 4.44036 0.0213033 -5.50453 0 3 0 0 -4.82875  -5.56794 0 2.75434 0 0 -4.89858  -0.0305022 0 0.0321718 0 0 -0.0245223  0.0939109 0 0.213488 0 0 0.0943517  0 0 0 0 0 0  
181.584 4.45364 0.0206716 -5.51099 0 3 0 0 -4.7805  -5.60132 0 2.75622 0 0 -4.87065  -0.0260835 0 0.0267631 0 0 -0.0244275  0.116408 0 0.21702 0 0 0.11457  0 0 0 0 0 0  
182.212 4.46655 0.0207476 -5.55256 0 3 0 0 -4.80787  -5.63059 0 2.75182 0 0 -4.88936  -0.0276803 0 0.0275575 0 0 -0.025795  0.105707 0 0.220622 0 0 0.107278  0 0 0 0 0 0  
182.841 4.47972 0.0215106 -5.58458 0 3 0 0 -4.82227  -5.66289 0 2.74579 0 0 -4.90058  -0.0295659 0 0.0295664 0 0 -0.028386  0.107875 0 0.22464 0 0 0.106696  0 0 0 0 0 0  
183.469 4.49304 0.0213866 -5.62427 0 3 0 0 -4.82733  -5.70155 0 2.73249 0 0 -4.92164  -0.034824 0 0.0306944 0 0 -0.0292715  0.112097 0 0.236819 0 0 0.123579  0 0 0 0 0 0  
184.097 4.50595 0.0196554 -5.62016 0 3 0 0 -4.89561  -5.69569 0 2.74939 0 0 -4.99491  -0.0227734 0 0.0289538 0 0 -0.0263829  0.0982966 0 0.221659 0 0 0.125677  0 0 0 0 0 0  
184.726 4.5183 0.0198853 -5.65976 0 3 0 0 -4.9109  -5.73264 0 2.75114 0 0 -5.01776  -0.0245463 0 0.0292078 0 0 -0.0248625  0.0974233 0 0.219654 0 0 0.131729  0 0 0 0 0 0  
185.354 4.53106 0.0205387 -5.62635 0 3 0 0 -4.97324  -5.69623 0 2.74589 0 0 -5.06905  -0.0254946 0 0.0319485 0 0 -0.0234307  0.0953752 0 0.222158 0 0 0.119235  0 0 0 0 0 0  
185.982 4.5444 0.0215964 -5.55577 0 3 0 0 -5.05947  -5.63645 0 2.75351 0 0 -5.15133  -0.0202719 0 0.0308689 0 0 -0.0216698  0.100952 0 0.215624 0 0 0.113526  0 0 0 0 0 0  
186.611 4.55803 0.0212336 -5.50305 0 3 0 0 -5.0521  -5.57976 0 2.75598 0 0 -5.1375  -0.0236178 0 0.0280817 0 0 -0.0263423  0.100322 0 0.21594 0 0 0.111747  0 0 0 0 0 0  
187.239 4.57155 0.022035 -5.40708 0 3 0 0 -4.99365  -5.49226 0 2.74436 0 0 -5.08728  -0.0285997 0 0.0285981 0 0 -0.0274877  0.113777 0 0.227044 0 0 0.12112  0 0 0 0 0 0  
187.867 4.5857 0.0230473 -5.09726 0 3 0 0 -4.85145  -5.19419 0 2.73373 0 0 -4.95951  -0.0298533 0 0.0286547 0 0 -0.0317971  0.126782 0 0.237612 0 0 0.13986  0 0 0 0 0 0  
188.496 4.60021 0.0234906 -4.77086 0 3 0 0 -4.68199  -4.88709 0 2.70388 0 0 -4.81434  -0.029596 0 0.0309457 0 0 -0.0241558  0.145824 0 0.26517 0 0 0.156512  0 0 0 0 0 0  
189.124 4.61527 0.025034 -4.5727 0 3 0 0 -4.55933  -4.7404 0 2.66335 0 0 -4.71575  -0.0345502 0 0.0309027 0 0 -0.0316221  0.202243 0 0.305746 0 0 0.188045  0 0 0 0 0 0  
189.752 4.63153 0.0265423 -4.55687 0 3 0 0 -4.50337  -4.72284 0 2.63828 0 0 -4.65092  -0.0425969 0 0.0335355 0 0 -0.0405996  0.208567 0 0.328186 0 0 0.188149  0 0 0 0 0 0  
190.381 4.64843 0.0270131 -4.4568 0 3 0 0 -4.52451  -4.62063 0 2.62201 0 0 -4.67713  -0.037745 0 0.0412342 0 0 -0.039909  0.201575 0 0.336752 0 0 0.192524  0 0 0 0 0 0  
191.009 4.6654 0.0265671 -4.47737 0 3 0 0 -4.53258  -4.62905 0 2.62714 0 0 -4.67626  -0.0439141 0 0.042687 0 0 -0.0410095  0.195598 0 0.330173 0 0 0.184694  0 0 0 0 0 0  
191.637 4.68217 0.0263624 -4.55222 0 3 0 0 -4.70443  -4.67681 0 2.65055 0 0 -4.83007  -0.0431255 0 0.0389038 0 0 -0.0417599  0.167722 0 0.310544 0 0 0.167398  0 0 0 0 0 0  
192.265 4.69909 0.0275614 -4.75456 0 3 0 0 -4.80219  -4.88985 0 2.65235 0 0 -4.93499  -0.0374109 0 0.0406027 0 0 -0.0392713  0.172697 0 0.30705 0 0 0.172073  0 0 0 0 0 0  
192.894 4.71637 0.0268633 -4.86579 0 3 0 0 -4.84538  -4.99406 0 2.66259 0 0 -4.96666  -0.0313486 0 0.040852 0 0 -0.0358586  0.159621 0 0.296558 0 0 0.157143  0 0 0 0 0 0  
193.522 4.73295 0.0255375 -5.06452 0 3 0 0 -5.00103  -5.1661 0 2.66374 0 0 -5.09787  -0.0353471 0 0.0435067 0 0 -0.0273884  0.136932 0 0.29275 0 0 0.124229  0 0 0 0 0 0  
194.15 4.74895 0.0249739 -5.08288 0 3 0 0 -5.10281  -5.21909 0 2.68513 0 0 -5.22006  -0.0347681 0 0.035834 0 0 -0.03004  0.170979 0 0.279036 0 0 0.147296  0 0 0 0 0 0  
194.779 4.76469 0.0257494 -5.00498 0 3 0 0 -5.07467  -5.13354 0 2.66914 0 0 -5.20627  -0.040079 0 0.0343735 0 0 -0.037344  0.168641 0 0.296485 0 0 0.168945  0 0 0 0 0 0  
195.407 4.7808 0.0255524 -4.99395 0 3 0 0 -5.15177  -5.10344 0 2.67248 0 0 -5.27192  -0.0426876 0 0.0362978 0 0 -0.0359341  0.152175 0 0.291223 0 0 0.156084  0 0 0 0 0 0  
196.035 4.79669 0.0254506 -4.90466 0 3 0 0 -5.22079  -4.99608 0 2.65778 0 0 -5.34214  -0.0472914 0 0.0405198 0 0 -0.0381085  0.138715 0 0.301696 0 0 0.159464  0 0 0 0 0 0  
196.664 4.81271 0.025284 -4.84887 0 3 0 0 -5.42517  -4.92284 0 2.66105 0 0 -5.52591  -0.0439113 0 0.0385895 0 0 -0.0390414  0.11788 0 0.300357 0 0 0.139789  0 0 0 0 0 0  
197.292 4.82824 0.0243425 -4.89138 0 3 0 0 -5.54672  -4.9596 0 2.67991 0 0 -5.64069  -0.0513861 0 0.0351109 0 0 -0.0347054  0.119602 0 0.284976 0 0 0.128682  0 0 0 0 0 0  
197.92 4.8435 0.0243742 -4.89136 0 3 0 0 -5.62181  -4.95727 0 2.69432 0 0 -5.72153  -0.0461673 0 0.0359088 0 0 -0.0264719  0.112074 0 0.269768 0 0 0.126194  0 0 0 0 0 0  
198.549 4.85875 0.0243169 -4.88784 0 3 0 0 -5.60471  -4.95282 0 2.71146 0 0 -5.69724  -0.0394019 0 0.0391176 0 0 -0.0262556  0.10438 0 0.249419 0 0 0.118783  0 0 0 0 0 0  
199.177 4.8739 0.0238845 -4.94003 0 3 0 0 -5.58716  -5.00493 0 2.7159 0 0 -5.68831  -0.0389102 0 0.038019 0 0 -0.0236155  0.103811 0 0.246083 0 0 0.124767  0 0 0 0 0 0  
199.805 4.88877 0.0234839 -5.0825 0 3 0 0 -5.51856  -5.15235 0 2.72299 0 0 -5.61871  -0.0350603 0 0.0369625 0 0 -0.0247474  0.104911 0 0.240048 0 0 0.124897  0 0 0 0 0 0  
200.434 4.90342 0.0229634 -5.15386 0 3 0 0 -5.45464  -5.22809 0 2.74295 0 0 -5.55314  -0.0359152 0 0.0354166 0 0 -0.0250907  0.110138 0 0.221633 0 0 0.123591  0 0 0 0 0 0  
201.062 4.91818 0.0238828 -5.23273 0 3 0 0 -5.4565  -5.287 0 2.72762 0 0 -5.54932  -0.0374731 0 0.0380286 0 0 -0.0265453  0.0917482 0 0.234349 0 0 0.119364  0 0 0 0 0 0  
201.69 4.93312 0.0236076 -5.14345 0 3 0 0 -5.48431  -5.1936 0 2.73512 0 0 -5.57586  -0.0271445 0 0.0393112 0 0 -0.0126308  0.0772905 0 0.22557 0 0 0.104187  0 0 0 0 0 0  
202.319 4.94835 0.0247083 -5.02219 0 3 0 0 -5.51469  -5.09479 0 2.7167 0 0 -5.6115  -0.0253463 0 0.037164 0 0 -0.0151048  0.0979383 0 0.246135 0 0 0.111915  0 0 0 0 0 0  
202.947 4.9643 0.0255248 -4.83258 0 3 0 0 -5.38889  -4.91944 0 2.69963 0 0 -5.49725  -0.0228155 0 0.0428812 0 0 -0.0188338  0.109676 0 0.257493 0 0 0.127194  0 0 0 0 0 0  
203.575 4.9805 0.0254901 -4.65575 0 3 0 0 -5.3341  -4.73788 0 2.68019 0 0 -5.44239  -0.0275161 0 0.0428633 0 0 -0.0226246  0.109647 0 0.276949 0 0 0.130914  0 0 0 0 0 0  
204.204 4.99635 0.0247142 -4.58309 0 3 0 0 -5.2069  -4.6664 0 2.67433 0 0 -5.30469  -0.0319021 0 0.0432215 0 0 -0.0225244  0.115216 0 0.282452 0 0 0.120311  0 0 0 0 0 0  
204.832 5.01184 0.0245065 -4.55575 0 3 0 0 -5.0588  -4.64646 0 2.68062 0 0 -5.1798  -0.02674 0 0.0377871 0 0 -0.0188168  0.117445 0 0.281592 0 0 0.139821  0 0 0 0 0 0  
