# LF_DEM version v3.0-126-gb72fb1a
# np 1000
# VF 0.76
# Lx 73.993
# Ly 0
# Lz 73.993
# flow_type shear
# data in cl units.
#1: time
#2: cumulated strain
#3: shear rate
#4-9: total stress tensor (xx, xy, xz, yz, yy, zz)
#10-15: contact stress tensor (xx, xy, xz, yz, yy, zz)
#16-21: dashpot stress tensor (xx, xy, xz, yz, yy, zz)
#22-27: hydro stress tensor (xx, xy, xz, yz, yy, zz)
#28-33: repulsion stress tensor (xx, xy, xz, yz, yy, zz)

0.0628319 0.000419105 0.00667026 -0.364995 0 0.3 0 0 -0.342421  -0.394983 0 0.208708 0 0 -0.402271  -0.0134068 0 0.00622639 0 0 -0.0134548  0.0433947 0 0.0850656 0 0 0.0733058  0 0 0 0 0 0  
6.28319 0.0426394 0.00683241 -0.372941 0 0.3 0 0 -0.347937  -0.400822 0 0.20533 0 0 -0.405627  -0.0141225 0 0.00671436 0 0 -0.0164862  0.0420037 0 0.0879558 0 0 0.0741766  0 0 0 0 0 0  
12.5664 0.0858786 0.00691165 -0.39083 0 0.3 0 0 -0.355667  -0.419346 0 0.210121 0 0 -0.411409  -0.0126519 0 0.00745075 0 0 -0.0166976  0.0411684 0 0.0824282 0 0 0.0724394  0 0 0 0 0 0  
18.8496 0.129265 0.00693798 -0.412575 0 0.3 0 0 -0.354535  -0.43773 0 0.209637 0 0 -0.41163  -0.0121411 0 0.00804111 0 0 -0.0166681  0.037296 0 0.0823223 0 0 0.0737626  0 0 0 0 0 0  
25.1327 0.172923 0.00711928 -0.40382 0 0.3 0 0 -0.331555  -0.431808 0 0.207374 0 0 -0.391866  -0.0109005 0 0.00794491 0 0 -0.0143232  0.0388885 0 0.0846811 0 0 0.0746342  0 0 0 0 0 0  
31.4159 0.21916 0.00754803 -0.368836 0 0.3 0 0 -0.300421  -0.399502 0 0.197779 0 0 -0.365769  -0.0139515 0 0.00799867 0 0 -0.0174573  0.0446167 0 0.0942224 0 0 0.0828056  0 0 0 0 0 0  
37.6991 0.266228 0.00734025 -0.335669 0 0.3 0 0 -0.290136  -0.367569 0 0.189159 0 0 -0.361068  -0.0192435 0 0.006466 0 0 -0.0225173  0.0511429 0 0.104375 0 0 0.0934492  0 0 0 0 0 0  
43.9823 0.311358 0.00706907 -0.333155 0 0.3 0 0 -0.297214  -0.369129 0 0.195954 0 0 -0.361991  -0.0193044 0 0.00593989 0 0 -0.0208993  0.0552786 0 0.0981062 0 0 0.0856768  0 0 0 0 0 0  
50.2655 0.354082 0.00671865 -0.352599 0 0.3 0 0 -0.315022  -0.38478 0 0.200059 0 0 -0.37576  -0.0168014 0 0.0063951 0 0 -0.0186472  0.0489821 0 0.0935459 0 0 0.0793851  0 0 0 0 0 0  
56.5487 0.395935 0.00657751 -0.368362 0 0.3 0 0 -0.343853  -0.39869 0 0.203659 0 0 -0.396416  -0.0167721 0 0.00647048 0 0 -0.0186073  0.047101 0 0.0898704 0 0 0.0711699  0 0 0 0 0 0  
62.8319 0.436404 0.0062692 -0.388662 0 0.3 0 0 -0.37864  -0.415246 0 0.211961 0 0 -0.42406  -0.0131968 0 0.00821494 0 0 -0.0138073  0.0397814 0 0.0798245 0 0 0.0592272  0 0 0 0 0 0  
69.115 0.475303 0.00614633 -0.423202 0 0.3 0 0 -0.405638  -0.441189 0 0.21638 0 0 -0.443593  -0.0105712 0 0.00934506 0 0 -0.0125163  0.0285578 0 0.0742748 0 0 0.0504715  0 0 0 0 0 0  
75.3982 0.514436 0.00635497 -0.421394 0 0.3 0 0 -0.392592  -0.446047 0 0.217575 0 0 -0.438297  -0.00909482 0 0.00855461 0 0 -0.0117202  0.0337477 0 0.0738702 0 0 0.0574249  0 0 0 0 0 0  
81.6814 0.554448 0.00639981 -0.404423 0 0.3 0 0 -0.39837  -0.430764 0 0.215102 0 0 -0.437784  -0.0094975 0 0.00901708 0 0 -0.0153162  0.0358384 0 0.0758811 0 0 0.0547296  0 0 0 0 0 0  
87.9646 0.595917 0.00682571 -0.381662 0 0.3 0 0 -0.388234  -0.415683 0 0.21016 0 0 -0.434713  -0.010589 0 0.00849253 0 0 -0.0154337  0.0446104 0 0.0813475 0 0 0.061913  0 0 0 0 0 0  
94.2478 0.639907 0.00717992 -0.367286 0 0.3 0 0 -0.367428  -0.405281 0 0.202755 0 0 -0.421774  -0.0146497 0 0.00760011 0 0 -0.0185563  0.0526443 0 0.0896454 0 0 0.0729027  0 0 0 0 0 0  
100.531 0.685773 0.00736114 -0.348153 0 0.3 0 0 -0.338421  -0.384806 0 0.195952 0 0 -0.396072  -0.0161061 0 0.00841526 0 0 -0.0208173  0.0527595 0 0.095633 0 0 0.0784682  0 0 0 0 0 0  
106.814 0.732821 0.00760203 -0.322932 0 0.3 0 0 -0.314788  -0.364237 0 0.191303 0 0 -0.374789  -0.0193875 0 0.00760998 0 0 -0.0201142  0.0606921 0 0.101087 0 0 0.0801146  0 0 0 0 0 0  
113.097 0.780508 0.00756619 -0.306448 0 0.3 0 0 -0.308973  -0.345149 0 0.185853 0 0 -0.368117  -0.0196675 0 0.00755565 0 0 -0.022375  0.0583692 0 0.106591 0 0 0.0815194  0 0 0 0 0 0  
119.381 0.827787 0.00757042 -0.314455 0 0.3 0 0 -0.329217  -0.349462 0 0.190735 0 0 -0.380528  -0.0175362 0 0.0095956 0 0 -0.0190614  0.0525434 0 0.0996696 0 0 0.070372  0 0 0 0 0 0  
125.664 0.874422 0.00736013 -0.330619 0 0.3 0 0 -0.341082  -0.356879 0 0.198729 0 0 -0.388349  -0.0154588 0 0.010542 0 0 -0.0183703  0.0417193 0 0.0907289 0 0 0.0656374  0 0 0 0 0 0  
131.947 0.920132 0.0072064 -0.34205 0 0.3 0 0 -0.32672  -0.366317 0 0.19861 0 0 -0.37937  -0.0169773 0 0.00919129 0 0 -0.0199522  0.0412442 0 0.0921986 0 0 0.0726019  0 0 0 0 0 0  
138.23 0.965669 0.00726997 -0.348262 0 0.3 0 0 -0.307352  -0.375815 0 0.197191 0 0 -0.373405  -0.0188265 0 0.00682995 0 0 -0.0238576  0.0463795 0 0.0959793 0 0 0.0899111  0 0 0 0 0 0  
144.513 1.01089 0.00704185 -0.359174 0 0.3 0 0 -0.326638  -0.385312 0 0.198507 0 0 -0.383911  -0.0204298 0 0.00769954 0 0 -0.0217623  0.046568 0 0.093793 0 0 0.0790353  0 0 0 0 0 0  
150.796 1.05368 0.00658589 -0.382392 0 0.3 0 0 -0.36412  -0.404232 0 0.207171 0 0 -0.40948  -0.0204183 0 0.00824109 0 0 -0.0180589  0.0422584 0 0.0845878 0 0 0.0634189  0 0 0 0 0 0  
157.08 1.09498 0.00653505 -0.405304 0 0.3 0 0 -0.394903  -0.425037 0 0.217435 0 0 -0.433178  -0.0153683 0 0.00782769 0 0 -0.0135899  0.0351012 0 0.0747374 0 0 0.0518643  0 0 0 0 0 0  
163.363 1.13606 0.006558 -0.415027 0 0.3 0 0 -0.398426  -0.436986 0 0.216162 0 0 -0.438773  -0.0164504 0 0.00719523 0 0 -0.013955  0.0384093 0 0.0766431 0 0 0.0543013  0 0 0 0 0 0  
169.646 1.17757 0.00664887 -0.415138 0 0.3 0 0 -0.39024  -0.442486 0 0.213806 0 0 -0.430402  -0.0152655 0 0.00721724 0 0 -0.0115623  0.042613 0 0.0789764 0 0 0.0517249  0 0 0 0 0 0  
175.929 1.21929 0.00661281 -0.418805 0 0.3 0 0 -0.39376  -0.443314 0 0.213236 0 0 -0.430745  -0.0142202 0 0.00790533 0 0 -0.0120009  0.0387287 0 0.0788591 0 0 0.0489863  0 0 0 0 0 0  
182.212 1.26081 0.00661451 -0.431821 0 0.3 0 0 -0.401312  -0.456727 0 0.214481 0 0 -0.437134  -0.0130896 0 0.0090504 0 0 -0.0106789  0.0379959 0 0.0764688 0 0 0.0465011  0 0 0 0 0 0  
188.496 1.30203 0.00652175 -0.438024 0 0.3 0 0 -0.407852  -0.459391 0 0.217851 0 0 -0.441117  -0.012189 0 0.00899922 0 0 -0.0110106  0.0335556 0 0.0731496 0 0 0.0442759  0 0 0 0 0 0  
194.779 1.34272 0.00653183 -0.424361 0 0.3 0 0 -0.415261  -0.443818 0 0.220158 0 0 -0.443376  -0.012822 0 0.00964767 0 0 -0.0108399  0.0322799 0 0.0701943 0 0 0.0389552  0 0 0 0 0 0  
201.062 1.38434 0.00672397 -0.40055 0 0.3 0 0 -0.405517  -0.424937 0 0.213235 0 0 -0.440778  -0.0151294 0 0.00840061 0 0 -0.0129432  0.039516 0 0.0783647 0 0 0.0482036  0 0 0 0 0 0  
207.345 1.42739 0.00691447 -0.377391 0 0.3 0 0 -0.379284  -0.402087 0 0.207396 0 0 -0.421379  -0.0145234 0 0.00934573 0 0 -0.0154515  0.039219 0 0.0832579 0 0 0.0575464  0 0 0 0 0 0  
213.628 1.4711 0.00698127 -0.360091 0 0.3 0 0 -0.346007  -0.390722 0 0.205229 0 0 -0.398637  -0.0133072 0 0.00662771 0 0 -0.0190266  0.0439382 0 0.0881434 0 0 0.0716565  0 0 0 0 0 0  
219.911 1.51414 0.00678634 -0.369365 0 0.3 0 0 -0.333989  -0.402488 0 0.204063 0 0 -0.383408  -0.0163432 0 0.00785211 0 0 -0.0196326  0.0494655 0 0.0880849 0 0 0.0690515  0 0 0 0 0 0  
226.195 1.55697 0.00671264 -0.366551 0 0.3 0 0 -0.331442  -0.402285 0 0.20417 0 0 -0.380629  -0.0176976 0 0.00802358 0 0 -0.0204419  0.0534321 0 0.0878062 0 0 0.0696289  0 0 0 0 0 0  
232.478 1.59902 0.0067205 -0.363736 0 0.3 0 0 -0.324564  -0.399137 0 0.202509 0 0 -0.381584  -0.0157918 0 0.00771562 0 0 -0.018681  0.0511924 0 0.0897749 0 0 0.0757014  0 0 0 0 0 0  
238.761 1.64089 0.00660322 -0.372941 0 0.3 0 0 -0.34077  -0.40755 0 0.207547 0 0 -0.397336  -0.0156511 0 0.0078947 0 0 -0.0178854  0.0502602 0 0.0845587 0 0 0.0744513  0 0 0 0 0 0  
245.044 1.68283 0.00680205 -0.377317 0 0.3 0 0 -0.339418  -0.412469 0 0.207571 0 0 -0.396022  -0.0152221 0 0.0079437 0 0 -0.0168112  0.0503745 0 0.0844857 0 0 0.073415  0 0 0 0 0 0  
251.327 1.72619 0.00690437 -0.385555 0 0.3 0 0 -0.342514  -0.418742 0 0.206932 0 0 -0.395843  -0.0171689 0 0.00787783 0 0 -0.0145127  0.0503552 0 0.0851905 0 0 0.0678411  0 0 0 0 0 0  
257.611 1.76974 0.00693616 -0.385817 0 0.3 0 0 -0.336163  -0.422336 0 0.203114 0 0 -0.393482  -0.020335 0 0.00640702 0 0 -0.0171791  0.0568536 0 0.0904794 0 0 0.0744975  0 0 0 0 0 0  
263.894 1.81345 0.00697386 -0.383449 0 0.3 0 0 -0.324767  -0.422704 0 0.202293 0 0 -0.390483  -0.0208847 0 0.00645617 0 0 -0.0163339  0.0601405 0 0.0912503 0 0 0.0820491  0 0 0 0 0 0  
270.177 1.85821 0.00722554 -0.376973 0 0.3 0 0 -0.326884  -0.412326 0 0.200083 0 0 -0.389019  -0.018546 0 0.0077516 0 0 -0.0184754  0.0538993 0 0.092165 0 0 0.0806105  0 0 0 0 0 0  
276.46 1.90389 0.00721599 -0.356193 0 0.3 0 0 -0.297088  -0.392556 0 0.199271 0 0 -0.355359  -0.0190294 0 0.00778303 0 0 -0.0184705  0.0553926 0 0.0929459 0 0 0.0767418  0 0 0 0 0 0  
282.743 1.94857 0.0069376 -0.3472 0 0.3 0 0 -0.268983  -0.38799 0 0.195115 0 0 -0.339433  -0.022064 0 0.00445095 0 0 -0.0262528  0.0628543 0 0.100434 0 0 0.0967032  0 0 0 0 0 0  
289.027 1.99204 0.00689651 -0.361359 0 0.3 0 0 -0.296627  -0.403032 0 0.197297 0 0 -0.359183  -0.0233944 0 0.00464899 0 0 -0.0244989  0.0650673 0 0.0980538 0 0 0.0870553  0 0 0 0 0 0  
295.31 2.03686 0.00733331 -0.373554 0 0.3 0 0 -0.322203  -0.412014 0 0.198718 0 0 -0.377759  -0.0230997 0 0.00552024 0 0 -0.0224183  0.0615593 0 0.0957621 0 0 0.0779737  0 0 0 0 0 0  
301.593 2.08366 0.00747744 -0.371693 0 0.3 0 0 -0.319522  -0.410305 0 0.195399 0 0 -0.367467  -0.0203768 0 0.00718467 0 0 -0.0228382  0.0589885 0 0.0974167 0 0 0.0707827  0 0 0 0 0 0  
307.876 2.13007 0.00746855 -0.362005 0 0.3 0 0 -0.297149  -0.402954 0 0.196866 0 0 -0.354242  -0.0166837 0 0.00567193 0 0 -0.0228175  0.0576325 0 0.0974624 0 0 0.0799103  0 0 0 0 0 0  
314.159 2.17638 0.00732286 -0.365504 0 0.3 0 0 -0.289482  -0.403204 0 0.197679 0 0 -0.344948  -0.0208016 0 0.00570196 0 0 -0.0222892  0.0585009 0 0.0966195 0 0 0.0777547  0 0 0 0 0 0  
320.442 2.22184 0.00710874 -0.371992 0 0.3 0 0 -0.280655  -0.410746 0 0.201362 0 0 -0.335215  -0.0210344 0 0.00583539 0 0 -0.0205038  0.0597885 0 0.0928025 0 0 0.0750639  0 0 0 0 0 0  
326.726 2.26691 0.00728332 -0.370135 0 0.3 0 0 -0.28568  -0.412007 0 0.201051 0 0 -0.336171  -0.0206624 0 0.00573022 0 0 -0.0200469  0.0625345 0 0.0932186 0 0 0.0705376  0 0 0 0 0 0  
333.009 2.31358 0.00747691 -0.362703 0 0.3 0 0 -0.29195  -0.399837 0 0.197346 0 0 -0.336198  -0.0206261 0 0.00696424 0 0 -0.0184127  0.0577601 0 0.0956896 0 0 0.0626604  0 0 0 0 0 0  
339.292 2.36063 0.00747202 -0.361223 0 0.3 0 0 -0.308585  -0.388654 0 0.198168 0 0 -0.350135  -0.0193231 0 0.00796116 0 0 -0.0236141  0.0467536 0 0.0938713 0 0 0.0651644  0 0 0 0 0 0  
345.575 2.40693 0.00718153 -0.366595 0 0.3 0 0 -0.321414  -0.391143 0 0.207158 0 0 -0.365451  -0.0195161 0 0.00829157 0 0 -0.0206577  0.0440643 0 0.0845505 0 0 0.0646945  0 0 0 0 0 0  
351.858 2.45163 0.00705276 -0.379274 0 0.3 0 0 -0.34305  -0.404668 0 0.209124 0 0 -0.387541  -0.0213326 0 0.006787 0 0 -0.0200138  0.0467267 0 0.0840886 0 0 0.0645051  0 0 0 0 0 0  
358.142 2.49486 0.00694758 -0.408003 0 0.3 0 0 -0.365822  -0.43025 0 0.212332 0 0 -0.403302  -0.0165725 0 0.00733122 0 0 -0.017059  0.03882 0 0.0803369 0 0 0.0545384  0 0 0 0 0 0  
364.425 2.53754 0.00662598 -0.429515 0 0.3 0 0 -0.385585  -0.449239 0 0.214375 0 0 -0.418713  -0.0166477 0 0.0078425 0 0 -0.0169766  0.0363714 0 0.0777824 0 0 0.0501043  0 0 0 0 0 0  
370.708 2.5798 0.0068651 -0.42016 0 0.3 0 0 -0.376799  -0.441431 0 0.216381 0 0 -0.415617  -0.0148349 0 0.00798637 0 0 -0.0128828  0.036106 0 0.0756328 0 0 0.0517011  0 0 0 0 0 0  
376.991 2.6236 0.00709975 -0.392957 0 0.3 0 0 -0.347906  -0.415524 0 0.210079 0 0 -0.392227  -0.0166415 0 0.00764491 0 0 -0.0141588  0.0392082 0 0.0822758 0 0 0.0584796  0 0 0 0 0 0  
383.274 2.66846 0.00711838 -0.383627 0 0.3 0 0 -0.324078  -0.409297 0 0.203892 0 0 -0.376874  -0.0178677 0 0.00818955 0 0 -0.0164466  0.0435375 0 0.0879184 0 0 0.0692428  0 0 0 0 0 0  
389.557 2.71361 0.00722679 -0.388701 0 0.3 0 0 -0.303397  -0.416532 0 0.200904 0 0 -0.358499  -0.0189898 0 0.00752051 0 0 -0.0177766  0.0468209 0 0.0915751 0 0 0.0728789  0 0 0 0 0 0  
395.841 2.75972 0.00730429 -0.415258 0 0.3 0 0 -0.297375  -0.438996 0 0.201727 0 0 -0.350144  -0.0194745 0 0.00847742 0 0 -0.0175449  0.0432125 0 0.0897953 0 0 0.070314  0 0 0 0 0 0  
402.124 2.80418 0.0067926 -0.434034 0 0.3 0 0 -0.304851  -0.457169 0 0.208179 0 0 -0.35561  -0.0164969 0 0.00843115 0 0 -0.0141579  0.0396325 0 0.0833901 0 0 0.0649173  0 0 0 0 0 0  
408.407 2.84642 0.00673494 -0.437577 0 0.3 0 0 -0.311026  -0.462875 0 0.21156 0 0 -0.357097  -0.0122731 0 0.00784945 0 0 -0.0132184  0.0375706 0 0.0805908 0 0 0.0592893  0 0 0 0 0 0  
414.69 2.88797 0.00646504 -0.431514 0 0.3 0 0 -0.307052  -0.455633 0 0.211457 0 0 -0.354619  -0.0130394 0 0.00836646 0 0 -0.0171684  0.0371588 0 0.0801768 0 0 0.0647359  0 0 0 0 0 0  
420.973 2.92763 0.00602875 -0.439959 0 0.3 0 0 -0.331261  -0.459479 0 0.215108 0 0 -0.37251  -0.0127847 0 0.00928889 0 0 -0.0156863  0.0323047 0 0.0756036 0 0 0.0569359  0 0 0 0 0 0  
427.257 2.9643 0.00569187 -0.469455 0 0.3 0 0 -0.378559  -0.490119 0 0.224385 0 0 -0.418377  -0.00955549 0 0.00867028 0 0 -0.00990335  0.03022 0 0.0669445 0 0 0.049722  0 0 0 0 0 0  
433.54 3.0007 0.00589559 -0.492364 0 0.3 0 0 -0.390838  -0.51334 0 0.224082 0 0 -0.428872  -0.00850627 0 0.00795462 0 0 -0.00864616  0.029483 0 0.0679631 0 0 0.0466808  0 0 0 0 0 0  
439.823 3.03811 0.00601184 -0.485216 0 0.3 0 0 -0.379012  -0.508975 0 0.220689 0 0 -0.417602  -0.00924709 0 0.00757468 0 0 -0.0110802  0.0330068 0 0.0717361 0 0 0.0496703  0 0 0 0 0 0  
446.106 3.07616 0.00608648 -0.453886 0 0.3 0 0 -0.357979  -0.48176 0 0.218753 0 0 -0.399979  -0.00926554 0 0.00815179 0 0 -0.0102286  0.0371396 0 0.0730953 0 0 0.052229  0 0 0 0 0 0  
452.389 3.11413 0.0060219 -0.424983 0 0.3 0 0 -0.347259  -0.463398 0 0.215467 0 0 -0.394233  -0.0116089 0 0.00750396 0 0 -0.0118446  0.0500241 0 0.0770291 0 0 0.0588183  0 0 0 0 0 0  
458.673 3.15312 0.00643017 -0.403579 0 0.3 0 0 -0.350364  -0.445551 0 0.211121 0 0 -0.395924  -0.0121425 0 0.00729861 0 0 -0.0140555  0.0541151 0 0.0815804 0 0 0.0596152  0 0 0 0 0 0  
464.956 3.19536 0.0069286 -0.400243 0 0.3 0 0 -0.350518  -0.439119 0 0.208228 0 0 -0.394876  -0.0126856 0 0.00794578 0 0 -0.0159907  0.0515617 0 0.0838266 0 0 0.0603482  0 0 0 0 0 0  
471.239 3.23986 0.00724432 -0.39182 0 0.3 0 0 -0.339669  -0.430413 0 0.204456 0 0 -0.380397  -0.0143564 0 0.00844979 0 0 -0.0155674  0.0529491 0 0.0870944 0 0 0.0562952  0 0 0 0 0 0  
477.522 3.28529 0.00715259 -0.388432 0 0.3 0 0 -0.33639  -0.424006 0 0.203036 0 0 -0.373982  -0.0163389 0 0.00937653 0 0 -0.0189314  0.0519128 0 0.0875876 0 0 0.056524  0 0 0 0 0 0  
483.805 3.33018 0.0070688 -0.39005 0 0.3 0 0 -0.329532  -0.42594 0 0.208755 0 0 -0.372154  -0.0152035 0 0.00843422 0 0 -0.0178663  0.0510934 0 0.0828113 0 0 0.0604881  0 0 0 0 0 0  
490.088 3.37402 0.00695746 -0.387773 0 0.3 0 0 -0.33595  -0.420933 0 0.207976 0 0 -0.380881  -0.0164472 0 0.00768602 0 0 -0.0185092  0.0496079 0 0.0843381 0 0 0.06344  0 0 0 0 0 0  
496.372 3.41794 0.00705017 -0.386878 0 0.3 0 0 -0.335332  -0.421507 0 0.206055 0 0 -0.382397  -0.0185498 0 0.00683046 0 0 -0.0207842  0.0531779 0 0.0871142 0 0 0.0678497  0 0 0 0 0 0  
502.655 3.46169 0.00688405 -0.390107 0 0.3 0 0 -0.349496  -0.421797 0 0.207195 0 0 -0.392893  -0.0164622 0 0.00903897 0 0 -0.0174189  0.0481519 0 0.0837657 0 0 0.0608152  0 0 0 0 0 0  
508.938 3.50437 0.00672394 -0.369394 0 0.3 0 0 -0.359126  -0.406582 0 0.207341 0 0 -0.405987  -0.0149888 0 0.00809128 0 0 -0.0167741  0.052177 0 0.0845672 0 0 0.0636355  0 0 0 0 0 0  
515.221 3.54726 0.00692567 -0.358422 0 0.3 0 0 -0.35808  -0.40244 0 0.203723 0 0 -0.411271  -0.0172581 0 0.00677592 0 0 -0.0163755  0.061276 0 0.0895013 0 0 0.0695663  0 0 0 0 0 0  
521.504 3.59193 0.00728189 -0.358835 0 0.3 0 0 -0.352038  -0.404741 0 0.201694 0 0 -0.404043  -0.0169154 0 0.00719233 0 0 -0.0153887  0.0628211 0 0.0911133 0 0 0.067394  0 0 0 0 0 0  
527.788 3.63819 0.00727924 -0.368619 0 0.3 0 0 -0.35199  -0.412722 0 0.201233 0 0 -0.401655  -0.0155011 0 0.00761418 0 0 -0.0157423  0.0596044 0 0.0911529 0 0 0.0654078  0 0 0 0 0 0  
534.071 3.68351 0.0071414 -0.366808 0 0.3 0 0 -0.354182  -0.404979 0 0.203017 0 0 -0.403423  -0.0147272 0 0.00844902 0 0 -0.0147172  0.0528985 0 0.0885337 0 0 0.0639582  0 0 0 0 0 0  
540.354 3.72886 0.00727439 -0.371785 0 0.3 0 0 -0.363531  -0.403026 0 0.199537 0 0 -0.413681  -0.0180789 0 0.00955634 0 0 -0.0184487  0.0493205 0 0.0909065 0 0 0.0685989  0 0 0 0 0 0  
546.637 3.77489 0.00733185 -0.367215 0 0.3 0 0 -0.370009  -0.398209 0 0.200606 0 0 -0.424509  -0.0182149 0 0.0100434 0 0 -0.0179187  0.0492085 0 0.0893511 0 0 0.0724193  0 0 0 0 0 0  
552.92 3.82093 0.00729209 -0.361492 0 0.3 0 0 -0.357915  -0.397355 0 0.198893 0 0 -0.411236  -0.0177381 0 0.00896763 0 0 -0.0188944  0.0536013 0 0.092139 0 0 0.0722152  0 0 0 0 0 0  
559.203 3.86632 0.00720507 -0.367198 0 0.3 0 0 -0.348617  -0.402547 0 0.198708 0 0 -0.40491  -0.0139079 0 0.00798023 0 0 -0.0180467  0.0492575 0 0.0933119 0 0 0.0743394  0 0 0 0 0 0  
565.487 3.91147 0.00717477 -0.375312 0 0.3 0 0 -0.341762  -0.408122 0 0.199604 0 0 -0.39347  -0.0148769 0 0.00911566 0 0 -0.0184972  0.0476872 0 0.0912802 0 0 0.0702052  0 0 0 0 0 0  
571.77 3.95676 0.00712331 -0.365812 0 0.3 0 0 -0.322077  -0.399583 0 0.196413 0 0 -0.381156  -0.0187812 0 0.00856526 0 0 -0.0211575  0.052552 0 0.0950221 0 0 0.0802366  0 0 0 0 0 0  
578.053 4.00098 0.00686218 -0.370973 0 0.3 0 0 -0.330972  -0.401365 0 0.204935 0 0 -0.382203  -0.0160589 0 0.00814245 0 0 -0.0193072  0.0464512 0 0.0869223 0 0 0.0705382  0 0 0 0 0 0  
584.336 4.04302 0.00658743 -0.374638 0 0.3 0 0 -0.361331  -0.405782 0 0.209627 0 0 -0.407716  -0.0151755 0 0.0072205 0 0 -0.0165192  0.0463199 0 0.0831526 0 0 0.0629033  0 0 0 0 0 0  
590.619 4.08427 0.00659155 -0.368903 0 0.3 0 0 -0.393298  -0.397707 0 0.212038 0 0 -0.436078  -0.0132863 0 0.0084727 0 0 -0.0138624  0.0420899 0 0.0794889 0 0 0.0566427  0 0 0 0 0 0  
596.903 4.12662 0.00689636 -0.364034 0 0.3 0 0 -0.399803  -0.389888 0 0.212056 0 0 -0.440597  -0.0141233 0 0.00840542 0 0 -0.011727  0.0399769 0 0.0795386 0 0 0.0525208  0 0 0 0 0 0  
603.186 4.17024 0.00697824 -0.356826 0 0.3 0 0 -0.388241  -0.380216 0 0.207771 0 0 -0.424175  -0.0147421 0 0.0103547 0 0 -0.0126396  0.038132 0 0.0818747 0 0 0.0485732  0 0 0 0 0 0  
609.469 4.21384 0.00691094 -0.344921 0 0.3 0 0 -0.382276  -0.369056 0 0.210049 0 0 -0.420447  -0.0137802 0 0.0110215 0 0 -0.0126429  0.0379153 0 0.0789297 0 0 0.0508141  0 0 0 0 0 0  
615.752 4.25767 0.00695613 -0.342751 0 0.3 0 0 -0.388083  -0.366931 0 0.208245 0 0 -0.429445  -0.0111465 0 0.0107934 0 0 -0.0148021  0.0353268 0 0.0809613 0 0 0.0561644  0 0 0 0 0 0  
622.035 4.30056 0.00674303 -0.326854 0 0.3 0 0 -0.387916  -0.360252 0 0.204873 0 0 -0.436654  -0.0155871 0 0.00758128 0 0 -0.0178609  0.0489849 0 0.0875453 0 0 0.0665993  0 0 0 0 0 0  
628.319 4.34323 0.00683212 -0.316416 0 0.3 0 0 -0.369164  -0.354384 0 0.203538 0 0 -0.423389  -0.0147303 0 0.0060274 0 0 -0.0188385  0.0526977 0 0.0904341 0 0 0.0730637  0 0 0 0 0 0  
634.602 4.38617 0.00689162 -0.316861 0 0.3 0 0 -0.374946  -0.352743 0 0.202277 0 0 -0.423479  -0.0166686 0 0.00649906 0 0 -0.0195332  0.0525507 0 0.0912244 0 0 0.0680668  0 0 0 0 0 0  
640.885 4.43022 0.00711277 -0.306993 0 0.3 0 0 -0.371478  -0.345552 0 0.200533 0 0 -0.420828  -0.0170494 0 0.00668236 0 0 -0.0197098  0.0556084 0 0.0927845 0 0 0.0690597  0 0 0 0 0 0  
647.168 4.47478 0.00705641 -0.327756 0 0.3 0 0 -0.386147  -0.361167 0 0.201486 0 0 -0.429043  -0.0185375 0 0.00793454 0 0 -0.0190233  0.0519479 0 0.0905795 0 0 0.0619198  0 0 0 0 0 0  
653.451 4.51857 0.00680686 -0.359345 0 0.3 0 0 -0.396666  -0.385737 0 0.204132 0 0 -0.435031  -0.0177468 0 0.00889331 0 0 -0.0188199  0.0441389 0 0.0869749 0 0 0.0571851  0 0 0 0 0 0  
659.734 4.55971 0.00643842 -0.379015 0 0.3 0 0 -0.386767  -0.405905 0 0.211915 0 0 -0.42356  -0.0147021 0 0.00914822 0 0 -0.0133257  0.0415913 0 0.0789369 0 0 0.0501195  0 0 0 0 0 0  
666.018 4.59948 0.00624008 -0.393457 0 0.3 0 0 -0.370439  -0.421617 0 0.214288 0 0 -0.413324  -0.0127944 0 0.00835456 0 0 -0.0126833  0.0409544 0 0.0773573 0 0 0.0555677  0 0 0 0 0 0  
672.301 4.639 0.00643888 -0.40678 0 0.3 0 0 -0.375455  -0.434394 0 0.216906 0 0 -0.416923  -0.0112917 0 0.00778402 0 0 -0.012131  0.0389057 0 0.0753095 0 0 0.0535988  0 0 0 0 0 0  
678.584 4.68047 0.00670642 -0.41298 0 0.3 0 0 -0.373896  -0.434493 0 0.21295 0 0 -0.411591  -0.0131914 0 0.00894161 0 0 -0.012289  0.0347049 0 0.0781081 0 0 0.0499836  0 0 0 0 0 0  
684.867 4.72246 0.00656855 -0.405866 0 0.3 0 0 -0.381065  -0.431882 0 0.211273 0 0 -0.417569  -0.0153221 0 0.00810762 0 0 -0.0160879  0.041338 0 0.0806189 0 0 0.0525911  0 0 0 0 0 0  
691.15 4.76427 0.00675188 -0.392754 0 0.3 0 0 -0.38889  -0.420542 0 0.211123 0 0 -0.43186  -0.0147627 0 0.00780235 0 0 -0.0144017  0.0425512 0 0.0810743 0 0 0.0573712  0 0 0 0 0 0  
697.434 4.80723 0.00689805 -0.358136 0 0.3 0 0 -0.389212  -0.388761 0 0.208197 0 0 -0.432999  -0.0147184 0 0.00782754 0 0 -0.0154674  0.0453433 0 0.0839758 0 0 0.0592544  0 0 0 0 0 0  
703.717 4.85006 0.0067745 -0.322319 0 0.3 0 0 -0.380196  -0.356429 0 0.205236 0 0 -0.425006  -0.0161621 0 0.00732165 0 0 -0.0161816  0.0502714 0 0.0874427 0 0 0.0609919  0 0 0 0 0 0  
710 4.8928 0.00692342 -0.300379 0 0.3 0 0 -0.36312  -0.346745 0 0.19707 0 0 -0.417611  -0.0205034 0 0.00477552 0 0 -0.020364  0.0668691 0 0.0981547 0 0 0.0748549  0 0 0 0 0 0  
716.283 4.93664 0.00688959 -0.305109 0 0.3 0 0 -0.349408  -0.348916 0 0.197019 0 0 -0.407231  -0.0191251 0 0.00603401 0 0 -0.0190992  0.0629322 0 0.0969468 0 0 0.0769225  0 0 0 0 0 0  
722.566 4.97954 0.00679523 -0.320795 0 0.3 0 0 -0.340594  -0.359093 0 0.201065 0 0 -0.405778  -0.0173325 0 0.00544552 0 0 -0.0163342  0.0556299 0 0.0934891 0 0 0.0815183  0 0 0 0 0 0  
728.849 5.0221 0.00671585 -0.347062 0 0.3 0 0 -0.349561  -0.37743 0 0.202814 0 0 -0.41053  -0.0183969 0 0.00709508 0 0 -0.0178259  0.0487644 0 0.0900912 0 0 0.0787949  0 0 0 0 0 0  
