# LF_DEM version v3.0-126-gb72fb1a
# np 1000
# VF 0.76
# Lx 73.993
# Ly 0
# Lz 73.993
# flow_type shear
# data in cl units.
#1: time
#2: cumulated strain
#3: shear rate
#4-9: total stress tensor (xx, xy, xz, yz, yy, zz)
#10-15: contact stress tensor (xx, xy, xz, yz, yy, zz)
#16-21: dashpot stress tensor (xx, xy, xz, yz, yy, zz)
#22-27: hydro stress tensor (xx, xy, xz, yz, yy, zz)
#28-33: repulsion stress tensor (xx, xy, xz, yz, yy, zz)

0.00471239 0.000419105 0.0889368 -4.8666 0 4 0 0 -4.56561  -5.26644 0 2.78277 0 0 -5.36362  -0.178757 0 0.0830185 0 0 -0.179397  0.578597 0 1.13421 0 0 0.97741  0 0 0 0 0 0  
0.471239 0.0260352 0.048926 -5.08774 0 4 0 0 -4.50614  -5.28419 0 3.29853 0 0 -4.92562  -0.121219 0 0.0361354 0 0 -0.107255  0.317669 0 0.665334 0 0 0.526738  0 0 0 0 0 0  
0.942478 0.0475721 0.0431217 -5.53105 0 4 0 0 -4.96214  -5.69372 0 3.39001 0 0 -5.30208  -0.0929752 0 0.0307996 0 0 -0.099645  0.255643 0 0.579186 0 0 0.43959  0 0 0 0 0 0  
1.41372 0.0673688 0.0406268 -5.93221 0 4 0 0 -5.30326  -6.07159 0 3.44958 0 0 -5.58985  -0.0822309 0 0.0368239 0 0 -0.0929227  0.221611 0 0.513597 0 0 0.379513  0 0 0 0 0 0  
1.88496 0.0865407 0.0410441 -6.32701 0 4 0 0 -5.58686  -6.44954 0 3.46931 0 0 -5.84737  -0.0683324 0 0.0428564 0 0 -0.0819852  0.190864 0 0.487835 0 0 0.342502  0 0 0 0 0 0  
2.35619 0.106051 0.0424227 -6.55597 0 4 0 0 -5.68533  -6.66856 0 3.47289 0 0 -5.92849  -0.0602617 0 0.0467793 0 0 -0.0646534  0.17285 0 0.480329 0 0 0.307819  0 0 0 0 0 0  
2.82743 0.125638 0.0414614 -6.78232 0 4 0 0 -5.89354  -6.89638 0 3.47641 0 0 -6.13558  -0.0682963 0 0.0502542 0 0 -0.0685696  0.182355 0 0.473337 0 0 0.31061  0 0 0 0 0 0  
3.29867 0.144227 0.0375655 -6.90107 0 4 0 0 -6.04971  -6.996 0 3.52231 0 0 -6.26334  -0.0620888 0 0.0485631 0 0 -0.065759  0.157013 0 0.429124 0 0 0.27938  0 0 0 0 0 0  
3.76991 0.161563 0.0362846 -6.92915 0 4 0 0 -5.98255  -7.02329 0 3.54877 0 0 -6.17463  -0.0567644 0 0.0422931 0 0 -0.0536129  0.150906 0 0.408941 0 0 0.245697  0 0 0 0 0 0  
4.24115 0.177935 0.0338684 -7.0115 0 4 0 0 -6.01152  -7.07267 0 3.57864 0 0 -6.16732  -0.0510871 0 0.044293 0 0 -0.0553456  0.112258 0 0.377064 0 0 0.211141  0 0 0 0 0 0  
4.71239 0.193546 0.0330464 -6.95416 0 4 0 0 -6.06152  -7.01471 0 3.60259 0 0 -6.20176  -0.0458835 0 0.0451745 0 0 -0.0468365  0.106433 0 0.352233 0 0 0.187084  0 0 0 0 0 0  
5.18363 0.209413 0.0347614 -7.0453 0 4 0 0 -6.20781  -7.12366 0 3.59153 0 0 -6.36441  -0.0529152 0 0.047297 0 0 -0.0475912  0.131275 0 0.36117 0 0 0.204191  0 0 0 0 0 0  
5.65487 0.225636 0.0333376 -7.17449 0 4 0 0 -6.44023  -7.24365 0 3.59384 0 0 -6.59597  -0.0516192 0 0.0464759 0 0 -0.0578328  0.120779 0 0.359682 0 0 0.213576  0 0 0 0 0 0  
6.12611 0.241151 0.0316558 -7.27363 0 4 0 0 -6.52025  -7.33846 0 3.60736 0 0 -6.6921  -0.0560458 0 0.0440456 0 0 -0.0611999  0.120878 0 0.348594 0 0 0.233047  0 0 0 0 0 0  
6.59734 0.2558 0.0304422 -7.3947 0 4 0 0 -6.78981  -7.46801 0 3.63384 0 0 -6.94598  -0.0497049 0 0.0431781 0 0 -0.0531423  0.12301 0 0.322978 0 0 0.209308  0 0 0 0 0 0  
7.06858 0.269859 0.0291582 -7.40639 0 4 0 0 -7.03524  -7.47263 0 3.64537 0 0 -7.17691  -0.0462023 0 0.0418247 0 0 -0.052873  0.112436 0 0.312804 0 0 0.194546  0 0 0 0 0 0  
7.53982 0.283292 0.0277381 -7.39171 0 4 0 0 -7.05076  -7.45085 0 3.65836 0 0 -7.17654  -0.0408159 0 0.0416489 0 0 -0.0525238  0.0999573 0 0.299992 0 0 0.178304  0 0 0 0 0 0  
8.01106 0.296238 0.0274549 -7.28192 0 4 0 0 -6.95224  -7.35043 0 3.66025 0 0 -7.07485  -0.0316706 0 0.0425685 0 0 -0.0541586  0.100178 0 0.297182 0 0 0.176769  0 0 0 0 0 0  
8.4823 0.308649 0.0252944 -7.34091 0 4 0 0 -6.99085  -7.40059 0 3.67489 0 0 -7.10928  -0.0389413 0 0.0393695 0 0 -0.0454793  0.0986137 0 0.285741 0 0 0.163909  0 0 0 0 0 0  
8.95354 0.32044 0.0242872 -7.44231 0 4 0 0 -7.14566  -7.48903 0 3.6893 0 0 -7.2461  -0.0274813 0 0.0408387 0 0 -0.0425234  0.0741972 0 0.269863 0 0 0.142967  0 0 0 0 0 0  
9.42478 0.331498 0.0231554 -7.45271 0 4 0 0 -7.17495  -7.4889 0 3.71337 0 0 -7.26693  -0.02137 0 0.0389207 0 0 -0.0363154  0.0575578 0 0.247714 0 0 0.128294  0 0 0 0 0 0  
9.89602 0.342481 0.0232729 -7.50501 0 4 0 0 -7.12133  -7.55281 0 3.71347 0 0 -7.21696  -0.0209833 0 0.0385678 0 0 -0.0327768  0.0687915 0 0.247966 0 0 0.128409  0 0 0 0 0 0  
10.3673 0.353462 0.0228245 -7.5446 0 4 0 0 -7.13626  -7.60519 0 3.72308 0 0 -7.23455  -0.0178893 0 0.0365289 0 0 -0.0316683  0.0784723 0 0.240392 0 0 0.129955  0 0 0 0 0 0  
10.8385 0.364384 0.0239417 -7.59064 0 4 0 0 -7.03976  -7.65926 0 3.70836 0 0 -7.13712  -0.0240123 0 0.0372996 0 0 -0.0327043  0.0926329 0 0.254337 0 0 0.130061  0 0 0 0 0 0  
11.3097 0.375548 0.0236621 -7.68351 0 4 0 0 -6.98327  -7.74702 0 3.71201 0 0 -7.07912  -0.0265939 0 0.0357621 0 0 -0.0338004  0.0901004 0 0.252226 0 0 0.129644  0 0 0 0 0 0  
11.781 0.386833 0.024347 -7.70062 0 4 0 0 -7.20187  -7.76551 0 3.70769 0 0 -7.30596  -0.0272114 0 0.0342706 0 0 -0.040634  0.0920951 0 0.258037 0 0 0.144719  0 0 0 0 0 0  
12.2522 0.398419 0.0254716 -7.54776 0 4 0 0 -7.21023  -7.61207 0 3.69401 0 0 -7.32794  -0.0299852 0 0.0378756 0 0 -0.041703  0.0942914 0 0.268114 0 0 0.159412  0 0 0 0 0 0  
12.7235 0.410541 0.0260891 -7.38198 0 4 0 0 -7.27117  -7.42505 0 3.67695 0 0 -7.38373  -0.0310116 0 0.0414623 0 0 -0.0319203  0.0740728 0 0.281587 0 0 0.144475  0 0 0 0 0 0  
13.1947 0.423233 0.0280181 -7.10989 0 4 0 0 -7.1776  -7.16324 0 3.64473 0 0 -7.30119  -0.0330866 0 0.0424505 0 0 -0.0346955  0.086433 0 0.312819 0 0 0.15829  0 0 0 0 0 0  
13.6659 0.436575 0.0282825 -6.92945 0 4 0 0 -7.30206  -6.97207 0 3.63695 0 0 -7.42224  -0.0399227 0 0.0461173 0 0 -0.0366779  0.0825436 0 0.316931 0 0 0.156863  0 0 0 0 0 0  
14.1372 0.450205 0.0301064 -6.80058 0 4 0 0 -7.2665  -6.87539 0 3.60682 0 0 -7.42459  -0.0394973 0 0.049359 0 0 -0.0355415  0.114304 0 0.343822 0 0 0.193629  0 0 0 0 0 0  
14.6084 0.463889 0.0284816 -6.60452 0 4 0 0 -7.11748  -6.69165 0 3.62792 0 0 -7.2555  -0.0311454 0 0.0489906 0 0 -0.0309099  0.118274 0 0.323086 0 0 0.168934  0 0 0 0 0 0  
15.0796 0.477657 0.0295886 -6.32337 0 4 0 0 -6.99709  -6.43123 0 3.60712 0 0 -7.14163  -0.0251326 0 0.0527462 0 0 -0.0322952  0.132991 0 0.340136 0 0 0.17683  0 0 0 0 0 0  
15.5509 0.491509 0.0287076 -6.30774 0 4 0 0 -7.12406  -6.40536 0 3.60343 0 0 -7.26036  -0.0277282 0 0.0547661 0 0 -0.0333373  0.125356 0 0.341805 0 0 0.169639  0 0 0 0 0 0  
16.0221 0.504821 0.0272845 -6.2895 0 4 0 0 -7.1992  -6.38158 0 3.62316 0 0 -7.31689  -0.0283268 0 0.0496958 0 0 -0.0253428  0.120404 0 0.327146 0 0 0.143028  0 0 0 0 0 0  
16.4934 0.51727 0.0262249 -6.08658 0 4 0 0 -7.29074  -6.16929 0 3.64356 0 0 -7.39721  -0.0292189 0 0.0459064 0 0 -0.0285225  0.111928 0 0.310535 0 0 0.134991  0 0 0 0 0 0  
16.9646 0.529457 0.0257562 -5.95757 0 4 0 0 -7.26519  -6.04188 0 3.65338 0 0 -7.38023  -0.0297908 0 0.0414593 0 0 -0.0344892  0.114103 0 0.305163 0 0 0.149532  0 0 0 0 0 0  
17.4358 0.541724 0.0261179 -5.89609 0 4 0 0 -7.37355  -5.98767 0 3.64971 0 0 -7.49042  -0.0378496 0 0.0431637 0 0 -0.0391121  0.129433 0 0.307128 0 0 0.155977  0 0 0 0 0 0  
17.9071 0.554059 0.0255471 -5.76243 0 4 0 0 -7.38279  -5.86461 0 3.65806 0 0 -7.51055  -0.0349076 0 0.0412245 0 0 -0.0329531  0.137081 0 0.300711 0 0 0.160711  0 0 0 0 0 0  
18.3783 0.56575 0.0248915 -5.71556 0 4 0 0 -7.36215  -5.81933 0 3.65647 0 0 -7.47342  -0.0405839 0 0.0393547 0 0 -0.0372309  0.144355 0 0.30418 0 0 0.148498  0 0 0 0 0 0  
18.8496 0.577469 0.0247935 -5.75565 0 4 0 0 -7.41748  -5.86193 0 3.67543 0 0 -7.52411  -0.0335122 0 0.0384014 0 0 -0.0337552  0.139795 0 0.286171 0 0 0.140385  0 0 0 0 0 0  
19.3208 0.589153 0.0248691 -5.7273 0 4 0 0 -7.43224  -5.82267 0 3.67599 0 0 -7.53813  -0.0316889 0 0.038652 0 0 -0.033898  0.127065 0 0.285354 0 0 0.139788  0 0 0 0 0 0  
19.792 0.601359 0.0268396 -5.62307 0 4 0 0 -7.34789  -5.71647 0 3.65481 0 0 -7.45225  -0.0355531 0 0.040707 0 0 -0.0346359  0.128951 0 0.304487 0 0 0.138996  0 0 0 0 0 0  
20.2633 0.614457 0.0284886 -5.67445 0 4 0 0 -7.35335  -5.76633 0 3.64246 0 0 -7.45853  -0.0376324 0 0.0413925 0 0 -0.0398352  0.129513 0 0.316148 0 0 0.145021  0 0 0 0 0 0  
20.7345 0.628329 0.0300631 -5.73551 0 4 0 0 -7.33513  -5.82239 0 3.62429 0 0 -7.4493  -0.0401327 0 0.0476979 0 0 -0.0394842  0.127012 0 0.328014 0 0 0.153653  0 0 0 0 0 0  
21.2058 0.642349 0.0288338 -5.83006 0 4 0 0 -7.3559  -5.91768 0 3.64681 0 0 -7.46467  -0.0355645 0 0.048565 0 0 -0.0360712  0.123186 0 0.304627 0 0 0.144843  0 0 0 0 0 0  
21.677 0.655631 0.0267724 -5.90295 0 4 0 0 -7.48934  -5.98025 0 3.66841 0 0 -7.59598  -0.0344333 0 0.047223 0 0 -0.0362414  0.111731 0 0.284371 0 0 0.142882  0 0 0 0 0 0  
22.1482 0.668456 0.0275057 -5.89371 0 4 0 0 -7.2925  -5.96398 0 3.66887 0 0 -7.39281  -0.0363487 0 0.0485438 0 0 -0.0297479  0.106626 0 0.282588 0 0 0.130051  0 0 0 0 0 0  
22.6195 0.680897 0.0257409 -6.04547 0 4 0 0 -7.0901  -6.10679 0 3.68465 0 0 -7.18769  -0.0342075 0 0.0447457 0 0 -0.0263738  0.0955333 0 0.270608 0 0 0.123965  0 0 0 0 0 0  
23.0907 0.693027 0.0261722 -6.20729 0 4 0 0 -6.94155  -6.26429 0 3.67236 0 0 -7.0359  -0.0358597 0 0.0415764 0 0 -0.0259256  0.092859 0 0.286065 0 0 0.120271  0 0 0 0 0 0  
23.5619 0.705456 0.0263975 -6.31205 0 4 0 0 -6.86031  -6.38069 0 3.66705 0 0 -6.95518  -0.0315066 0 0.0441446 0 0 -0.0218921  0.10015 0 0.288809 0 0 0.116762  0 0 0 0 0 0  
24.0332 0.718061 0.0265638 -6.32905 0 4 0 0 -6.75724  -6.41421 0 3.66681 0 0 -6.86029  -0.0247108 0 0.047359 0 0 -0.0274898  0.109871 0 0.285828 0 0 0.130536  0 0 0 0 0 0  
24.5044 0.73054 0.0261765 -6.35828 0 4 0 0 -6.71708  -6.44165 0 3.67379 0 0 -6.81152  -0.0282634 0 0.0445474 0 0 -0.0209313  0.111634 0 0.281665 0 0 0.115378  0 0 0 0 0 0  
24.9757 0.743008 0.0267916 -6.4659 0 4 0 0 -6.74508  -6.54489 0 3.66176 0 0 -6.84885  -0.0314527 0 0.045265 0 0 -0.028768  0.110446 0 0.292979 0 0 0.132538  0 0 0 0 0 0  
25.4469 0.755872 0.0269435 -6.54061 0 4 0 0 -6.77527  -6.62889 0 3.64694 0 0 -6.88532  -0.029623 0 0.0421556 0 0 -0.0327462  0.117904 0 0.310904 0 0 0.142802  0 0 0 0 0 0  
25.9181 0.768595 0.0267565 -6.59681 0 4 0 0 -6.7833  -6.69033 0 3.64805 0 0 -6.91091  -0.0307505 0 0.0415628 0 0 -0.0318216  0.124274 0 0.310385 0 0 0.159428  0 0 0 0 0 0  
26.3894 0.781383 0.0273861 -6.57663 0 4 0 0 -6.87284  -6.6713 0 3.64139 0 0 -7.00958  -0.0414031 0 0.0466387 0 0 -0.0363821  0.136079 0 0.311967 0 0 0.173122  0 0 0 0 0 0  
26.8606 0.794166 0.0267616 -6.60512 0 4 0 0 -7.02941  -6.69747 0 3.65397 0 0 -7.16361  -0.0374277 0 0.0445112 0 0 -0.034426  0.129775 0 0.301514 0 0 0.168625  0 0 0 0 0 0  
27.3319 0.806723 0.0267361 -6.54133 0 4 0 0 -7.25041  -6.63833 0 3.65065 0 0 -7.39686  -0.0393023 0 0.0430376 0 0 -0.0258816  0.136298 0 0.306316 0 0 0.172329  0 0 0 0 0 0  
27.8031 0.819541 0.0274332 -6.41439 0 4 0 0 -7.25052  -6.52811 0 3.62379 0 0 -7.41636  -0.04078 0 0.0446272 0 0 -0.0266841  0.154498 0 0.331587 0 0 0.192518  0 0 0 0 0 0  
28.2743 0.832903 0.0284346 -6.3413 0 4 0 0 -7.19579  -6.45973 0 3.60383 0 0 -7.37028  -0.0527373 0 0.0481607 0 0 -0.0315038  0.171171 0 0.348013 0 0 0.205992  0 0 0 0 0 0  
28.7456 0.846309 0.0284512 -6.38 0 4 0 0 -7.25227  -6.46647 0 3.60747 0 0 -7.39728  -0.0473562 0 0.0507096 0 0 -0.0282632  0.133826 0 0.341816 0 0 0.173276  0 0 0 0 0 0  
29.2168 0.859811 0.0290928 -6.42587 0 4 0 0 -7.32559  -6.50012 0 3.61817 0 0 -7.45795  -0.0525543 0 0.0509751 0 0 -0.0315798  0.126802 0 0.330856 0 0 0.163939  0 0 0 0 0 0  
29.6881 0.87353 0.0293131 -6.4906 0 4 0 0 -7.35688  -6.56488 0 3.64776 0 0 -7.49015  -0.04357 0 0.0461926 0 0 -0.0234644  0.117849 0 0.306046 0 0 0.156726  0 0 0 0 0 0  
30.1593 0.88729 0.02916 -6.58797 0 4 0 0 -7.35621  -6.65159 0 3.65276 0 0 -7.47512  -0.0366951 0 0.0500275 0 0 -0.0277083  0.100314 0 0.297212 0 0 0.146611  0 0 0 0 0 0  
30.6305 0.901113 0.0288001 -6.60399 0 4 0 0 -7.37575  -6.67936 0 3.65586 0 0 -7.50085  -0.0407891 0 0.0483669 0 0 -0.0241362  0.116152 0 0.295775 0 0 0.149237  0 0 0 0 0 0  
31.1018 0.914311 0.0271947 -6.6831 0 4 0 0 -7.50827  -6.74102 0 3.67602 0 0 -7.62527  -0.0314258 0 0.0446863 0 0 -0.0206343  0.0893497 0 0.279291 0 0 0.137632  0 0 0 0 0 0  
31.573 0.926922 0.0261078 -6.88377 0 4 0 0 -7.73116  -6.9462 0 3.68512 0 0 -7.84907  -0.0415519 0 0.0397714 0 0 -0.0270776  0.103987 0 0.275108 0 0 0.144988  0 0 0 0 0 0  
32.0442 0.938962 0.0250166 -7.09483 0 4 0 0 -8.03525  -7.15858 0 3.71928 0 0 -8.15699  -0.0358425 0 0.0383206 0 0 -0.0221379  0.0995912 0 0.2424 0 0 0.143879  0 0 0 0 0 0  
32.5155 0.950641 0.0243192 -7.22395 0 4 0 0 -8.23194  -7.27436 0 3.73345 0 0 -8.33312  -0.0389291 0 0.0372874 0 0 -0.0230749  0.0893454 0 0.229259 0 0 0.124251  0 0 0 0 0 0  
32.9867 0.962118 0.0245621 -7.3268 0 4 0 0 -8.4227  -7.37401 0 3.73326 0 0 -8.51759  -0.0411748 0 0.0378066 0 0 -0.0273113  0.0883875 0 0.228933 0 0 0.122204  0 0 0 0 0 0  
33.458 0.973957 0.0257189 -7.35542 0 4 0 0 -8.42556  -7.40481 0 3.72318 0 0 -8.52185  -0.0351669 0 0.0382379 0 0 -0.0234819  0.0845613 0 0.238581 0 0 0.119768  0 0 0 0 0 0  
33.9292 0.986228 0.0262787 -7.26907 0 4 0 0 -8.1422  -7.33503 0 3.70918 0 0 -8.2481  -0.0400449 0 0.0394322 0 0 -0.0348505  0.106013 0 0.251385 0 0 0.140751  0 0 0 0 0 0  
34.4004 0.998956 0.0278674 -7.07768 0 4 0 0 -7.58888  -7.14684 0 3.67561 0 0 -7.72639  -0.039534 0 0.0435314 0 0 -0.0264938  0.108696 0 0.280863 0 0 0.164006  0 0 0 0 0 0  
34.8717 1.01234 0.0281877 -7.05929 0 4 0 0 -7.20518  -7.12532 0 3.66386 0 0 -7.33436  -0.0444117 0 0.0454429 0 0 -0.0406748  0.110447 0 0.2907 0 0 0.169853  0 0 0 0 0 0  
35.3429 1.02557 0.0277958 -7.24226 0 4 0 0 -7.21305  -7.3119 0 3.67666 0 0 -7.3481  -0.0417553 0 0.0424619 0 0 -0.0410005  0.111394 0 0.280874 0 0 0.176052  0 0 0 0 0 0  
35.8142 1.03828 0.0257034 -7.35287 0 4 0 0 -7.29711  -7.42032 0 3.70708 0 0 -7.4184  -0.0348278 0 0.0391987 0 0 -0.032523  0.102282 0 0.253724 0 0 0.153809  0 0 0 0 0 0  
36.2854 1.05046 0.0252927 -7.2033 0 4 0 0 -7.14416  -7.26507 0 3.71267 0 0 -7.24668  -0.0259935 0 0.0375225 0 0 -0.0278637  0.0877642 0 0.249804 0 0 0.130383  0 0 0 0 0 0  
36.7566 1.0623 0.0248977 -6.9661 0 4 0 0 -6.91762  -7.04354 0 3.71497 0 0 -7.04447  -0.0244277 0 0.0354317 0 0 -0.0181445  0.101868 0 0.249601 0 0 0.144994  0 0 0 0 0 0  
37.2279 1.07433 0.0260134 -6.88188 0 4 0 0 -6.72614  -6.96677 0 3.70114 0 0 -6.87166  -0.0253316 0 0.0389771 0 0 -0.00995158  0.110228 0 0.259886 0 0 0.155467  0 0 0 0 0 0  
37.6991 1.087 0.0275014 -6.72953 0 4 0 0 -6.55518  -6.82695 0 3.67165 0 0 -6.71622  -0.0382732 0 0.0386294 0 0 -0.01162  0.135702 0 0.289716 0 0 0.172663  0 0 0 0 0 0  
38.1704 1.10023 0.0285726 -6.70148 0 4 0 0 -6.48418  -6.80162 0 3.64832 0 0 -6.66356  -0.0431494 0 0.0416769 0 0 -0.0148797  0.143291 0 0.310001 0 0 0.194261  0 0 0 0 0 0  
38.6416 1.11376 0.0291842 -6.69162 0 4 0 0 -6.34389  -6.79733 0 3.63436 0 0 -6.52824  -0.045796 0 0.0434 0 0 -0.021067  0.151513 0 0.322245 0 0 0.205423  0 0 0 0 0 0  
39.1128 1.12798 0.030651 -6.57206 0 4 0 0 -6.11721  -6.67876 0 3.61372 0 0 -6.30155  -0.0494715 0 0.0457238 0 0 -0.026764  0.156167 0 0.340553 0 0 0.211104  0 0 0 0 0 0  
39.5841 1.14273 0.0322444 -6.54828 0 4 0 0 -5.94473  -6.66694 0 3.60706 0 0 -6.1157  -0.052088 0 0.0456872 0 0 -0.0368009  0.170747 0 0.347248 0 0 0.207773  0 0 0 0 0 0  
40.0553 1.15835 0.0333999 -6.73745 0 4 0 0 -5.92261  -6.85897 0 3.58111 0 0 -6.09634  -0.0536329 0 0.0497117 0 0 -0.0391533  0.17515 0 0.369182 0 0 0.212884  0 0 0 0 0 0  
40.5265 1.17403 0.0328872 -6.92296 0 4 0 0 -5.83982  -7.0272 0 3.5762 0 0 -6.01788  -0.0498541 0 0.0501895 0 0 -0.0355512  0.1541 0 0.373613 0 0 0.213609  0 0 0 0 0 0  
40.9978 1.18899 0.0314127 -7.02315 0 4 0 0 -5.67737  -7.13468 0 3.58107 0 0 -5.87075  -0.0504089 0 0.0482998 0 0 -0.0373938  0.161931 0 0.370626 0 0 0.23077  0 0 0 0 0 0  
41.469 1.20338 0.0297576 -7.06447 0 4 0 0 -5.61816  -7.16579 0 3.59345 0 0 -5.79039  -0.0483027 0 0.0469689 0 0 -0.0400196  0.149623 0 0.359584 0 0 0.212252  0 0 0 0 0 0  
41.9403 1.21716 0.0285549 -7.09229 0 4 0 0 -5.7195  -7.188 0 3.60863 0 0 -5.87658  -0.048565 0 0.0475683 0 0 -0.0382241  0.144269 0 0.343798 0 0 0.195307  0 0 0 0 0 0  
42.4115 1.23026 0.0275963 -7.02742 0 4 0 0 -5.89726  -7.11289 0 3.64217 0 0 -6.05228  -0.0489577 0 0.0411559 0 0 -0.036466  0.134431 0 0.316675 0 0 0.191484  0 0 0 0 0 0  
42.8827 1.24372 0.0292539 -7.02021 0 4 0 0 -6.05069  -7.10625 0 3.63358 0 0 -6.18708  -0.0509524 0 0.0462475 0 0 -0.0428692  0.136984 0 0.320177 0 0 0.179263  0 0 0 0 0 0  
43.354 1.25737 0.0292116 -7.05588 0 4 0 0 -6.30976  -7.1434 0 3.64345 0 0 -6.44029  -0.049278 0 0.0481904 0 0 -0.0473734  0.136797 0 0.308357 0 0 0.177899  0 0 0 0 0 0  
43.8252 1.27085 0.0278109 -7.12994 0 4 0 0 -6.5083  -7.18812 0 3.66038 0 0 -6.62516  -0.0447593 0 0.0455575 0 0 -0.0463081  0.102946 0 0.294067 0 0 0.16317  0 0 0 0 0 0  
44.2965 1.28399 0.02793 -7.16577 0 4 0 0 -6.54857  -7.25107 0 3.66991 0 0 -6.67121  -0.0382435 0 0.0403321 0 0 -0.0475477  0.123542 0 0.289754 0 0 0.170181  0 0 0 0 0 0  
44.7677 1.29698 0.0275661 -7.26664 0 4 0 0 -6.50737  -7.33833 0 3.66801 0 0 -6.60182  -0.0416173 0 0.0411703 0 0 -0.0446149  0.113314 0 0.290815 0 0 0.139064  0 0 0 0 0 0  
45.2389 1.31004 0.028186 -7.28424 0 4 0 0 -6.59259  -7.35433 0 3.65296 0 0 -6.68766  -0.0400356 0 0.0431314 0 0 -0.0371408  0.110133 0 0.303911 0 0 0.132216  0 0 0 0 0 0  
45.7102 1.32303 0.0266785 -7.15098 0 4 0 0 -6.59792  -7.21009 0 3.66442 0 0 -6.68881  -0.034642 0 0.0425404 0 0 -0.0353371  0.0937505 0 0.293042 0 0 0.126228  0 0 0 0 0 0  
46.1814 1.33551 0.0262466 -7.00782 0 4 0 0 -6.52449  -7.06634 0 3.66197 0 0 -6.61395  -0.0356312 0 0.0437977 0 0 -0.0404211  0.0941525 0 0.294233 0 0 0.129885  0 0 0 0 0 0  
46.6527 1.34771 0.0251606 -7.02158 0 4 0 0 -6.35215  -7.07791 0 3.68233 0 0 -6.43682  -0.042311 0 0.0460693 0 0 -0.0476983  0.0986451 0 0.271599 0 0 0.132366  0 0 0 0 0 0  
47.1239 1.35952 0.0249305 -7.18157 0 4 0 0 -6.35463  -7.23979 0 3.69028 0 0 -6.44455  -0.0398032 0 0.0495759 0 0 -0.0459507  0.0980216 0 0.260142 0 0 0.135875  0 0 0 0 0 0  
47.5951 1.37127 0.0244712 -7.21352 0 4 0 0 -6.36921  -7.27056 0 3.68837 0 0 -6.46946  -0.0453537 0 0.0455698 0 0 -0.0453994  0.102391 0 0.266055 0 0 0.145649  0 0 0 0 0 0  
48.0664 1.38278 0.0240698 -7.31007 0 4 0 0 -6.34058  -7.37766 0 3.68707 0 0 -6.46472  -0.038094 0 0.0435127 0 0 -0.0500045  0.10569 0 0.269418 0 0 0.174139  0 0 0 0 0 0  
48.5376 1.39398 0.0231354 -7.4418 0 4 0 0 -6.47124  -7.50993 0 3.70111 0 0 -6.59899  -0.0383864 0 0.0431411 0 0 -0.0496819  0.106522 0 0.255746 0 0 0.177424  0 0 0 0 0 0  
49.0088 1.40455 0.0216114 -7.53933 0 4 0 0 -6.6409  -7.61288 0 3.7315 0 0 -6.76817  -0.0279498 0 0.0371358 0 0 -0.0385784  0.101494 0 0.231363 0 0 0.165842  0 0 0 0 0 0  
49.4801 1.41453 0.0206117 -7.62603 0 4 0 0 -6.8302  -7.70258 0 3.74486 0 0 -6.95218  -0.0315935 0 0.0339768 0 0 -0.0433382  0.108143 0 0.221162 0 0 0.165321  0 0 0 0 0 0  
49.9513 1.42444 0.0211619 -7.80146 0 4 0 0 -7.05752  -7.87917 0 3.74552 0 0 -7.1806  -0.0289935 0 0.0320202 0 0 -0.0419413  0.106702 0 0.222455 0 0 0.165015  0 0 0 0 0 0  
50.4226 1.43406 0.0199704 -7.98617 0 4 0 0 -7.32805  -8.05905 0 3.77388 0 0 -7.43449  -0.0243631 0 0.028669 0 0 -0.0339829  0.0972424 0 0.197451 0 0 0.140423  0 0 0 0 0 0  
50.8938 1.44332 0.0194956 -8.06051 0 4 0 0 -7.51882  -8.12728 0 3.78316 0 0 -7.61088  -0.0197666 0 0.0276585 0 0 -0.0304182  0.0865422 0 0.189179 0 0 0.122476  0 0 0 0 0 0  
51.365 1.4524 0.0193166 -7.93199 0 4 0 0 -7.65775  -7.99094 0 3.79063 0 0 -7.74326  -0.0212265 0 0.0258351 0 0 -0.0269643  0.080181 0 0.183539 0 0 0.112477  0 0 0 0 0 0  
51.8363 1.4617 0.0204384 -7.89578 0 4 0 0 -7.72901  -7.95169 0 3.77943 0 0 -7.81565  -0.0244909 0 0.0300546 0 0 -0.0301579  0.0804008 0 0.190518 0 0 0.116796  0 0 0 0 0 0  
52.3075 1.47138 0.0207653 -7.85915 0 4 0 0 -7.71488  -7.91164 0 3.77872 0 0 -7.80024  -0.0192866 0 0.0307426 0 0 -0.0282962  0.0717705 0 0.190542 0 0 0.113657  0 0 0 0 0 0  
52.7788 1.48112 0.0204482 -7.81219 0 4 0 0 -7.65552  -7.87004 0 3.78368 0 0 -7.75389  -0.0137053 0 0.0296992 0 0 -0.0234563  0.0715601 0 0.186618 0 0 0.121827  0 0 0 0 0 0  
53.25 1.49073 0.0204664 -7.70541 0 4 0 0 -7.64078  -7.76567 0 3.77712 0 0 -7.73494  -0.0128824 0 0.0315146 0 0 -0.0226627  0.0731439 0 0.19137 0 0 0.116823  0 0 0 0 0 0  
53.7212 1.5003 0.0200388 -7.59227 0 4 0 0 -7.59587  -7.64847 0 3.77897 0 0 -7.68582  -0.0194797 0 0.0284763 0 0 -0.0240043  0.075683 0 0.192553 0 0 0.113952  0 0 0 0 0 0  
54.1925 1.50972 0.0197583 -7.53058 0 4 0 0 -7.61395  -7.59299 0 3.7871 0 0 -7.70709  -0.0241291 0 0.0270334 0 0 -0.0257509  0.0865334 0 0.185866 0 0 0.11889  0 0 0 0 0 0  
54.6637 1.51906 0.0200753 -7.52095 0 4 0 0 -7.61274  -7.58846 0 3.78151 0 0 -7.71529  -0.0248454 0 0.0268154 0 0 -0.0229748  0.0923518 0 0.191676 0 0 0.125528  0 0 0 0 0 0  
55.135 1.52874 0.0207475 -7.59051 0 4 0 0 -7.52105  -7.65516 0 3.77864 0 0 -7.62121  -0.024118 0 0.0275109 0 0 -0.0252562  0.0887699 0 0.193848 0 0 0.125418  0 0 0 0 0 0  
55.6062 1.53878 0.0221374 -7.67027 0 4 0 0 -7.46831  -7.73072 0 3.76615 0 0 -7.56194  -0.0247334 0 0.0316353 0 0 -0.0219633  0.0851824 0 0.202214 0 0 0.1156  0 0 0 0 0 0  
56.0774 1.54935 0.0226112 -7.69184 0 4 0 0 -7.42645  -7.7532 0 3.75541 0 0 -7.51924  -0.0231959 0 0.0338633 0 0 -0.0203032  0.0845619 0 0.210731 0 0 0.113095  0 0 0 0 0 0  
56.5487 1.56021 0.0234678 -7.60621 0 4 0 0 -7.43324  -7.67437 0 3.73929 0 0 -7.52598  -0.0308888 0 0.0342164 0 0 -0.0211559  0.0990535 0 0.226495 0 0 0.1139  0 0 0 0 0 0  
57.0199 1.5708 0.0218724 -7.45294 0 4 0 0 -7.32088  -7.51527 0 3.75206 0 0 -7.40364  -0.0285617 0 0.0332536 0 0 -0.0223209  0.0908903 0 0.214685 0 0 0.105085  0 0 0 0 0 0  
57.4911 1.58089 0.021081 -7.40266 0 4 0 0 -7.21338  -7.46588 0 3.76117 0 0 -7.29692  -0.0241936 0 0.0335767 0 0 -0.0223589  0.0874071 0 0.205248 0 0 0.105902  0 0 0 0 0 0  
57.9624 1.59099 0.0220676 -7.42626 0 4 0 0 -7.18131  -7.4924 0 3.75031 0 0 -7.27263  -0.0248944 0 0.0350584 0 0 -0.024467  0.0910346 0 0.214631 0 0 0.115787  0 0 0 0 0 0  
58.4336 1.60129 0.0222895 -7.4273 0 4 0 0 -7.20192  -7.49369 0 3.74501 0 0 -7.28546  -0.0283907 0 0.0362588 0 0 -0.0251923  0.0947807 0 0.218732 0 0 0.108723  0 0 0 0 0 0  
58.9049 1.61181 0.0227388 -7.29612 0 4 0 0 -7.10195  -7.37169 0 3.73426 0 0 -7.19129  -0.0301627 0 0.0390186 0 0 -0.0234001  0.105725 0 0.226717 0 0 0.112735  0 0 0 0 0 0  
59.3761 1.62268 0.0238053 -7.14726 0 4 0 0 -6.91532  -7.23473 0 3.7257 0 0 -7.02204  -0.0311346 0 0.0387821 0 0 -0.0292091  0.1186 0 0.235513 0 0 0.135926  0 0 0 0 0 0  
59.8473 1.63416 0.0244324 -6.95175 0 4 0 0 -6.86323  -7.0418 0 3.72027 0 0 -6.97514  -0.0292395 0 0.0398772 0 0 -0.0246513  0.119292 0 0.23985 0 0 0.13656  0 0 0 0 0 0  
60.3186 1.6457 0.0244048 -6.77592 0 4 0 0 -6.87357  -6.8685 0 3.71056 0 0 -7.00332  -0.0285578 0 0.0399519 0 0 -0.0173146  0.121135 0 0.249491 0 0 0.147073  0 0 0 0 0 0  
60.7898 1.6571 0.0237969 -6.66742 0 4 0 0 -6.83741  -6.74883 0 3.71593 0 0 -6.96042  -0.0287971 0 0.0386186 0 0 -0.0149335  0.110202 0 0.245449 0 0 0.137946  0 0 0 0 0 0  
61.2611 1.6688 0.0258852 -6.54535 0 4 0 0 -6.74998  -6.62858 0 3.68195 0 0 -6.88388  -0.0337923 0 0.0408975 0 0 -0.0253681  0.117024 0 0.277157 0 0 0.159271  0 0 0 0 0 0  
61.7323 1.68097 0.0258899 -6.52308 0 4 0 0 -6.68579  -6.59487 0 3.68048 0 0 -6.79248  -0.0361758 0 0.0474373 0 0 -0.0266093  0.107967 0 0.272087 0 0 0.133304  0 0 0 0 0 0  
62.2035 1.69346 0.026148 -6.55318 0 4 0 0 -6.69956  -6.62794 0 3.68457 0 0 -6.80841  -0.0307801 0 0.0452299 0 0 -0.0314554  0.105534 0 0.2702 0 0 0.140305  0 0 0 0 0 0  
62.6748 1.70531 0.0252307 -6.53362 0 4 0 0 -6.72709  -6.60052 0 3.70212 0 0 -6.81608  -0.029301 0 0.0426703 0 0 -0.0322651  0.0962093 0 0.255214 0 0 0.12125  0 0 0 0 0 0  
63.146 1.71697 0.0239942 -6.48345 0 4 0 0 -6.73477  -6.55451 0 3.71258 0 0 -6.825  -0.0344446 0 0.0385243 0 0 -0.0374656  0.105507 0 0.248894 0 0 0.127698  0 0 0 0 0 0  
63.6173 1.72863 0.0249396 -6.4666 0 4 0 0 -6.80724  -6.54223 0 3.70219 0 0 -6.90809  -0.0307798 0 0.0399983 0 0 -0.0247383  0.106406 0 0.257815 0 0 0.125583  0 0 0 0 0 0  
64.0885 1.74003 0.0242985 -6.52121 0 4 0 0 -6.93597  -6.6005 0 3.71389 0 0 -7.04514  -0.0277805 0 0.0374386 0 0 -0.0281483  0.107067 0 0.248669 0 0 0.137319  0 0 0 0 0 0  
64.5597 1.75114 0.0229491 -6.75481 0 4 0 0 -7.01222  -6.82009 0 3.72411 0 0 -7.11821  -0.0313645 0 0.0380218 0 0 -0.0255946  0.0966424 0 0.237867 0 0 0.131582  0 0 0 0 0 0  
65.031 1.76171 0.0215131 -6.99132 0 4 0 0 -7.27581  -7.05064 0 3.73791 0 0 -7.37687  -0.0296287 0 0.0354119 0 0 -0.0206381  0.0889514 0 0.226682 0 0 0.121698  0 0 0 0 0 0  
65.5022 1.77187 0.0213629 -7.10486 0 4 0 0 -7.47405  -7.16516 0 3.74584 0 0 -7.57563  -0.0243456 0 0.037051 0 0 -0.0207225  0.0846488 0 0.217112 0 0 0.122296  0 0 0 0 0 0  
65.9734 1.78184 0.0206562 -7.24899 0 4 0 0 -7.6866  -7.30192 0 3.76522 0 0 -7.77692  -0.0231471 0 0.0327532 0 0 -0.0196816  0.0760726 0 0.202028 0 0 0.110004  0 0 0 0 0 0  
66.4447 1.79153 0.0204376 -7.4882 0 4 0 0 -7.96237  -7.5348 0 3.77703 0 0 -8.03596  -0.0186635 0 0.0344455 0 0 -0.0206208  0.0652689 0 0.188528 0 0 0.0942152  0 0 0 0 0 0  
66.9159 1.80076 0.0189574 -7.5664 0 4 0 0 -8.15767  -7.59966 0 3.79813 0 0 -8.22738  -0.0192223 0 0.0272755 0 0 -0.0164556  0.0524796 0 0.174595 0 0 0.0861594  0 0 0 0 0 0  
67.3872 1.80981 0.0190917 -7.63206 0 4 0 0 -8.26828  -7.66126 0 3.80154 0 0 -8.33839  -0.0176906 0 0.0301677 0 0 -0.00773415  0.0468932 0 0.168296 0 0 0.0778501  0 0 0 0 0 0  
67.8584 1.81846 0.0179913 -7.63866 0 4 0 0 -8.32795  -7.66748 0 3.80646 0 0 -8.39559  -0.0187362 0 0.0286307 0 0 -0.00645756  0.0475545 0 0.164909 0 0 0.0740937  0 0 0 0 0 0  
68.3296 1.82705 0.0180675 -7.62657 0 4 0 0 -8.392  -7.65473 0 3.81107 0 0 -8.46654  -0.0203806 0 0.0287929 0 0 -0.00732  0.0485431 0 0.160138 0 0 0.0818531  0 0 0 0 0 0  
68.8009 1.83559 0.0181125 -7.65203 0 4 0 0 -8.45863  -7.69172 0 3.80425 0 0 -8.53153  -0.0158636 0 0.0300937 0 0 -0.0094538  0.0555489 0 0.165657 0 0 0.0823546  0 0 0 0 0 0  
69.2721 1.84429 0.0185968 -7.65237 0 4 0 0 -8.5606  -7.69158 0 3.79643 0 0 -8.63753  -0.0121678 0 0.0333877 0 0 -0.00749262  0.0513823 0 0.170179 0 0 0.0844245  0 0 0 0 0 0  
69.7434 1.85308 0.0188063 -7.80473 0 4 0 0 -8.5655  -7.8414 0 3.79835 0 0 -8.63625  -0.0136426 0 0.0335105 0 0 -0.00656166  0.0503134 0 0.168141 0 0 0.0773033  0 0 0 0 0 0  
70.2146 1.86217 0.0197277 -7.77553 0 4 0 0 -8.42018  -7.81397 0 3.78361 0 0 -8.49376  -0.0178888 0 0.034125 0 0 -0.00858332  0.0563259 0 0.182267 0 0 0.082164  0 0 0 0 0 0  
70.6858 1.8717 0.0205689 -7.90777 0 4 0 0 -8.34716  -7.94822 0 3.77579 0 0 -8.43503  -0.0243597 0 0.0352316 0 0 -0.0104679  0.0648051 0 0.188982 0 0 0.0983361  0 0 0 0 0 0  
71.1571 1.88123 0.0199767 -8.09126 0 4 0 0 -8.27193  -8.12556 0 3.77633 0 0 -8.35411  -0.0222865 0 0.0348549 0 0 -0.0101984  0.0565854 0 0.188812 0 0 0.0923821  0 0 0 0 0 0  
71.6283 1.89091 0.0205222 -8.20916 0 4 0 0 -8.19377  -8.23531 0 3.78315 0 0 -8.26759  -0.0235587 0 0.0367954 0 0 -0.00798807  0.0497059 0 0.180052 0 0 0.0818047  0 0 0 0 0 0  
72.0996 1.90068 0.0208283 -8.38731 0 4 0 0 -8.11478  -8.41801 0 3.77382 0 0 -8.19587  -0.0239956 0 0.0383725 0 0 -0.00985004  0.0547005 0 0.187812 0 0 0.0909398  0 0 0 0 0 0  
72.5708 1.91042 0.0204789 -8.42542 0 4 0 0 -7.98123  -8.47785 0 3.76901 0 0 -8.07449  -0.0178757 0 0.0377958 0 0 -0.00851603  0.0702985 0 0.193191 0 0 0.101783  0 0 0 0 0 0  
73.042 1.92022 0.0204426 -8.44034 0 4 0 0 -7.92154  -8.48275 0 3.76762 0 0 -8.00657  -0.0169882 0 0.0406788 0 0 -0.0122465  0.0594028 0 0.1917 0 0 0.0972759  0 0 0 0 0 0  
73.5133 1.9297 0.0198299 -8.43112 0 4 0 0 -7.98335  -8.47827 0 3.77727 0 0 -8.06542  -0.0189399 0 0.0382584 0 0 -0.0109469  0.0660932 0 0.184471 0 0 0.0930188  0 0 0 0 0 0  
73.9845 1.93899 0.0199688 -8.45078 0 4 0 0 -7.93284  -8.50277 0 3.7689 0 0 -8.02401  -0.0165944 0 0.0399188 0 0 -0.00663457  0.0685777 0 0.191186 0 0 0.0978004  0 0 0 0 0 0  
74.4557 1.94816 0.0193317 -8.40461 0 4 0 0 -7.8091  -8.45276 0 3.76495 0 0 -7.89478  -0.020838 0 0.0399734 0 0 -0.0113208  0.0689899 0 0.195081 0 0 0.0969993  0 0 0 0 0 0  
74.927 1.95727 0.0193873 -8.30306 0 4 0 0 -7.66475  -8.35515 0 3.76696 0 0 -7.74897  -0.022972 0 0.0391919 0 0 -0.0157506  0.0750548 0 0.19385 0 0 0.0999708  0 0 0 0 0 0  
75.3982 1.9663 0.0192017 -8.11511 0 4 0 0 -7.46254  -8.1615 0 3.76606 0 0 -7.54132  -0.0253652 0 0.0399063 0 0 -0.0149423  0.0717573 0 0.194036 0 0 0.0937232  0 0 0 0 0 0  
75.8695 1.97533 0.0193069 -7.84925 0 4 0 0 -7.17962  -7.90276 0 3.75712 0 0 -7.25939  -0.0275399 0 0.04044 0 0 -0.0182472  0.0810497 0 0.20244 0 0 0.0980172  0 0 0 0 0 0  
76.3407 1.98442 0.0190458 -7.74293 0 4 0 0 -7.1318  -7.79987 0 3.76029 0 0 -7.22381  -0.0252389 0 0.0371085 0 0 -0.0134858  0.0821792 0 0.2026 0 0 0.105491  0 0 0 0 0 0  
76.8119 1.99347 0.0194093 -7.8977 0 4 0 0 -7.14472  -7.95747 0 3.74911 0 0 -7.24751  -0.0289646 0 0.037858 0 0 -0.0196341  0.0887306 0 0.213034 0 0 0.122427  0 0 0 0 0 0  
77.2832 2.00223 0.0184295 -8.07079 0 4 0 0 -7.29322  -8.12247 0 3.77332 0 0 -7.39183  -0.0240451 0 0.0371223 0 0 -0.0139168  0.0757216 0 0.189559 0 0 0.112524  0 0 0 0 0 0  
77.7544 2.01086 0.0179137 -8.28818 0 4 0 0 -7.13591  -8.33361 0 3.78478 0 0 -7.22446  -0.0220596 0 0.0348925 0 0 -0.0108702  0.0674944 0 0.180332 0 0 0.0994221  0 0 0 0 0 0  
78.2257 2.0191 0.0170817 -8.3609 0 4 0 0 -7.01097  -8.41006 0 3.79719 0 0 -7.09278  -0.0222344 0 0.032938 0 0 -0.014448  0.071402 0 0.169873 0 0 0.0962582  0 0 0 0 0 0  
78.6969 2.02728 0.0173081 -8.43907 0 4 0 0 -6.97235  -8.48933 0 3.80404 0 0 -7.05235  -0.0177582 0 0.0313061 0 0 -0.0132917  0.0680194 0 0.16465 0 0 0.0932964  0 0 0 0 0 0  
79.1681 2.03543 0.0173908 -8.4138 0 4 0 0 -6.99042  -8.47258 0 3.80872 0 0 -7.07823  -0.0113764 0 0.0299941 0 0 -0.0130828  0.0701605 0 0.161289 0 0 0.100892  0 0 0 0 0 0  
79.6394 2.0436 0.0170218 -8.4461 0 4 0 0 -7.00139  -8.49931 0 3.81886 0 0 -7.0799  -0.0116461 0 0.0294846 0 0 -0.0110718  0.0648609 0 0.151652 0 0 0.0895744  0 0 0 0 0 0  
80.1106 2.0515 0.016947 -8.26598 0 4 0 0 -6.82378  -8.319 0 3.81622 0 0 -6.89637  -0.0110886 0 0.0303817 0 0 -0.0115935  0.0641067 0 0.153397 0 0 0.0841838  0 0 0 0 0 0  
80.5819 2.05981 0.0179225 -7.94318 0 4 0 0 -6.48963  -8.01716 0 3.80267 0 0 -6.58309  -0.00988487 0 0.0282166 0 0 -0.0109771  0.083861 0 0.169115 0 0 0.104436  0 0 0 0 0 0  
81.0531 2.06858 0.0189731 -7.67732 0 4 0 0 -6.32524  -7.7531 0 3.78023 0 0 -6.41728  -0.0109083 0 0.0326497 0 0 -0.0184197  0.0866855 0 0.187124 0 0 0.110459  0 0 0 0 0 0  
81.5243 2.07803 0.0209233 -7.49826 0 4 0 0 -6.23301  -7.59267 0 3.75166 0 0 -6.33643  -0.0167988 0 0.0317942 0 0 -0.0211705  0.111208 0 0.216547 0 0 0.124594  0 0 0 0 0 0  
81.9956 2.08797 0.0211539 -7.39532 0 4 0 0 -6.27432  -7.47672 0 3.74928 0 0 -6.38168  -0.0200699 0 0.0337143 0 0 -0.022405  0.10147 0 0.217008 0 0 0.129769  0 0 0 0 0 0  
82.4668 2.09793 0.0211904 -7.39683 0 4 0 0 -6.3535  -7.467 0 3.74954 0 0 -6.46634  -0.0228004 0 0.03617 0 0 -0.0179695  0.0929732 0 0.214287 0 0 0.130811  0 0 0 0 0 0  
82.938 2.108 0.0211352 -7.41747 0 4 0 0 -6.39165  -7.50188 0 3.75884 0 0 -6.51885  -0.0183068 0 0.0304037 0 0 -0.0136396  0.102718 0 0.210757 0 0 0.140843  0 0 0 0 0 0  
83.4093 2.11813 0.0219457 -7.47347 0 4 0 0 -6.31151  -7.5654 0 3.74877 0 0 -6.44712  -0.0207291 0 0.0293317 0 0 -0.0183774  0.112655 0 0.221903 0 0 0.153992  0 0 0 0 0 0  
83.8805 2.12859 0.0224909 -7.446 0 4 0 0 -6.18754  -7.53479 0 3.74861 0 0 -6.30746  -0.0230965 0 0.0300999 0 0 -0.0170643  0.111894 0 0.221292 0 0 0.136987  0 0 0 0 0 0  
84.3518 2.13945 0.0233965 -7.35121 0 4 0 0 -6.07719  -7.42838 0 3.72799 0 0 -6.18614  -0.0275908 0 0.034108 0 0 -0.0209939  0.104762 0 0.237904 0 0 0.129946  0 0 0 0 0 0  
84.823 2.15038 0.0225187 -7.43123 0 4 0 0 -6.09672  -7.50677 0 3.73359 0 0 -6.19294  -0.0305033 0 0.0355068 0 0 -0.0258699  0.106042 0 0.230907 0 0 0.122087  0 0 0 0 0 0  
85.2942 2.16094 0.0222811 -7.49447 0 4 0 0 -6.14514  -7.56695 0 3.73886 0 0 -6.24849  -0.0290622 0 0.0337365 0 0 -0.0304152  0.101541 0 0.227408 0 0 0.133766  0 0 0 0 0 0  
85.7655 2.17123 0.0212361 -7.55833 0 4 0 0 -6.18537  -7.62683 0 3.75237 0 0 -6.29291  -0.0256026 0 0.0341791 0 0 -0.0293217  0.0941072 0 0.213449 0 0 0.136855  0 0 0 0 0 0  
86.2367 2.18093 0.0203915 -7.54853 0 4 0 0 -6.29199  -7.61865 0 3.76207 0 0 -6.40156  -0.027135 0 0.0291692 0 0 -0.0241168  0.0972524 0 0.208762 0 0 0.133693  0 0 0 0 0 0  
86.708 2.19046 0.0206247 -7.62672 0 4 0 0 -6.39817  -7.69856 0 3.7663 0 0 -6.49911  -0.0164894 0 0.0328434 0 0 -0.0154964  0.0883293 0 0.200859 0 0 0.116435  0 0 0 0 0 0  
87.1792 2.20022 0.0205948 -7.71911 0 4 0 0 -6.26739  -7.79518 0 3.75855 0 0 -6.36454  -0.0177284 0 0.0357768 0 0 -0.0156808  0.0937928 0 0.205676 0 0 0.112831  0 0 0 0 0 0  
87.6504 2.20992 0.0209014 -7.73795 0 4 0 0 -6.27024  -7.80691 0 3.74736 0 0 -6.36572  -0.0163772 0 0.0365823 0 0 -0.0167851  0.0853363 0 0.216056 0 0 0.112262  0 0 0 0 0 0  
88.1217 2.21981 0.0215661 -7.61317 0 4 0 0 -6.29107  -7.66499 0 3.73679 0 0 -6.37458  -0.0146712 0 0.0397495 0 0 -0.0154607  0.0664923 0 0.22346 0 0 0.0989623  0 0 0 0 0 0  
88.5929 2.23 0.0219228 -7.53632 0 4 0 0 -6.18117  -7.60017 0 3.72426 0 0 -6.27692  -0.0170424 0 0.0421642 0 0 -0.0196197  0.080885 0 0.233574 0 0 0.115369  0 0 0 0 0 0  
89.0642 2.24048 0.0227888 -7.47244 0 4 0 0 -6.15095  -7.54579 0 3.71142 0 0 -6.25263  -0.0185761 0 0.0408568 0 0 -0.0186331  0.0919314 0 0.247727 0 0 0.12031  0 0 0 0 0 0  
89.5354 2.25171 0.0246386 -7.42894 0 4 0 0 -6.12309  -7.50553 0 3.69049 0 0 -6.22337  -0.0235068 0 0.0468649 0 0 -0.0251559  0.100096 0 0.262648 0 0 0.125436  0 0 0 0 0 0  
90.0066 2.26347 0.0252436 -7.27715 0 4 0 0 -6.05836  -7.34613 0 3.68063 0 0 -6.1626  -0.0332969 0 0.0489123 0 0 -0.0321283  0.102276 0 0.270454 0 0 0.136372  0 0 0 0 0 0  
90.4779 2.2757 0.0260224 -7.15747 0 4 0 0 -6.10455  -7.25012 0 3.66927 0 0 -6.22806  -0.028878 0 0.0515528 0 0 -0.0340573  0.121528 0 0.279178 0 0 0.157567  0 0 0 0 0 0  
90.9491 2.28778 0.0251394 -7.06454 0 4 0 0 -6.20345  -7.14689 0 3.68385 0 0 -6.32447  -0.0284242 0 0.049801 0 0 -0.0330494  0.110773 0 0.266347 0 0 0.154069  0 0 0 0 0 0  
91.4203 2.2992 0.0235483 -6.87253 0 4 0 0 -6.26582  -6.95841 0 3.70672 0 0 -6.39641  -0.0221882 0 0.0441976 0 0 -0.022025  0.10807 0 0.249084 0 0 0.15261  0 0 0 0 0 0  
91.8916 2.3106 0.0243562 -6.77846 0 4 0 0 -6.26557  -6.89858 0 3.6796 0 0 -6.42806  -0.0236422 0 0.0437342 0 0 -0.0285058  0.143762 0 0.276665 0 0 0.190994  0 0 0 0 0 0  
92.3628 2.32194 0.0237864 -6.82918 0 4 0 0 -6.38756  -6.95702 0 3.68712 0 0 -6.54667  -0.0261774 0 0.041301 0 0 -0.0242442  0.154019 0 0.271575 0 0 0.183353  0 0 0 0 0 0  
92.8341 2.33295 0.0230844 -7.03854 0 4 0 0 -6.57743  -7.14359 0 3.7124 0 0 -6.71781  -0.0277203 0 0.0378967 0 0 -0.0186734  0.132773 0 0.2497 0 0 0.159054  0 0 0 0 0 0  
93.3053 2.34408 0.0240611 -7.31642 0 4 0 0 -6.76416  -7.41913 0 3.70844 0 0 -6.90594  -0.0319946 0 0.0374675 0 0 -0.0142819  0.13471 0 0.254097 0 0 0.156055  0 0 0 0 0 0  
93.7765 2.35533 0.0235827 -7.53797 0 4 0 0 -6.92057  -7.61953 0 3.71681 0 0 -7.04302  -0.0394574 0 0.0368173 0 0 -0.0150636  0.121017 0 0.246372 0 0 0.137509  0 0 0 0 0 0  
94.2478 2.36649 0.0233524 -7.69936 0 4 0 0 -6.96444  -7.77077 0 3.72402 0 0 -7.08757  -0.0391206 0 0.0371353 0 0 -0.0185082  0.110528 0 0.238845 0 0 0.141635  0 0 0 0 0 0  
94.719 2.37727 0.0228493 -7.85396 0 4 0 0 -7.02649  -7.92578 0 3.73035 0 0 -7.14037  -0.0437684 0 0.0335651 0 0 -0.0262145  0.115581 0 0.236089 0 0 0.140098  0 0 0 0 0 0  
95.1903 2.38817 0.0230859 -7.8397 0 4 0 0 -7.09034  -7.91722 0 3.73766 0 0 -7.20507  -0.0419173 0 0.031673 0 0 -0.0312849  0.119441 0 0.230669 0 0 0.146019  0 0 0 0 0 0  
95.6615 2.39898 0.0229425 -7.67328 0 4 0 0 -6.98777  -7.74739 0 3.73007 0 0 -7.08514  -0.0402087 0 0.0325634 0 0 -0.0291017  0.114311 0 0.23737 0 0 0.126476  0 0 0 0 0 0  
96.1327 2.40979 0.0226878 -7.49507 0 4 0 0 -6.72541  -7.57932 0 3.72806 0 0 -6.8332  -0.0355103 0 0.0272426 0 0 -0.029217  0.119762 0 0.244698 0 0 0.137004  0 0 0 0 0 0  
96.604 2.42096 0.0249167 -7.35783 0 4 0 0 -6.64435  -7.45561 0 3.70216 0 0 -6.77219  -0.0405757 0 0.027037 0 0 -0.0380742  0.138352 0 0.270807 0 0 0.165919  0 0 0 0 0 0  
97.0752 2.43292 0.025634 -7.33637 0 4 0 0 -6.63014  -7.42809 0 3.69271 0 0 -6.74563  -0.0425339 0 0.0326834 0 0 -0.0365964  0.134257 0 0.274607 0 0 0.152084  0 0 0 0 0 0  
97.5465 2.4454 0.0268155 -7.24109 0 4 0 0 -6.52661  -7.32886 0 3.68761 0 0 -6.6441  -0.0444218 0 0.0329024 0 0 -0.0407295  0.132186 0 0.279485 0 0 0.158214  0 0 0 0 0 0  
98.0177 2.45814 0.0273017 -7.19239 0 4 0 0 -6.57954  -7.28834 0 3.67606 0 0 -6.70443  -0.0450262 0 0.0346867 0 0 -0.0385424  0.14097 0 0.289258 0 0 0.163432  0 0 0 0 0 0  
98.4889 2.47113 0.0273587 -7.14525 0 4 0 0 -6.55877  -7.24499 0 3.68002 0 0 -6.68884  -0.0431402 0 0.0355185 0 0 -0.0330945  0.142877 0 0.284461 0 0 0.163158  0 0 0 0 0 0  
98.9602 2.48427 0.0274705 -7.18062 0 4 0 0 -6.53047  -7.28392 0 3.66479 0 0 -6.67105  -0.0449677 0 0.0422678 0 0 -0.0231239  0.148266 0 0.292939 0 0 0.163707  0 0 0 0 0 0  
99.4314 2.4972 0.0269967 -7.11116 0 4 0 0 -6.58888  -7.21065 0 3.68162 0 0 -6.73059  -0.0486997 0 0.039372 0 0 -0.0212608  0.148182 0 0.279007 0 0 0.162967  0 0 0 0 0 0  
99.9026 2.50997 0.0269352 -7.0489 0 4 0 0 -6.68224  -7.14145 0 3.68735 0 0 -6.81989  -0.0460318 0 0.0419294 0 0 -0.0307809  0.138578 0 0.270722 0 0 0.168436  0 0 0 0 0 0  
100.374 2.52274 0.0272002 -7.04853 0 4 0 0 -6.75914  -7.12948 0 3.6748 0 0 -6.89331  -0.0454113 0 0.0449043 0 0 -0.0321869  0.126361 0 0.280296 0 0 0.166361  0 0 0 0 0 0  
100.845 2.53566 0.0270249 -6.99894 0 4 0 0 -6.79159  -7.08604 0 3.6666 0 0 -6.92795  -0.0463967 0 0.0490326 0 0 -0.0336611  0.133502 0 0.284369 0 0 0.170016  0 0 0 0 0 0  
101.316 2.54822 0.0258621 -7.00812 0 4 0 0 -6.75041  -7.0955 0 3.69198 0 0 -6.87964  -0.0381159 0 0.0479549 0 0 -0.0271066  0.125492 0 0.260069 0 0 0.156339  0 0 0 0 0 0  
101.788 2.56038 0.0256338 -7.04168 0 4 0 0 -6.68762  -7.13172 0 3.69218 0 0 -6.81634  -0.034111 0 0.0427824 0 0 -0.0318684  0.124148 0 0.265034 0 0 0.160588  0 0 0 0 0 0  
102.259 2.5721 0.0242693 -7.06909 0 4 0 0 -6.72565  -7.17716 0 3.6906 0 0 -6.86533  -0.0340189 0 0.0401652 0 0 -0.0286682  0.142093 0 0.269236 0 0 0.168354  0 0 0 0 0 0  
102.73 2.58325 0.0230343 -7.11746 0 4 0 0 -6.90943  -7.21671 0 3.71482 0 0 -7.04184  -0.0347445 0 0.0380437 0 0 -0.0259917  0.133999 0 0.247131 0 0 0.158397  0 0 0 0 0 0  
103.201 2.59385 0.0224744 -7.22206 0 4 0 0 -7.10577  -7.32197 0 3.70997 0 0 -7.23397  -0.0351123 0 0.0386052 0 0 -0.028861  0.135015 0 0.251423 0 0 0.157054  0 0 0 0 0 0  
103.673 2.60398 0.0206017 -7.27203 0 4 0 0 -7.26178  -7.35501 0 3.73538 0 0 -7.37899  -0.0285472 0 0.0356483 0 0 -0.0272496  0.111535 0 0.22897 0 0 0.144464  0 0 0 0 0 0  
104.144 2.61378 0.0205965 -7.26395 0 4 0 0 -7.39077  -7.34368 0 3.73461 0 0 -7.51182  -0.0310215 0 0.0356115 0 0 -0.0286847  0.110755 0 0.229779 0 0 0.149728  0 0 0 0 0 0  
104.615 2.62341 0.020768 -7.24329 0 4 0 0 -7.45835  -7.31803 0 3.74574 0 0 -7.5883  -0.0254401 0 0.0331425 0 0 -0.0216836  0.10018 0 0.221114 0 0 0.151639  0 0 0 0 0 0  
105.086 2.63331 0.0217447 -7.1787 0 4 0 0 -7.61558  -7.24628 0 3.72854 0 0 -7.73573  -0.0235761 0 0.0341055 0 0 -0.01684  0.0911583 0 0.237349 0 0 0.136992  0 0 0 0 0 0  
105.558 2.64397 0.0234517 -7.27094 0 4 0 0 -7.63628  -7.3379 0 3.70688 0 0 -7.75365  -0.0254906 0 0.0356545 0 0 -0.0174433  0.0924537 0 0.257469 0 0 0.134812  0 0 0 0 0 0  
106.029 2.65528 0.02386 -7.28215 0 4 0 0 -7.8262  -7.34633 0 3.70589 0 0 -7.93716  -0.028383 0 0.0372473 0 0 -0.0197155  0.0925606 0 0.256863 0 0 0.130678  0 0 0 0 0 0  
106.5 2.66632 0.0231711 -7.31852 0 4 0 0 -7.94209  -7.37389 0 3.70991 0 0 -8.04441  -0.0293375 0 0.0374916 0 0 -0.0177796  0.0847078 0 0.2526 0 0 0.1201  0 0 0 0 0 0  
106.971 2.67711 0.0224273 -7.21718 0 4 0 0 -8.0391  -7.28131 0 3.71953 0 0 -8.15277  -0.0364109 0 0.0380534 0 0 -0.0202577  0.100538 0 0.242415 0 0 0.133926  0 0 0 0 0 0  
107.442 2.68748 0.0213566 -7.22892 0 4 0 0 -8.13977  -7.30128 0 3.73334 0 0 -8.23962  -0.0246727 0 0.0343268 0 0 -0.0149401  0.097032 0 0.232333 0 0 0.114788  0 0 0 0 0 0  
107.914 2.69743 0.0207481 -7.35222 0 4 0 0 -8.21943  -7.42804 0 3.74477 0 0 -8.32175  -0.0200376 0 0.0308318 0 0 -0.0184243  0.0958585 0 0.224396 0 0 0.120741  0 0 0 0 0 0  
108.385 2.70732 0.0208959 -7.4369 0 4 0 0 -8.19553  -7.50423 0 3.74525 0 0 -8.29858  -0.0237418 0 0.0328674 0 0 -0.0199315  0.0910766 0 0.221885 0 0 0.122978  0 0 0 0 0 0  
108.856 2.71731 0.0213852 -7.53892 0 4 0 0 -8.14478  -7.60031 0 3.75042 0 0 -8.24992  -0.0244065 0 0.0344183 0 0 -0.0183793  0.0858002 0 0.215157 0 0 0.12352  0 0 0 0 0 0  
109.327 2.7275 0.0211908 -7.55829 0 4 0 0 -8.13418  -7.61614 0 3.75801 0 0 -8.226  -0.0284381 0 0.0354857 0 0 -0.0188212  0.0862918 0 0.206504 0 0 0.110641  0 0 0 0 0 0  
109.799 2.73743 0.0212731 -7.44345 0 4 0 0 -7.99572  -7.49933 0 3.76175 0 0 -8.08303  -0.0228201 0 0.0363479 0 0 -0.0168835  0.078702 0 0.201903 0 0 0.104191  0 0 0 0 0 0  
110.27 2.74761 0.0217502 -7.27357 0 4 0 0 -7.78226  -7.33074 0 3.74879 0 0 -7.87158  -0.0263007 0 0.0396363 0 0 -0.0197913  0.0834791 0 0.211572 0 0 0.109111  0 0 0 0 0 0  
110.741 2.75782 0.0221263 -7.35484 0 4 0 0 -7.51572  -7.4099 0 3.74448 0 0 -7.60028  -0.0292416 0 0.0407831 0 0 -0.0219142  0.0842966 0 0.214733 0 0 0.106477  0 0 0 0 0 0  
111.212 2.76796 0.0217973 -7.60566 0 4 0 0 -7.21029  -7.66099 0 3.75047 0 0 -7.30992  -0.0368501 0 0.0369421 0 0 -0.0197538  0.0921703 0 0.212591 0 0 0.119388  0 0 0 0 0 0  
111.684 2.77807 0.0207977 -7.75931 0 4 0 0 -7.01123  -7.81399 0 3.75384 0 0 -7.1125  -0.0319728 0 0.0370176 0 0 -0.0252488  0.0866596 0 0.209142 0 0 0.12652  0 0 0 0 0 0  
112.155 2.78779 0.0197912 -7.88795 0 4 0 0 -7.03463  -7.94603 0 3.7635 0 0 -7.13225  -0.0264804 0 0.0308178 0 0 -0.0217037  0.0845543 0 0.205684 0 0 0.11933  0 0 0 0 0 0  
112.626 2.79703 0.019319 -7.97427 0 4 0 0 -7.06143  -8.02784 0 3.76776 0 0 -7.14521  -0.0255827 0 0.0321284 0 0 -0.0242428  0.0791468 0 0.200108 0 0 0.108025  0 0 0 0 0 0  
113.097 2.80629 0.0198618 -7.93853 0 4 0 0 -7.06201  -7.99453 0 3.76033 0 0 -7.13945  -0.0278063 0 0.0348761 0 0 -0.0231496  0.083809 0 0.204797 0 0 0.100585  0 0 0 0 0 0  
113.569 2.81552 0.0194363 -7.9009 0 4 0 0 -7.01753  -7.95989 0 3.76296 0 0 -7.1028  -0.022848 0 0.034161 0 0 -0.0241791  0.081834 0 0.202881 0 0 0.109444  0 0 0 0 0 0  
114.04 2.8246 0.019221 -7.75581 0 4 0 0 -7.03695  -7.81776 0 3.75831 0 0 -7.1265  -0.0198137 0 0.0330514 0 0 -0.0240614  0.081766 0 0.208634 0 0 0.113611  0 0 0 0 0 0  
114.511 2.83357 0.0191265 -7.65652 0 4 0 0 -6.97074  -7.7251 0 3.7628 0 0 -7.0623  -0.0201043 0 0.0307091 0 0 -0.0235793  0.0886858 0 0.206488 0 0 0.115144  0 0 0 0 0 0  
114.982 2.8425 0.0186889 -7.527 0 4 0 0 -6.88748  -7.60053 0 3.74946 0 0 -6.98033  -0.0154059 0 0.0317893 0 0 -0.0245978  0.0889357 0 0.21875 0 0 0.117447  0 0 0 0 0 0  
115.454 2.85122 0.0186952 -7.53341 0 4 0 0 -6.84533  -7.61774 0 3.75054 0 0 -6.94244  -0.0140568 0 0.0314156 0 0 -0.0193883  0.0983869 0 0.218043 0 0 0.116494  0 0 0 0 0 0  
115.925 2.86014 0.0191714 -7.59047 0 4 0 0 -6.7942  -7.67403 0 3.74816 0 0 -6.89097  -0.01608 0 0.0336101 0 0 -0.0185601  0.0996391 0 0.218231 0 0 0.115331  0 0 0 0 0 0  
116.396 2.86938 0.0196811 -7.67038 0 4 0 0 -6.87189  -7.74577 0 3.74838 0 0 -6.96609  -0.0187003 0 0.0356103 0 0 -0.0173299  0.0940916 0 0.216006 0 0 0.111533  0 0 0 0 0 0  
116.867 2.87846 0.0189509 -7.78625 0 4 0 0 -6.96868  -7.86243 0 3.76165 0 0 -7.05941  -0.0188992 0 0.0333424 0 0 -0.0166065  0.0950743 0 0.205009 0 0 0.107333  0 0 0 0 0 0  
117.338 2.88729 0.0185671 -7.83983 0 4 0 0 -7.06646  -7.91221 0 3.76407 0 0 -7.15084  -0.0152627 0 0.0344516 0 0 -0.014863  0.0876463 0 0.201478 0 0 0.0992347  0 0 0 0 0 0  
117.81 2.89604 0.0182734 -7.7968 0 4 0 0 -7.12169  -7.86434 0 3.77139 0 0 -7.19985  -0.0144046 0 0.0334296 0 0 -0.0160728  0.0819468 0 0.195181 0 0 0.0942329  0 0 0 0 0 0  
118.281 2.90462 0.0180183 -7.82403 0 4 0 0 -7.33504  -7.88452 0 3.7759 0 0 -7.40652  -0.0181626 0 0.0340392 0 0 -0.0165508  0.078652 0 0.190059 0 0 0.0880307  0 0 0 0 0 0  
118.752 2.91311 0.0181441 -7.89157 0 4 0 0 -7.51622  -7.95023 0 3.77683 0 0 -7.58996  -0.0158827 0 0.0328066 0 0 -0.0171516  0.074546 0 0.190368 0 0 0.0908947  0 0 0 0 0 0  
119.223 2.92172 0.0185244 -8.01411 0 4 0 0 -7.65626  -8.06864 0 3.77958 0 0 -7.72279  -0.019341 0 0.0338644 0 0 -0.0214269  0.0738679 0 0.186552 0 0 0.0879598  0 0 0 0 0 0  
119.695 2.93073 0.0194173 -8.10447 0 4 0 0 -7.8479  -8.16869 0 3.77282 0 0 -7.91505  -0.0175513 0 0.0360503 0 0 -0.0225032  0.0817723 0 0.191125 0 0 0.0896498  0 0 0 0 0 0  
120.166 2.93979 0.019215 -8.21475 0 4 0 0 -8.02269  -8.27968 0 3.78249 0 0 -8.08364  -0.0142719 0 0.0351717 0 0 -0.021256  0.0792033 0 0.182342 0 0 0.0822107  0 0 0 0 0 0  
120.637 2.94891 0.0194226 -8.33025 0 4 0 0 -8.15774  -8.39311 0 3.78109 0 0 -8.22504  -0.0192916 0 0.0352458 0 0 -0.0190785  0.082151 0 0.18366 0 0 0.0863813  0 0 0 0 0 0  
121.108 2.95796 0.0192155 -8.39075 0 4 0 0 -8.16595  -8.45914 0 3.78134 0 0 -8.2324  -0.0297016 0 0.032532 0 0 -0.020845  0.0980857 0 0.186129 0 0 0.0872991  0 0 0 0 0 0  
121.58 2.96657 0.0175501 -8.47847 0 4 0 0 -8.1091  -8.52727 0 3.79512 0 0 -8.16393  -0.0237622 0 0.0315808 0 0 -0.017375  0.072562 0 0.173295 0 0 0.0722054  0 0 0 0 0 0  
122.051 2.97474 0.0176511 -8.68662 0 4 0 0 -8.05821  -8.73248 0 3.79315 0 0 -8.11384  -0.0169048 0 0.0294238 0 0 -0.0124615  0.0627632 0 0.177429 0 0 0.0680902  0 0 0 0 0 0  
122.522 2.98299 0.0176166 -8.77331 0 4 0 0 -8.05295  -8.82596 0 3.79678 0 0 -8.11059  -0.0219634 0 0.0293186 0 0 -0.0157558  0.0746101 0 0.173901 0 0 0.0733907  0 0 0 0 0 0  
122.993 2.99124 0.0175573 -8.87514 0 4 0 0 -7.96575  -8.92549 0 3.79632 0 0 -8.02078  -0.0192628 0 0.0302552 0 0 -0.0138776  0.0696145 0 0.173425 0 0 0.0689096  0 0 0 0 0 0  
123.465 2.99916 0.0165228 -8.90626 0 4 0 0 -7.78908  -8.95846 0 3.80687 0 0 -7.85221  -0.0151063 0 0.0285688 0 0 -0.0133285  0.0673052 0 0.164564 0 0 0.07646  0 0 0 0 0 0  
123.936 3.0069 0.0167561 -8.8519 0 4 0 0 -7.62473  -8.9009 0 3.8117 0 0 -7.68549  -0.0136838 0 0.028394 0 0 -0.0153008  0.0626849 0 0.159905 0 0 0.0760567  0 0 0 0 0 0  
124.407 3.015 0.0173901 -8.8205 0 4 0 0 -7.49726  -8.86568 0 3.79723 0 0 -7.55949  -0.0140695 0 0.0316213 0 0 -0.0179112  0.0592442 0 0.17115 0 0 0.080137  0 0 0 0 0 0  
124.878 3.02338 0.0183076 -8.68687 0 4 0 0 -7.41963  -8.71893 0 3.7829 0 0 -7.47961  -0.0121566 0 0.0358529 0 0 -0.0132796  0.0442111 0 0.18125 0 0 0.0732597  0 0 0 0 0 0  
125.35 3.03205 0.0187645 -8.5175 0 4 0 0 -7.41687  -8.55585 0 3.77507 0 0 -7.49841  -0.0123854 0 0.0375496 0 0 -0.0110744  0.0507334 0 0.187385 0 0 0.09261  0 0 0 0 0 0  
125.821 3.04089 0.0190771 -8.26857 0 4 0 0 -7.31637  -8.31372 0 3.77707 0 0 -7.40156  -0.010914 0 0.0365075 0 0 -0.0077043  0.0560636 0 0.186427 0 0 0.0928999  0 0 0 0 0 0  
126.292 3.04977 0.0192741 -8.00543 0 4 0 0 -7.23912  -8.06725 0 3.77594 0 0 -7.33558  -0.00603166 0 0.0334885 0 0 -0.0092516  0.0678519 0 0.190567 0 0 0.105702  0 0 0 0 0 0  
126.763 3.05898 0.0197197 -7.71491 0 4 0 0 -7.2301  -7.78264 0 3.7596 0 0 -7.32263  -0.0114902 0 0.0332799 0 0 -0.0149813  0.0792187 0 0.20712 0 0 0.107518  0 0 0 0 0 0  
127.235 3.06842 0.0204565 -7.47868 0 4 0 0 -7.23634  -7.55644 0 3.74336 0 0 -7.34163  -0.0169398 0 0.0341843 0 0 -0.0194394  0.094702 0 0.222456 0 0 0.124732  0 0 0 0 0 0  
127.706 3.07839 0.0213064 -7.21773 0 4 0 0 -7.26515  -7.30928 0 3.73793 0 0 -7.38119  -0.0167132 0 0.0333267 0 0 -0.0215036  0.108258 0 0.228743 0 0 0.137541  0 0 0 0 0 0  
128.177 3.08859 0.0216767 -7.13869 0 4 0 0 -7.25232  -7.23334 0 3.72764 0 0 -7.36976  -0.0153943 0 0.0360111 0 0 -0.0185189  0.110041 0 0.236354 0 0 0.135964  0 0 0 0 0 0  
128.648 3.09847 0.0207035 -7.19984 0 4 0 0 -7.28273  -7.27812 0 3.75231 0 0 -7.39183  -0.0105874 0 0.0351665 0 0 -0.0141669  0.0888637 0 0.212527 0 0 0.123267  0 0 0 0 0 0  
129.119 3.10807 0.0201719 -7.09509 0 4 0 0 -7.3727  -7.17095 0 3.7655 0 0 -7.47497  -0.0146036 0 0.0312133 0 0 -0.0141871  0.0904713 0 0.203285 0 0 0.116461  0 0 0 0 0 0  
129.591 3.11769 0.0206594 -7.06358 0 4 0 0 -7.47815  -7.13339 0 3.76193 0 0 -7.5844  -0.0106847 0 0.0341993 0 0 -0.0105456  0.0804947 0 0.203869 0 0 0.116802  0 0 0 0 0 0  
130.062 3.12746 0.0205926 -6.89804 0 4 0 0 -7.46754  -6.97702 0 3.75653 0 0 -7.57575  -0.0176874 0 0.032445 0 0 -0.0102367  0.0966687 0 0.211023 0 0 0.118454  0 0 0 0 0 0  
130.533 3.13725 0.0213735 -6.90212 0 4 0 0 -7.49147  -6.98546 0 3.74317 0 0 -7.61066  -0.0272139 0 0.0337269 0 0 -0.0128703  0.110549 0 0.223106 0 0 0.132059  0 0 0 0 0 0  
131.004 3.14761 0.02206 -6.97672 0 4 0 0 -7.62954  -7.05244 0 3.74113 0 0 -7.74263  -0.0269118 0 0.034744 0 0 -0.015492  0.102639 0 0.224124 0 0 0.128583  0 0 0 0 0 0  
131.476 3.15804 0.0218339 -6.87336 0 4 0 0 -7.67124  -6.95262 0 3.74058 0 0 -7.78645  -0.0312772 0 0.0330617 0 0 -0.0170064  0.110539 0 0.226361 0 0 0.132218  0 0 0 0 0 0  
131.947 3.1687 0.0235758 -6.82871 0 4 0 0 -7.63363  -6.90759 0 3.72496 0 0 -7.75032  -0.032674 0 0.0355751 0 0 -0.0222393  0.111555 0 0.239469 0 0 0.138929  0 0 0 0 0 0  
132.418 3.17974 0.0232046 -6.75063 0 4 0 0 -7.49168  -6.82435 0 3.72518 0 0 -7.60239  -0.0345243 0 0.0372711 0 0 -0.023289  0.10825 0 0.237547 0 0 0.133997  0 0 0 0 0 0  
132.889 3.1906 0.0229675 -6.71855 0 4 0 0 -7.15829  -6.79219 0 3.72721 0 0 -7.26452  -0.0309901 0 0.0363429 0 0 -0.024742  0.104624 0 0.236449 0 0 0.130977  0 0 0 0 0 0  
133.361 3.20165 0.0240391 -6.5799 0 4 0 0 -6.9842  -6.66771 0 3.70143 0 0 -7.10517  -0.0346137 0 0.0404066 0 0 -0.0254862  0.122425 0 0.258159 0 0 0.146455  0 0 0 0 0 0  
133.832 3.21307 0.0246055 -6.52815 0 4 0 0 -6.76311  -6.61775 0 3.6884 0 0 -6.88976  -0.0372805 0 0.0452878 0 0 -0.0244309  0.12688 0 0.266309 0 0 0.151088  0 0 0 0 0 0  
134.303 3.22483 0.0253993 -6.69532 0 4 0 0 -6.57745  -6.81032 0 3.66523 0 0 -6.7272  -0.0383983 0 0.0422033 0 0 -0.0292492  0.153396 0 0.292568 0 0 0.178999  0 0 0 0 0 0  
134.774 3.23692 0.0251977 -6.68549 0 4 0 0 -6.32915  -6.80888 0 3.66007 0 0 -6.51167  -0.0369729 0 0.0428534 0 0 -0.0237431  0.160361 0 0.297074 0 0 0.206268  0 0 0 0 0 0  
135.246 3.24882 0.0250851 -6.75501 0 4 0 0 -6.25128  -6.86607 0 3.65656 0 0 -6.4346  -0.0321294 0 0.0444026 0 0 -0.0252276  0.143187 0 0.29904 0 0 0.208551  0 0 0 0 0 0  
135.717 3.2608 0.0259588 -6.92773 0 4 0 0 -6.37153  -7.03017 0 3.65347 0 0 -6.54963  -0.0380272 0 0.0442252 0 0 -0.0287303  0.140459 0 0.302309 0 0 0.206829  0 0 0 0 0 0  
136.188 3.273 0.0261671 -7.21655 0 4 0 0 -6.32487  -7.30886 0 3.66127 0 0 -6.48138  -0.0366462 0 0.0453348 0 0 -0.0278091  0.128956 0 0.293395 0 0 0.18432  0 0 0 0 0 0  
136.659 3.28517 0.0256752 -7.47028 0 4 0 0 -6.39923  -7.53992 0 3.67904 0 0 -6.52985  -0.032255 0 0.0436661 0 0 -0.0278363  0.101891 0 0.277292 0 0 0.158456  0 0 0 0 0 0  
137.131 3.29701 0.0252326 -7.64815 0 4 0 0 -6.39748  -7.69461 0 3.6853 0 0 -6.50573  -0.0335291 0 0.0449451 0 0 -0.0305473  0.079987 0 0.269756 0 0 0.138798  0 0 0 0 0 0  
137.602 3.30926 0.0267286 -7.68181 0 4 0 0 -6.36453  -7.74775 0 3.66894 0 0 -6.50059  -0.0325668 0 0.0475786 0 0 -0.0301404  0.0985132 0 0.283481 0 0 0.166207  0 0 0 0 0 0  
138.073 3.32186 0.0268023 -7.65142 0 4 0 0 -6.24701  -7.72312 0 3.67207 0 0 -6.3892  -0.0410968 0 0.0459979 0 0 -0.028544  0.112805 0 0.281937 0 0 0.170736  0 0 0 0 0 0  
138.544 3.33413 0.0257152 -7.40296 0 4 0 0 -6.19922  -7.49639 0 3.66944 0 0 -6.34165  -0.040227 0 0.0409869 0 0 -0.0322265  0.133661 0 0.28957 0 0 0.174648  0 0 0 0 0 0  
139.015 3.34621 0.0254844 -7.14001 0 4 0 0 -6.1268  -7.23827 0 3.66592 0 0 -6.27417  -0.0468783 0 0.0357502 0 0 -0.0381672  0.145133 0 0.298332 0 0 0.185538  0 0 0 0 0 0  
139.487 3.35836 0.0252185 -6.96436 0 4 0 0 -6.22794  -7.05765 0 3.67143 0 0 -6.36982  -0.0370967 0 0.0359507 0 0 -0.03072  0.130385 0 0.29262 0 0 0.172605  0 0 0 0 0 0  
139.958 3.37016 0.0250116 -6.95978 0 4 0 0 -6.29022  -7.04238 0 3.69283 0 0 -6.40333  -0.03009 0 0.0393881 0 0 -0.0324705  0.112688 0 0.267785 0 0 0.145576  0 0 0 0 0 0  
140.429 3.38196 0.0255421 -6.94178 0 4 0 0 -6.28736  -7.033 0 3.67686 0 0 -6.40932  -0.0322768 0 0.0374619 0 0 -0.0375163  0.123505 0 0.285679 0 0 0.159477  0 0 0 0 0 0  
140.9 3.39391 0.0251169 -6.97834 0 4 0 0 -6.28933  -7.05701 0 3.67566 0 0 -6.41067  -0.0326255 0 0.0403659 0 0 -0.0399924  0.111301 0 0.28397 0 0 0.161332  0 0 0 0 0 0  
141.372 3.40604 0.0254896 -7.1366 0 4 0 0 -6.51638  -7.21262 0 3.66665 0 0 -6.62836  -0.0341802 0 0.0427499 0 0 -0.0393691  0.110202 0 0.290599 0 0 0.151352  0 0 0 0 0 0  
141.843 3.41767 0.0249985 -7.34361 0 4 0 0 -6.63257  -7.41928 0 3.67932 0 0 -6.74836  -0.0297718 0 0.0460066 0 0 -0.0399477  0.105447 0 0.274672 0 0 0.155742  0 0 0 0 0 0  
142.314 3.4291 0.0238091 -7.4033 0 4 0 0 -6.72654  -7.46231 0 3.69723 0 0 -6.84199  -0.0300893 0 0.0415751 0 0 -0.0343032  0.0890926 0 0.261196 0 0 0.149758  0 0 0 0 0 0  
142.785 3.43987 0.0221162 -7.41013 0 4 0 0 -6.71346  -7.46988 0 3.70955 0 0 -6.80884  -0.0261332 0 0.0384051 0 0 -0.0334242  0.0858832 0 0.25205 0 0 0.128806  0 0 0 0 0 0  
143.257 3.45002 0.0211943 -7.40395 0 4 0 0 -6.84637  -7.46978 0 3.73621 0 0 -6.94798  -0.0235995 0 0.0345273 0 0 -0.0276489  0.0894262 0 0.229261 0 0 0.129261  0 0 0 0 0 0  
143.728 3.45989 0.0207388 -7.51312 0 4 0 0 -6.89129  -7.57972 0 3.74399 0 0 -7.00219  -0.0234625 0 0.03185 0 0 -0.0319895  0.0900587 0 0.224164 0 0 0.142889  0 0 0 0 0 0  
144.199 3.46957 0.0203601 -7.62242 0 4 0 0 -6.95695  -7.68055 0 3.75386 0 0 -7.05611  -0.0225837 0 0.0332765 0 0 -0.0230641  0.0807195 0 0.212868 0 0 0.122221  0 0 0 0 0 0  
144.67 3.47896 0.0198804 -7.72358 0 4 0 0 -6.93637  -7.78033 0 3.75773 0 0 -7.02665  -0.0239703 0 0.0325446 0 0 -0.022957  0.0807148 0 0.209725 0 0 0.113239  0 0 0 0 0 0  
145.142 3.48838 0.0197629 -7.75634 0 4 0 0 -6.87646  -7.8141 0 3.76386 0 0 -6.96409  -0.0248955 0 0.034304 0 0 -0.0197001  0.0826491 0 0.201837 0 0 0.107329  0 0 0 0 0 0  
145.613 3.49775 0.0198909 -7.79866 0 4 0 0 -6.79817  -7.86036 0 3.75805 0 0 -6.87146  -0.0234068 0 0.0340647 0 0 -0.0149109  0.0851093 0 0.207889 0 0 0.0882077  0 0 0 0 0 0  
146.084 3.50738 0.0207611 -7.8303 0 4 0 0 -6.75824  -7.89427 0 3.75029 0 0 -6.83934  -0.0242773 0 0.0370763 0 0 -0.0187405  0.088241 0 0.212635 0 0 0.0998389  0 0 0 0 0 0  
146.555 3.51727 0.0209776 -7.83961 0 4 0 0 -6.85639  -7.89576 0 3.75658 0 0 -6.93257  -0.0230052 0 0.0372742 0 0 -0.0157386  0.0791549 0 0.206143 0 0 0.091914  0 0 0 0 0 0  
147.027 3.52728 0.0210806 -7.64101 0 4 0 0 -6.90187  -7.6901 0 3.75221 0 0 -6.97515  -0.0272375 0 0.0391051 0 0 -0.0209772  0.0763246 0 0.208684 0 0 0.0942581  0 0 0 0 0 0  
147.498 3.53733 0.0213131 -7.36896 0 4 0 0 -6.93148  -7.43183 0 3.74202 0 0 -7.01269  -0.029509 0 0.0398452 0 0 -0.0253725  0.0923827 0 0.21813 0 0 0.10659  0 0 0 0 0 0  
147.969 3.5474 0.0214942 -6.9865 0 4 0 0 -6.76414  -7.05022 0 3.7361 0 0 -6.86139  -0.0273904 0 0.0399313 0 0 -0.0231134  0.0911088 0 0.223969 0 0 0.120371  0 0 0 0 0 0  
148.44 3.55837 0.0241608 -6.8143 0 4 0 0 -6.57316  -6.90778 0 3.68926 0 0 -6.72008  -0.0271382 0 0.0398191 0 0 -0.0303989  0.120622 0 0.270925 0 0 0.177318  0 0 0 0 0 0  
148.911 3.57 0.0255286 -6.66977 0 4 0 0 -6.46535  -6.78778 0 3.66272 0 0 -6.63241  -0.0282831 0 0.0396965 0 0 -0.0285133  0.146297 0 0.297583 0 0 0.195568  0 0 0 0 0 0  
149.383 3.58216 0.0261729 -6.59396 0 4 0 0 -6.54156  -6.70765 0 3.65036 0 0 -6.7118  -0.0233404 0 0.0438711 0 0 -0.0306085  0.137031 0 0.305767 0 0 0.200852  0 0 0 0 0 0  
149.854 3.59429 0.025796 -6.71861 0 4 0 0 -6.63683  -6.83187 0 3.66375 0 0 -6.79911  -0.0272755 0 0.0437378 0 0 -0.0287328  0.140534 0 0.29251 0 0 0.191016  0 0 0 0 0 0  
150.325 3.60647 0.0261043 -6.96169 0 4 0 0 -6.81088  -7.06193 0 3.65391 0 0 -6.95127  -0.0269334 0 0.0412499 0 0 -0.0331581  0.127173 0 0.304843 0 0 0.173554  0 0 0 0 0 0  
150.796 3.61857 0.0251792 -7.2834 0 4 0 0 -7.05109  -7.37935 0 3.67624 0 0 -7.17604  -0.0266729 0 0.0381959 0 0 -0.0334327  0.122619 0 0.285568 0 0 0.15838  0 0 0 0 0 0  
151.268 3.63019 0.0241907 -7.46482 0 4 0 0 -7.22929  -7.54915 0 3.67939 0 0 -7.34201  -0.030697 0 0.0352964 0 0 -0.0340229  0.115022 0 0.285318 0 0 0.146749  0 0 0 0 0 0  
151.739 3.64175 0.0242453 -7.50793 0 4 0 0 -7.46937  -7.58073 0 3.68173 0 0 -7.54947  -0.0351263 0 0.0418319 0 0 -0.0321472  0.107918 0 0.276435 0 0 0.112251  0 0 0 0 0 0  
152.21 3.65308 0.0237554 -7.58992 0 4 0 0 -7.61433  -7.65067 0 3.68112 0 0 -7.69705  -0.0417124 0 0.0405146 0 0 -0.0343322  0.102461 0 0.278361 0 0 0.117055  0 0 0 0 0 0  
152.681 3.6639 0.0221753 -7.60958 0 4 0 0 -7.71201  -7.66149 0 3.70607 0 0 -7.78969  -0.0390606 0 0.039186 0 0 -0.0367135  0.0909786 0 0.254746 0 0 0.114387  0 0 0 0 0 0  
153.153 3.67418 0.0216533 -7.65927 0 4 0 0 -7.73355  -7.72026 0 3.709 0 0 -7.81469  -0.0326247 0 0.0391292 0 0 -0.0361638  0.0936211 0 0.251873 0 0 0.117308  0 0 0 0 0 0  
153.624 3.68393 0.0195455 -7.63925 0 4 0 0 -7.93982  -7.6993 0 3.74582 0 0 -8.01621  -0.0336786 0 0.0349197 0 0 -0.0378172  0.0937322 0 0.219265 0 0 0.114202  0 0 0 0 0 0  
154.095 3.69258 0.017529 -7.62298 0 4 0 0 -8.09271  -7.6763 0 3.78567 0 0 -8.17187  -0.0248533 0 0.0278355 0 0 -0.0245994  0.0781741 0 0.186495 0 0 0.103759  0 0 0 0 0 0  
154.566 3.70032 0.0155974 -7.61917 0 4 0 0 -8.24572  -7.65533 0 3.81319 0 0 -8.30371  -0.0190228 0 0.0263964 0 0 -0.0192233  0.0551861 0 0.160411 0 0 0.0772061  0 0 0 0 0 0  
155.038 3.70773 0.0161799 -7.53607 0 4 0 0 -8.29735  -7.57565 0 3.80964 0 0 -8.35781  -0.0180517 0 0.0278972 0 0 -0.0182108  0.057638 0 0.162466 0 0 0.0786768  0 0 0 0 0 0  
155.509 3.71507 0.0151872 -7.42401 0 4 0 0 -8.33711  -7.46542 0 3.82019 0 0 -8.3961  -0.0144465 0 0.0265412 0 0 -0.0164491  0.0558557 0 0.153273 0 0 0.0754424  0 0 0 0 0 0  
155.98 3.72212 0.0152443 -7.34634 0 4 0 0 -8.43514  -7.37748 0 3.8268 0 0 -8.48548  -0.0151228 0 0.0261074 0 0 -0.0148578  0.04626 0 0.14709 0 0 0.0651975  0 0 0 0 0 0  
156.451 3.72928 0.0151634 -7.26949 0 4 0 0 -8.55746  -7.30164 0 3.83277 0 0 -8.61218  -0.014684 0 0.0259679 0 0 -0.0131507  0.0468387 0 0.141267 0 0 0.0678687  0 0 0 0 0 0  
156.923 3.73658 0.015986 -7.2113 0 4 0 0 -8.6963  -7.24879 0 3.82979 0 0 -8.75442  -0.0144452 0 0.0258048 0 0 -0.0113577  0.0519327 0 0.144408 0 0 0.0694762  0 0 0 0 0 0  
157.394 3.7444 0.0170239 -7.17718 0 4 0 0 -8.74291  -7.21724 0 3.81897 0 0 -8.80345  -0.0160531 0 0.0278734 0 0 -0.011018  0.0561051 0 0.153152 0 0 0.0715574  0 0 0 0 0 0  
157.865 3.7525 0.0178798 -7.14607 0 4 0 0 -8.7384  -7.18431 0 3.80798 0 0 -8.80171  -0.0180137 0 0.0321247 0 0 -0.0105345  0.0562481 0 0.1599 0 0 0.0738425  0 0 0 0 0 0  
158.336 3.76102 0.0181702 -7.19896 0 4 0 0 -8.5961  -7.25125 0 3.80446 0 0 -8.65825  -0.0112946 0 0.0319226 0 0 -0.00889408  0.0635909 0 0.163613 0 0 0.0710398  0 0 0 0 0 0  
158.808 3.76969 0.0182898 -7.18206 0 4 0 0 -8.48401  -7.24349 0 3.803 0 0 -8.55337  -0.0143547 0 0.0289677 0 0 -0.00912453  0.0757857 0 0.168031 0 0 0.0784817  0 0 0 0 0 0  
159.279 3.77819 0.0177348 -7.26481 0 4 0 0 -8.4814  -7.32175 0 3.80994 0 0 -8.55332  -0.0133146 0 0.02825 0 0 -0.00678981  0.0702543 0 0.161808 0 0 0.0787148  0 0 0 0 0 0  
159.75 3.78651 0.0174336 -7.38832 0 4 0 0 -8.53966  -7.44048 0 3.81136 0 0 -8.61063  -0.0169249 0 0.0291255 0 0 -0.00560179  0.0690857 0 0.159515 0 0 0.0765745  0 0 0 0 0 0  
160.221 3.79462 0.0164807 -7.54134 0 4 0 0 -8.58429  -7.58231 0 3.81801 0 0 -8.65337  -0.0178548 0 0.02918 0 0 -0.00927409  0.0588337 0 0.152814 0 0 0.0783543  0 0 0 0 0 0  
160.692 3.80226 0.0162596 -7.72824 0 4 0 0 -8.6951  -7.76972 0 3.82142 0 0 -8.76174  -0.0209485 0 0.0258865 0 0 -0.0169295  0.0624345 0 0.152689 0 0 0.0835683  0 0 0 0 0 0  
161.164 3.80968 0.0151424 -7.9439 0 4 0 0 -8.79838  -7.98398 0 3.83629 0 0 -8.85225  -0.0214101 0 0.0221277 0 0 -0.0161042  0.0614917 0 0.141585 0 0 0.0699773  0 0 0 0 0 0  
161.635 3.81704 0.0156524 -8.01226 0 4 0 0 -8.81299  -8.05672 0 3.83564 0 0 -8.87237  -0.0200501 0 0.0216982 0 0 -0.0198283  0.0645134 0 0.14266 0 0 0.0792021  0 0 0 0 0 0  
162.106 3.82429 0.0151905 -8.04629 0 4 0 0 -8.74158  -8.08627 0 3.83672 0 0 -8.80843  -0.0203296 0 0.0230466 0 0 -0.0161319  0.0603127 0 0.140237 0 0 0.0829813  0 0 0 0 0 0  
162.577 3.83166 0.0157033 -8.07332 0 4 0 0 -8.75101  -8.11508 0 3.82572 0 0 -8.8205  -0.019963 0 0.0254682 0 0 -0.0154865  0.0617258 0 0.148813 0 0 0.0849724  0 0 0 0 0 0  
163.049 3.83898 0.0152194 -8.13306 0 4 0 0 -8.77864  -8.16439 0 3.8303 0 0 -8.83986  -0.0183337 0 0.0269894 0 0 -0.011316  0.0496628 0 0.142706 0 0 0.072538  0 0 0 0 0 0  
163.52 3.84589 0.0144893 -8.13374 0 4 0 0 -8.78003  -8.16576 0 3.83541 0 0 -8.844  -0.015789 0 0.0241798 0 0 -0.0107543  0.0478174 0 0.140413 0 0 0.074726  0 0 0 0 0 0  
163.991 3.85296 0.0158438 -8.19968 0 4 0 0 -8.80668  -8.22973 0 3.81733 0 0 -8.86618  -0.0168444 0 0.0249606 0 0 -0.00918741  0.0469003 0 0.157714 0 0 0.0686839  0 0 0 0 0 0  
164.462 3.8605 0.0160206 -8.30212 0 4 0 0 -8.84619  -8.32623 0 3.81952 0 0 -8.89654  -0.0147018 0 0.0274044 0 0 -0.0072704  0.0388098 0 0.153076 0 0 0.0576189  0 0 0 0 0 0  
164.934 3.868 0.0155128 -8.38449 0 4 0 0 -8.85026  -8.41101 0 3.83016 0 0 -8.89937  -0.0143213 0 0.025783 0 0 -0.0115447  0.0408485 0 0.14406 0 0 0.0606545  0 0 0 0 0 0  
165.405 3.87518 0.0151798 -8.32197 0 4 0 0 -8.86239  -8.34818 0 3.83334 0 0 -8.91006  -0.0137797 0 0.0242366 0 0 -0.00959493  0.0399975 0 0.142421 0 0 0.0572684  0 0 0 0 0 0  
165.876 3.88234 0.01517 -8.25561 0 4 0 0 -8.8025  -8.28045 0 3.83034 0 0 -8.85208  -0.0139984 0 0.0247121 0 0 -0.00933708  0.0388396 0 0.144951 0 0 0.0589223  0 0 0 0 0 0  
166.347 3.88973 0.0158563 -8.2873 0 4 0 0 -8.69922  -8.31622 0 3.81744 0 0 -8.7453  -0.0144455 0 0.0276709 0 0 -0.011404  0.0433613 0 0.154889 0 0 0.0574861  0 0 0 0 0 0  
166.819 3.89724 0.0159009 -8.28671 0 4 0 0 -8.67418  -8.31479 0 3.8212 0 0 -8.72368  -0.0152255 0 0.0288204 0 0 -0.00716733  0.0433044 0 0.149981 0 0 0.0566721  0 0 0 0 0 0  
167.29 3.90484 0.0163148 -8.21362 0 4 0 0 -8.5266  -8.23803 0 3.81107 0 0 -8.58159  -0.0211968 0 0.0294396 0 0 -0.00941162  0.0456137 0 0.159486 0 0 0.064403  0 0 0 0 0 0  
167.761 3.91274 0.0168667 -8.14267 0 4 0 0 -8.36692  -8.16395 0 3.80257 0 0 -8.42523  -0.0202753 0 0.0314842 0 0 -0.00783443  0.0415575 0 0.165944 0 0 0.0661458  0 0 0 0 0 0  
168.232 3.92098 0.0175839 -8.03352 0 4 0 0 -8.10696  -8.05511 0 3.78926 0 0 -8.17313  -0.0210299 0 0.0337899 0 0 -0.00861493  0.0426151 0 0.176954 0 0 0.0747839  0 0 0 0 0 0  
168.704 3.92937 0.0180801 -7.86517 0 4 0 0 -7.85962  -7.9047 0 3.78575 0 0 -7.9378  -0.0213884 0 0.0342955 0 0 -0.0109379  0.0609245 0 0.179953 0 0 0.0891158  0 0 0 0 0 0  
169.175 3.93785 0.0180607 -7.82036 0 4 0 0 -7.70447  -7.84923 0 3.78989 0 0 -7.78239  -0.0181564 0 0.0339037 0 0 -0.00812787  0.0470306 0 0.176207 0 0 0.0860576  0 0 0 0 0 0  
169.646 3.94641 0.0180192 -7.78014 0 4 0 0 -7.58356  -7.81738 0 3.79049 0 0 -7.6665  -0.0164357 0 0.0338158 0 0 -0.00815562  0.0536839 0 0.175698 0 0 0.0911006  0 0 0 0 0 0  
170.117 3.95535 0.0195723 -7.68917 0 4 0 0 -7.35624  -7.7198 0 3.77814 0 0 -7.43428  -0.0146749 0 0.0353742 0 0 -0.00244223  0.0453074 0 0.186485 0 0 0.0804876  0 0 0 0 0 0  
170.588 3.96498 0.0205289 -7.50129 0 4 0 0 -7.07251  -7.54837 0 3.76219 0 0 -7.16943  -0.00918408 0 0.036414 0 0 0.000982723  0.0562667 0 0.201391 0 0 0.0959376  0 0 0 0 0 0  
171.06 3.97488 0.0216421 -7.40652 0 4 0 0 -6.95883  -7.46462 0 3.73975 0 0 -7.07145  -0.0124075 0 0.0353385 0 0 -0.006936  0.0705072 0 0.224912 0 0 0.119557  0 0 0 0 0 0  
171.531 3.98509 0.0224952 -7.28231 0 4 0 0 -6.80232  -7.36779 0 3.70377 0 0 -6.95712  -0.0096976 0 0.0347843 0 0 -0.00585569  0.0951765 0 0.26145 0 0 0.160659  0 0 0 0 0 0  
172.002 3.99563 0.0226446 -7.08769 0 4 0 0 -6.65367  -7.18133 0 3.69758 0 0 -6.82694  -0.00913947 0 0.0359982 0 0 -0.00829457  0.102778 0 0.266419 0 0 0.18157  0 0 0 0 0 0  
172.473 4.00662 0.0241759 -7.20672 0 4 0 0 -6.59547  -7.31455 0 3.67302 0 0 -6.77442  -0.011314 0 0.0413036 0 0 -0.00698335  0.119137 0 0.285678 0 0 0.185939  0 0 0 0 0 0  
172.945 4.01829 0.0258706 -7.35037 0 4 0 0 -6.42666  -7.44869 0 3.65569 0 0 -6.60422  -0.0175501 0 0.0443863 0 0 -0.0124321  0.115876 0 0.29992 0 0 0.189992  0 0 0 0 0 0  
173.416 4.03095 0.0272582 -7.56659 0 4 0 0 -6.5001  -7.66649 0 3.63241 0 0 -6.66951  -0.0283291 0 0.0474053 0 0 -0.0234485  0.128227 0 0.320187 0 0 0.192858  0 0 0 0 0 0  
173.887 4.0437 0.0269813 -7.83766 0 4 0 0 -6.58823  -7.95113 0 3.65567 0 0 -6.74562  -0.0331176 0 0.0455729 0 0 -0.0330345  0.146592 0 0.298759 0 0 0.190426  0 0 0 0 0 0  
174.358 4.05632 0.0273006 -7.88008 0 4 0 0 -6.68233  -7.98856 0 3.65397 0 0 -6.84722  -0.0337973 0 0.0482159 0 0 -0.0265375  0.142285 0 0.297811 0 0 0.191427  0 0 0 0 0 0  
174.83 4.06905 0.026486 -7.9166 0 4 0 0 -6.78067  -8.03387 0 3.66151 0 0 -6.95469  -0.0384896 0 0.0439446 0 0 -0.0345038  0.155752 0 0.294542 0 0 0.208523  0 0 0 0 0 0  
175.301 4.08173 0.0269969 -8.07643 0 4 0 0 -6.9643  -8.17389 0 3.66188 0 0 -7.12743  -0.0370438 0 0.0446862 0 0 -0.0287359  0.134502 0 0.293434 0 0 0.191865  0 0 0 0 0 0  
175.772 4.09438 0.0264415 -8.21692 0 4 0 0 -7.15659  -8.30386 0 3.67443 0 0 -7.29111  -0.0307643 0 0.0478862 0 0 -0.0233691  0.117702 0 0.277679 0 0 0.157895  0 0 0 0 0 0  
176.243 4.10657 0.0255957 -8.26806 0 4 0 0 -7.19176  -8.3473 0 3.6845 0 0 -7.30231  -0.0285889 0 0.048513 0 0 -0.0248256  0.10783 0 0.266987 0 0 0.135378  0 0 0 0 0 0  
176.715 4.11825 0.0240613 -8.28165 0 4 0 0 -7.24932  -8.35408 0 3.69602 0 0 -7.33843  -0.0295397 0 0.0450096 0 0 -0.0251644  0.101964 0 0.258967 0 0 0.114278  0 0 0 0 0 0  
177.186 4.12966 0.0241884 -8.30406 0 4 0 0 -7.34047  -8.3663 0 3.70673 0 0 -7.41643  -0.0227463 0 0.0448434 0 0 -0.0171726  0.084982 0 0.248422 0 0 0.0931365  0 0 0 0 0 0  
177.657 4.14051 0.0221181 -8.32366 0 4 0 0 -7.3562  -8.37966 0 3.72664 0 0 -7.43843  -0.0244189 0 0.040686 0 0 -0.024931  0.0804162 0 0.232677 0 0 0.107151  0 0 0 0 0 0  
178.128 4.15062 0.0213448 -8.28994 0 4 0 0 -7.35689  -8.34612 0 3.7367 0 0 -7.43333  -0.0252398 0 0.037035 0 0 -0.0289236  0.0814168 0 0.226262 0 0 0.10536  0 0 0 0 0 0  
178.6 4.16082 0.0212623 -8.35536 0 4 0 0 -7.30903  -8.40182 0 3.74524 0 0 -7.38151  -0.0213275 0 0.0384842 0 0 -0.0256787  0.0677918 0 0.216276 0 0 0.0981591  0 0 0 0 0 0  
179.071 4.17104 0.0218821 -8.39273 0 4 0 0 -7.37261  -8.43237 0 3.74448 0 0 -7.44618  -0.0167568 0 0.0398807 0 0 -0.0258309  0.0564004 0 0.215637 0 0 0.099395  0 0 0 0 0 0  
179.542 4.18125 0.0217214 -8.3739 0 4 0 0 -7.34292  -8.40559 0 3.74093 0 0 -7.4164  -0.0178307 0 0.0415935 0 0 -0.0226978  0.0495195 0 0.217476 0 0 0.0961809  0 0 0 0 0 0  
180.013 4.19151 0.0212486 -8.35476 0 4 0 0 -7.2015  -8.39374 0 3.75566 0 0 -7.28794  -0.0199917 0 0.0373048 0 0 -0.0231567  0.0589688 0 0.207037 0 0 0.109596  0 0 0 0 0 0  
180.484 4.20139 0.0206603 -8.28748 0 4 0 0 -7.11242  -8.33873 0 3.75356 0 0 -7.20957  -0.0189578 0 0.0375533 0 0 -0.0154545  0.0702085 0 0.208891 0 0 0.112604  0 0 0 0 0 0  
180.956 4.21114 0.0206579 -8.0507 0 4 0 0 -6.96924  -8.11709 0 3.74722 0 0 -7.08229  -0.0144911 0 0.0343518 0 0 -0.0170243  0.0808806 0 0.218428 0 0 0.13007  0 0 0 0 0 0  
181.427 4.22087 0.0207695 -8.01446 0 4 0 0 -6.92522  -8.08057 0 3.74722 0 0 -7.04326  -0.0179405 0 0.0314417 0 0 -0.0146229  0.0840513 0 0.221336 0 0 0.132655  0 0 0 0 0 0  
181.898 4.23097 0.0219884 -7.84395 0 4 0 0 -6.87415  -7.89888 0 3.73272 0 0 -6.98901  -0.0226135 0 0.0371124 0 0 -0.0143316  0.0775401 0 0.230171 0 0 0.129192  0 0 0 0 0 0  
182.369 4.24144 0.0224046 -7.73442 0 4 0 0 -6.87129  -7.7927 0 3.72072 0 0 -6.97931  -0.0221048 0 0.0370707 0 0 -0.018115  0.0803855 0 0.242209 0 0 0.126141  0 0 0 0 0 0  
182.841 4.25231 0.023147 -7.63166 0 4 0 0 -6.82483  -7.69812 0 3.70416 0 0 -6.93544  -0.0202072 0 0.0402548 0 0 -0.0175091  0.0866592 0 0.255584 0 0 0.128117  0 0 0 0 0 0  
183.312 4.26301 0.0225684 -7.63637 0 4 0 0 -6.78623  -7.70868 0 3.70183 0 0 -6.89598  -0.0183259 0 0.0422859 0 0 -0.0224241  0.0906281 0 0.255887 0 0 0.132172  0 0 0 0 0 0  
183.783 4.27318 0.0205346 -7.4861 0 4 0 0 -6.65864  -7.56635 0 3.73129 0 0 -6.7714  -0.0234455 0 0.033705 0 0 -0.0196357  0.103698 0 0.235006 0 0 0.132401  0 0 0 0 0 0  
184.254 4.28293 0.0207414 -7.21178 0 4 0 0 -6.49674  -7.29378 0 3.7321 0 0 -6.61479  -0.0225272 0 0.0349075 0 0 -0.0175445  0.104528 0 0.232991 0 0 0.135594  0 0 0 0 0 0  
184.726 4.29295 0.021186 -6.8511 0 4 0 0 -6.44314  -6.94061 0 3.72199 0 0 -6.56005  -0.0220167 0 0.0356254 0 0 -0.0239522  0.111529 0 0.24238 0 0 0.140861  0 0 0 0 0 0  
185.197 4.30311 0.0212889 -6.74198 0 4 0 0 -6.46248  -6.81118 0 3.72749 0 0 -6.57614  -0.0236738 0 0.0373456 0 0 -0.0182324  0.0928714 0 0.235166 0 0 0.131894  0 0 0 0 0 0  
185.668 4.31285 0.0199494 -6.86995 0 4 0 0 -6.56354  -6.91914 0 3.7486 0 0 -6.65771  -0.0281159 0 0.0369224 0 0 -0.0178639  0.0773092 0 0.214479 0 0 0.112028  0 0 0 0 0 0  
186.139 4.32215 0.0197451 -7.03354 0 4 0 0 -6.65131  -7.07903 0 3.75875 0 0 -6.73828  -0.0315571 0 0.0352691 0 0 -0.0206154  0.077041 0 0.20598 0 0 0.107586  0 0 0 0 0 0  
186.611 4.33124 0.0187153 -7.25063 0 4 0 0 -6.82218  -7.29218 0 3.78179 0 0 -6.8949  -0.0290866 0 0.0317077 0 0 -0.021833  0.0706343 0 0.186504 0 0 0.0945515  0 0 0 0 0 0  
187.082 4.33992 0.0184002 -7.33729 0 4 0 0 -6.87829  -7.38757 0 3.7855 0 0 -6.96045  -0.0229213 0 0.0300071 0 0 -0.0143776  0.073202 0 0.184491 0 0 0.0965392  0 0 0 0 0 0  
187.553 4.34837 0.0174461 -7.478 0 4 0 0 -6.76672  -7.51323 0 3.79567 0 0 -6.84147  -0.0225145 0 0.0297593 0 0 -0.0107426  0.0577429 0 0.174574 0 0 0.085501  0 0 0 0 0 0  
188.024 4.35665 0.0181711 -7.6563 0 4 0 0 -6.80046  -7.68212 0 3.79172 0 0 -6.87035  -0.0216527 0 0.0313869 0 0 -0.00881656  0.0474703 0 0.176898 0 0 0.0787041  0 0 0 0 0 0  
188.496 4.36491 0.0171255 -7.78035 0 4 0 0 -6.89303  -7.80127 0 3.80159 0 0 -6.95689  -0.024188 0 0.0288858 0 0 -0.00930669  0.0451052 0 0.16952 0 0 0.0731669  0 0 0 0 0 0  
188.967 4.37293 0.0171171 -7.87105 0 4 0 0 -6.97135  -7.89497 0 3.79639 0 0 -7.04501  -0.0224465 0 0.0292652 0 0 -0.00979365  0.0463675 0 0.174349 0 0 0.0834508  0 0 0 0 0 0  
189.438 4.38119 0.017811 -7.8458 0 4 0 0 -6.96161  -7.86502 0 3.78128 0 0 -7.0288  -0.0235985 0 0.0325818 0 0 -0.012798  0.0428132 0 0.186137 0 0 0.0799895  0 0 0 0 0 0  
189.909 4.38949 0.0178112 -7.75342 0 4 0 0 -6.97653  -7.77085 0 3.78183 0 0 -7.0433  -0.023237 0 0.0337267 0 0 -0.0080337  0.0406615 0 0.184441 0 0 0.074811  0 0 0 0 0 0  
190.381 4.39791 0.0179322 -7.75879 0 4 0 0 -7.16169  -7.78334 0 3.78449 0 0 -7.2385  -0.0251273 0 0.0313565 0 0 -0.0109702  0.049676 0 0.184153 0 0 0.0877751  0 0 0 0 0 0  
190.852 4.40648 0.0184768 -7.83406 0 4 0 0 -7.18088  -7.85624 0 3.78452 0 0 -7.26305  -0.0261389 0 0.0326629 0 0 -0.00869803  0.0483215 0 0.182814 0 0 0.0908715  0 0 0 0 0 0  
191.323 4.41543 0.0202379 -7.91852 0 4 0 0 -7.21596  -7.95531 0 3.77053 0 0 -7.31124  -0.0261044 0 0.0351155 0 0 -0.00936052  0.0628896 0 0.194358 0 0 0.104635  0 0 0 0 0 0  
191.794 4.42506 0.0205585 -8.12285 0 4 0 0 -7.19971  -8.17315 0 3.76101 0 0 -7.29603  -0.0274425 0 0.0363164 0 0 -0.0144369  0.0777446 0 0.202675 0 0 0.110761  0 0 0 0 0 0  
192.265 4.43479 0.0200889 -8.26091 0 4 0 0 -7.10956  -8.32378 0 3.75935 0 0 -7.21423  -0.0251097 0 0.0344402 0 0 -0.012387  0.087975 0 0.206207 0 0 0.117052  0 0 0 0 0 0  
192.737 4.44392 0.0190103 -8.40388 0 4 0 0 -7.05956  -8.45988 0 3.77234 0 0 -7.14608  -0.0179307 0 0.0357572 0 0 -0.00749739  0.0739335 0 0.191902 0 0 0.0940093  0 0 0 0 0 0  
193.208 4.45288 0.0188698 -8.48855 0 4 0 0 -7.00938  -8.54155 0 3.77654 0 0 -7.08843  -0.0138928 0 0.0368991 0 0 -0.00741441  0.0668889 0 0.186562 0 0 0.0864667  0 0 0 0 0 0  
193.679 4.46169 0.0187587 -8.4599 0 4 0 0 -6.9791  -8.50867 0 3.78881 0 0 -7.05689  -0.0134976 0 0.0323303 0 0 -0.00662585  0.062271 0 0.178862 0 0 0.0844148  0 0 0 0 0 0  
194.15 4.47036 0.0179971 -8.39413 0 4 0 0 -6.95869  -8.43798 0 3.79225 0 0 -7.03431  -0.0139222 0 0.0321647 0 0 -0.00682385  0.0577816 0 0.175581 0 0 0.0824413  0 0 0 0 0 0  
194.622 4.47914 0.0189875 -8.24099 0 4 0 0 -6.85375  -8.28751 0 3.77765 0 0 -6.93084  -0.0161083 0 0.0330045 0 0 -0.00648995  0.0626261 0 0.189347 0 0 0.0835758  0 0 0 0 0 0  
195.093 4.48829 0.0197692 -8.08763 0 4 0 0 -6.80964  -8.14079 0 3.76262 0 0 -6.88908  -0.0180197 0 0.0358457 0 0 -0.0156611  0.0711837 0 0.201531 0 0 0.095094  0 0 0 0 0 0  
195.564 4.49767 0.0199262 -7.96039 0 4 0 0 -6.80477  -8.00603 0 3.7698 0 0 -6.87538  -0.01968 0 0.034626 0 0 -0.0163164  0.0653253 0 0.195579 0 0 0.0869342  0 0 0 0 0 0  
196.035 4.50734 0.0206381 -7.86961 0 4 0 0 -6.68336  -7.92228 0 3.76028 0 0 -6.7541  -0.0205558 0 0.0356469 0 0 -0.0175059  0.0732258 0 0.204069 0 0 0.088252  0 0 0 0 0 0  
196.507 4.5173 0.02131 -7.77492 0 4 0 0 -6.50395  -7.83619 0 3.73876 0 0 -6.59997  -0.0267052 0 0.0335181 0 0 -0.0244821  0.0879787 0 0.227717 0 0 0.120501  0 0 0 0 0 0  
196.978 4.52761 0.0217027 -7.60139 0 4 0 0 -6.56039  -7.66236 0 3.72495 0 0 -6.65871  -0.0254436 0 0.0376878 0 0 -0.0136389  0.0864192 0 0.237359 0 0 0.111955  0 0 0 0 0 0  
197.449 4.53805 0.022131 -7.5559 0 4 0 0 -6.59156  -7.62131 0 3.72206 0 0 -6.69238  -0.0242854 0 0.0390291 0 0 -0.0121238  0.0896924 0 0.238915 0 0 0.11294  0 0 0 0 0 0  
197.92 4.54857 0.021908 -7.7405 0 4 0 0 -6.68435  -7.80763 0 3.73426 0 0 -6.78359  -0.0261964 0 0.0370336 0 0 -0.00958767  0.0933265 0 0.228702 0 0 0.108829  0 0 0 0 0 0  
198.392 4.55886 0.0212387 -7.76454 0 4 0 0 -6.76843  -7.82689 0 3.74327 0 0 -6.8572  -0.0229238 0 0.0382724 0 0 -0.0116704  0.0852757 0 0.218455 0 0 0.100446  0 0 0 0 0 0  
198.863 4.56928 0.0223245 -7.77022 0 4 0 0 -6.74409  -7.83559 0 3.73124 0 0 -6.85324  -0.0215733 0 0.0379909 0 0 -0.0182194  0.0869429 0 0.230768 0 0 0.127369  0 0 0 0 0 0  
199.334 4.57982 0.0223796 -7.77107 0 4 0 0 -6.66734  -7.84228 0 3.73643 0 0 -6.77311  -0.0178159 0 0.0362867 0 0 -0.0127616  0.0890281 0 0.227288 0 0 0.118524  0 0 0 0 0 0  
199.805 4.59051 0.0228563 -7.77456 0 4 0 0 -6.49678  -7.84966 0 3.72288 0 0 -6.60867  -0.0161911 0 0.0367827 0 0 -0.0135555  0.0912874 0 0.240337 0 0 0.125444  0 0 0 0 0 0  
200.277 4.60115 0.0225368 -7.81531 0 4 0 0 -6.38887  -7.88655 0 3.71699 0 0 -6.49355  -0.0175366 0 0.038725 0 0 -0.0182753  0.0887721 0 0.24429 0 0 0.122964  0 0 0 0 0 0  
200.748 4.61207 0.0224649 -7.807 0 4 0 0 -6.34934  -7.88341 0 3.71703 0 0 -6.45784  -0.0194357 0 0.0358001 0 0 -0.0187502  0.0958429 0 0.247174 0 0 0.127249  0 0 0 0 0 0  
201.219 4.62289 0.0231629 -7.73338 0 4 0 0 -6.26657  -7.82732 0 3.70921 0 0 -6.39551  -0.024561 0 0.0332489 0 0 -0.02454  0.118502 0 0.257542 0 0 0.153481  0 0 0 0 0 0  
201.69 4.63375 0.0233053 -7.66841 0 4 0 0 -6.16179  -7.77386 0 3.70862 0 0 -6.30766  -0.0254936 0 0.0364601 0 0 -0.0313358  0.130939 0 0.254922 0 0 0.177207  0 0 0 0 0 0  
202.161 4.64509 0.0242869 -7.55739 0 4 0 0 -6.17744  -7.66875 0 3.69486 0 0 -6.33028  -0.0295856 0 0.0368297 0 0 -0.0350817  0.140949 0 0.268305 0 0 0.187922  0 0 0 0 0 0  
202.633 4.65689 0.0256794 -7.49011 0 4 0 0 -6.13262  -7.60473 0 3.68188 0 0 -6.28209  -0.031347 0 0.0395268 0 0 -0.0348454  0.145968 0 0.278596 0 0 0.184314  0 0 0 0 0 0  
203.104 4.66905 0.0260143 -7.47291 0 4 0 0 -6.25066  -7.57274 0 3.68165 0 0 -6.38465  -0.0331767 0 0.0412559 0 0 -0.0380588  0.133004 0 0.277093 0 0 0.172043  0 0 0 0 0 0  
203.575 4.6812 0.0253982 -7.64875 0 4 0 0 -6.37876  -7.73801 0 3.69314 0 0 -6.49622  -0.0297299 0 0.0397389 0 0 -0.0392079  0.118997 0 0.267121 0 0 0.156676  0 0 0 0 0 0  
204.046 4.69274 0.0239812 -7.68214 0 4 0 0 -6.5107  -7.75709 0 3.71352 0 0 -6.60343  -0.0296337 0 0.0374542 0 0 -0.0392846  0.104587 0 0.249028 0 0 0.13201  0 0 0 0 0 0  
204.518 4.70378 0.0230139 -7.83511 0 4 0 0 -6.7553  -7.90149 0 3.72795 0 0 -6.84292  -0.0234913 0 0.0364237 0 0 -0.037617  0.0898645 0 0.235629 0 0 0.125244  0 0 0 0 0 0  
204.989 4.71443 0.0222523 -7.95368 0 4 0 0 -6.86045  -8.00983 0 3.73912 0 0 -6.94254  -0.0220869 0 0.0343368 0 0 -0.032502  0.0782341 0 0.226543 0 0 0.114597  0 0 0 0 0 0  
205.46 4.72487 0.0218222 -8.07089 0 4 0 0 -6.96376  -8.12433 0 3.74377 0 0 -7.04281  -0.0227385 0 0.0332461 0 0 -0.0338947  0.0761736 0 0.222979 0 0 0.112948  0 0 0 0 0 0  
205.931 4.73524 0.0219358 -8.10716 0 4 0 0 -6.99865  -8.15724 0 3.75047 0 0 -7.07138  -0.0190537 0 0.0340524 0 0 -0.0296072  0.0691285 0 0.215482 0 0 0.102344  0 0 0 0 0 0  
206.403 4.74541 0.0211591 -8.15941 0 4 0 0 -7.06277  -8.19988 0 3.76458 0 0 -7.1279  -0.0199415 0 0.0344229 0 0 -0.0202638  0.0604079 0 0.200996 0 0 0.0853987  0 0 0 0 0 0  
206.874 4.75569 0.0227755 -8.11997 0 4 0 0 -7.17252  -8.1587 0 3.75062 0 0 -7.2362  -0.0217545 0 0.0374682 0 0 -0.0188203  0.0604868 0 0.211912 0 0 0.0824986  0 0 0 0 0 0  
207.345 4.76633 0.0228334 -8.20187 0 4 0 0 -7.35769  -8.23109 0 3.74949 0 0 -7.41207  -0.0267268 0 0.0387649 0 0 -0.0260964  0.0559452 0 0.211746 0 0 0.08048  0 0 0 0 0 0  
207.816 4.77716 0.0230428 -8.3195 0 4 0 0 -7.44104  -8.3461 0 3.74749 0 0 -7.49853  -0.0222169 0 0.0371928 0 0 -0.0310622  0.0488195 0 0.215319 0 0 0.0885499  0 0 0 0 0 0  
208.288 4.78778 0.0226616 -8.22102 0 4 0 0 -7.43042  -8.24955 0 3.74383 0 0 -7.48573  -0.0274285 0 0.0357824 0 0 -0.0332071  0.0559611 0 0.220392 0 0 0.088512  0 0 0 0 0 0  
208.759 4.79838 0.0225439 -8.31702 0 4 0 0 -7.47778  -8.33702 0 3.74273 0 0 -7.53158  -0.0297607 0 0.0383831 0 0 -0.0328967  0.0497589 0 0.21889 0 0 0.0866914  0 0 0 0 0 0  
209.23 4.80897 0.0215643 -8.34934 0 4 0 0 -7.46958  -8.38055 0 3.75788 0 0 -7.53958  -0.0267198 0 0.0353783 0 0 -0.0333547  0.0579368 0 0.206742 0 0 0.103347  0 0 0 0 0 0  
209.701 4.81885 0.0206885 -8.46764 0 4 0 0 -7.44377  -8.50928 0 3.76794 0 0 -7.51596  -0.02148 0 0.034991 0 0 -0.0300011  0.0631178 0 0.197064 0 0 0.10219  0 0 0 0 0 0  
210.173 4.82886 0.0210494 -8.40083 0 4 0 0 -7.39296  -8.45637 0 3.76132 0 0 -7.47682  -0.029432 0 0.0333093 0 0 -0.0301459  0.0849732 0 0.205368 0 0 0.11401  0 0 0 0 0 0  
210.644 4.83889 0.0214832 -8.21769 0 4 0 0 -7.42731  -8.28232 0 3.75801 0 0 -7.51533  -0.0253775 0 0.0353874 0 0 -0.0288573  0.0900059 0 0.206601 0 0 0.116874  0 0 0 0 0 0  
211.115 4.8488 0.020188 -8.15826 0 4 0 0 -7.53359  -8.22707 0 3.7592 0 0 -7.63102  -0.0284775 0 0.0346336 0 0 -0.0240003  0.097292 0 0.20617 0 0 0.121432  0 0 0 0 0 0  
211.586 4.85812 0.0199615 -8.0996 0 4 0 0 -7.6372  -8.17169 0 3.7621 0 0 -7.73781  -0.0273591 0 0.0314638 0 0 -0.0247669  0.099449 0 0.206433 0 0 0.12538  0 0 0 0 0 0  
212.058 4.86764 0.0207417 -8.08538 0 4 0 0 -7.66247  -8.15325 0 3.75277 0 0 -7.76806  -0.0293299 0 0.0340389 0 0 -0.0179676  0.0971971 0 0.213187 0 0 0.123558  0 0 0 0 0 0  
212.529 4.8773 0.0201133 -8.04438 0 4 0 0 -7.80534  -8.09807 0 3.7609 0 0 -7.89717  -0.0285859 0 0.0319231 0 0 -0.0203884  0.082273 0 0.207177 0 0 0.112222  0 0 0 0 0 0  
213 4.88679 0.0199439 -8.00615 0 4 0 0 -7.85299  -8.04231 0 3.75981 0 0 -7.92228  -0.0287786 0 0.0341049 0 0 -0.0245666  0.0649437 0 0.206085 0 0 0.0938581  0 0 0 0 0 0  
213.471 4.89628 0.0204928 -8.0291 0 4 0 0 -7.89722  -8.08552 0 3.75642 0 0 -7.97534  -0.0263806 0 0.0336299 0 0 -0.0217311  0.0827995 0 0.209953 0 0 0.0998507  0 0 0 0 0 0  
213.942 4.90623 0.0212595 -8.01032 0 4 0 0 -7.98759  -8.07574 0 3.74197 0 0 -8.06417  -0.0242575 0 0.034317 0 0 -0.0186217  0.0896732 0 0.223716 0 0 0.0952085  0 0 0 0 0 0  
214.414 4.91643 0.0217415 -8.13828 0 4 0 0 -8.13642  -8.20107 0 3.74059 0 0 -8.20633  -0.0305241 0 0.0321281 0 0 -0.0269836  0.0933101 0 0.227285 0 0 0.09689  0 0 0 0 0 0  
214.885 4.92652 0.02109 -8.29739 0 4 0 0 -8.1516  -8.35005 0 3.75939 0 0 -8.21298  -0.0249124 0 0.0326794 0 0 -0.025054  0.0775678 0 0.207927 0 0 0.08644  0 0 0 0 0 0  
215.356 4.93643 0.0210587 -8.29269 0 4 0 0 -8.15579  -8.33645 0 3.76516 0 0 -8.21075  -0.025989 0 0.0314653 0 0 -0.0235506  0.0697444 0 0.203378 0 0 0.0785128  0 0 0 0 0 0  
215.827 4.94617 0.0202048 -8.28325 0 4 0 0 -8.11511  -8.33539 0 3.77834 0 0 -8.18106  -0.0163214 0 0.0279904 0 0 -0.009954  0.0684584 0 0.193673 0 0 0.0758952  0 0 0 0 0 0  
216.299 4.95614 0.0212755 -8.2428 0 4 0 0 -8.20035  -8.29636 0 3.76227 0 0 -8.27232  -0.0191933 0 0.0314975 0 0 -0.0111908  0.0727543 0 0.206229 0 0 0.083161  0 0 0 0 0 0  
216.77 4.96582 0.0200994 -8.14466 0 4 0 0 -8.09929  -8.18986 0 3.76515 0 0 -8.17653  -0.0175362 0 0.0305636 0 0 -0.00771276  0.0627293 0 0.204289 0 0 0.0849533  0 0 0 0 0 0  
217.241 4.97521 0.0200053 -8.12872 0 4 0 0 -8.14286  -8.18228 0 3.75824 0 0 -8.22279  -0.020905 0 0.0305526 0 0 -0.00971115  0.0744671 0 0.211211 0 0 0.0896377  0 0 0 0 0 0  
217.712 4.9846 0.0203559 -8.08746 0 4 0 0 -8.25298  -8.12953 0 3.75755 0 0 -8.32203  -0.0211277 0 0.0331846 0 0 -0.00559287  0.0631925 0 0.209269 0 0 0.0746395  0 0 0 0 0 0  
218.184 4.99393 0.0192748 -8.11853 0 4 0 0 -8.28985  -8.15205 0 3.77534 0 0 -8.35321  -0.0199488 0 0.0314023 0 0 -0.00468468  0.0534723 0 0.193259 0 0 0.0680455  0 0 0 0 0 0  
218.655 5.0027 0.0182279 -8.20646 0 4 0 0 -8.25461  -8.23969 0 3.79178 0 0 -8.3023  -0.014013 0 0.0282235 0 0 -0.000671577  0.047244 0 0.179999 0 0 0.0483639  0 0 0 0 0 0  
