# LF_DEM version v3.0-126-gb72fb1a
# np 1000
# VF 0.76
# Lx 73.993
# Ly 0
# Lz 73.993
# flow_type shear
# data in cl units.
#1: time
#2: cumulated strain
#3: shear rate
#4-9: total stress tensor (xx, xy, xz, yz, yy, zz)
#10-15: contact stress tensor (xx, xy, xz, yz, yy, zz)
#16-21: dashpot stress tensor (xx, xy, xz, yz, yy, zz)
#22-27: hydro stress tensor (xx, xy, xz, yz, yy, zz)
#28-33: repulsion stress tensor (xx, xy, xz, yz, yy, zz)

0.00942478 0.000419105 0.0444684 -2.4333 0 2 0 0 -2.2828  -2.63322 0 1.39139 0 0 -2.68181  -0.0893784 0 0.0415092 0 0 -0.0896986  0.289298 0 0.567104 0 0 0.488705  0 0 0 0 0 0  
0.942478 0.0354706 0.0360817 -2.51289 0 2 0 0 -2.15135  -2.66751 0 1.4873 0 0 -2.48209  -0.0848677 0 0.0253941 0 0 -0.0924917  0.239483 0 0.487304 0 0 0.423231  0 0 0 0 0 0  
1.88496 0.0687966 0.0343073 -2.7152 0 2 0 0 -2.33546  -2.84858 0 1.51466 0 0 -2.61897  -0.0791068 0 0.0268854 0 0 -0.104875  0.21249 0 0.45845 0 0 0.388382  0 0 0 0 0 0  
2.82743 0.100002 0.0321343 -2.89098 0 2 0 0 -2.54538  -3.01144 0 1.57787 0 0 -2.78333  -0.0621275 0 0.0342629 0 0 -0.092566  0.182589 0 0.387863 0 0 0.330519  0 0 0 0 0 0  
3.76991 0.128899 0.0303831 -3.02798 0 2 0 0 -2.58914  -3.13196 0 1.60269 0 0 -2.80136  -0.0619169 0 0.0332881 0 0 -0.0764095  0.1659 0 0.364018 0 0 0.288622  0 0 0 0 0 0  
4.71239 0.157186 0.0296751 -3.12561 0 2 0 0 -2.60441  -3.22395 0 1.62228 0 0 -2.7969  -0.0532512 0 0.033402 0 0 -0.0692225  0.151589 0 0.344317 0 0 0.261707  0 0 0 0 0 0  
5.65487 0.185877 0.0312313 -3.0609 0 2 0 0 -2.53266  -3.16239 0 1.62327 0 0 -2.73412  -0.0475968 0 0.0363172 0 0 -0.0558379  0.149082 0 0.340417 0 0 0.257295  0 0 0 0 0 0  
6.59734 0.215874 0.0319471 -2.93085 0 2 0 0 -2.48322  -3.04504 0 1.58153 0 0 -2.7163  -0.0587979 0 0.0378375 0 0 -0.0682829  0.172989 0 0.380628 0 0 0.301359  0 0 0 0 0 0  
7.53982 0.246077 0.0318952 -2.77707 0 2 0 0 -2.58651  -2.88513 0 1.57721 0 0 -2.8182  -0.0601694 0 0.0414363 0 0 -0.0615517  0.168236 0 0.381352 0 0 0.293241  0 0 0 0 0 0  
8.4823 0.275561 0.03064 -2.61183 0 2 0 0 -2.61883  -2.72928 0 1.56744 0 0 -2.84417  -0.0641166 0 0.0427071 0 0 -0.0631638  0.181571 0 0.389856 0 0 0.288505  0 0 0 0 0 0  
9.42478 0.305022 0.0314052 -2.53768 0 2 0 0 -2.56301  -2.69242 0 1.54326 0 0 -2.81976  -0.0741163 0 0.0345856 0 0 -0.0679886  0.228862 0 0.422151 0 0 0.324735  0 0 0 0 0 0  
10.3673 0.334468 0.0310982 -2.57767 0 2 0 0 -2.53018  -2.71378 0 1.55605 0 0 -2.76356  -0.0745446 0 0.0378368 0 0 -0.0698347  0.210656 0 0.406117 0 0 0.303217  0 0 0 0 0 0  
11.3097 0.363441 0.0303259 -2.60895 0 2 0 0 -2.4559  -2.76554 0 1.57664 0 0 -2.70763  -0.0707662 0 0.0288714 0 0 -0.0752399  0.227351 0 0.394491 0 0 0.326966  0 0 0 0 0 0  
12.2522 0.390899 0.0282893 -2.71035 0 2 0 0 -2.55832  -2.84252 0 1.58855 0 0 -2.79081  -0.0632207 0 0.0331713 0 0 -0.0783232  0.195389 0 0.378283 0 0 0.310815  0 0 0 0 0 0  
13.1947 0.416853 0.0260176 -2.80276 0 2 0 0 -2.73776  -2.9115 0 1.63542 0 0 -2.93647  -0.0492855 0 0.0318494 0 0 -0.0632891  0.158024 0 0.332736 0 0 0.262007  0 0 0 0 0 0  
14.1372 0.441113 0.0256021 -2.8365 0 2 0 0 -2.86814  -2.93152 0 1.65541 0 0 -3.03297  -0.0410786 0 0.0352098 0 0 -0.0502581  0.136103 0 0.309383 0 0 0.215084  0 0 0 0 0 0  
15.0796 0.465456 0.0265435 -2.82045 0 2 0 0 -2.91673  -2.90517 0 1.64739 0 0 -3.07221  -0.0469044 0 0.0365701 0 0 -0.0414194  0.131625 0 0.316037 0 0 0.196896  0 0 0 0 0 0  
16.0221 0.490713 0.0270393 -2.74473 0 2 0 0 -2.96912  -2.83356 0 1.63655 0 0 -3.11558  -0.0456902 0 0.0384201 0 0 -0.0491369  0.134518 0 0.325026 0 0 0.195594  0 0 0 0 0 0  
16.9646 0.516804 0.0275193 -2.63883 0 2 0 0 -2.91242  -2.72439 0 1.61386 0 0 -3.06632  -0.0498752 0 0.0395595 0 0 -0.0548463  0.135435 0 0.346581 0 0 0.208744  0 0 0 0 0 0  
17.9071 0.542523 0.0274001 -2.62392 0 2 0 0 -2.93803  -2.72227 0 1.61542 0 0 -3.08786  -0.0527743 0 0.0396496 0 0 -0.0546288  0.151119 0 0.344928 0 0 0.204453  0 0 0 0 0 0  
18.8496 0.568025 0.0270235 -2.67093 0 2 0 0 -2.99027  -2.77618 0 1.63327 0 0 -3.13602  -0.0545534 0 0.0375115 0 0 -0.0502882  0.159802 0 0.329214 0 0 0.196043  0 0 0 0 0 0  
19.792 0.593724 0.0271056 -2.75862 0 2 0 0 -3.03126  -2.8536 0 1.63213 0 0 -3.17885  -0.0551145 0 0.0392015 0 0 -0.052183  0.150093 0 0.328673 0 0 0.199775  0 0 0 0 0 0  
20.7345 0.618936 0.0262048 -2.80102 0 2 0 0 -3.05671  -2.90011 0 1.6499 0 0 -3.17274  -0.0472804 0 0.0396419 0 0 -0.0524997  0.14637 0 0.310459 0 0 0.168523  0 0 0 0 0 0  
21.677 0.643381 0.0252524 -2.84671 0 2 0 0 -3.04099  -2.93346 0 1.66946 0 0 -3.13969  -0.0486011 0 0.0416421 0 0 -0.0510728  0.135345 0 0.288899 0 0 0.149766  0 0 0 0 0 0  
22.6195 0.666878 0.0250257 -2.83754 0 2 0 0 -3.01949  -2.93273 0 1.66592 0 0 -3.12759  -0.0383943 0 0.0385051 0 0 -0.0470585  0.133588 0 0.295571 0 0 0.155158  0 0 0 0 0 0  
23.5619 0.690564 0.0244984 -2.93853 0 2 0 0 -3.00135  -3.03559 0 1.67206 0 0 -3.12846  -0.0409769 0 0.0364649 0 0 -0.0540043  0.13803 0 0.291475 0 0 0.181119  0 0 0 0 0 0  
24.5044 0.713614 0.0247864 -3.08302 0 2 0 0 -3.08029  -3.16201 0 1.68931 0 0 -3.19347  -0.0366296 0 0.0371152 0 0 -0.0518656  0.115621 0 0.273579 0 0 0.165047  0 0 0 0 0 0  
25.4469 0.737053 0.0249526 -3.20336 0 2 0 0 -3.08883  -3.27241 0 1.69712 0 0 -3.20037  -0.0399503 0 0.038366 0 0 -0.0530816  0.109003 0 0.264514 0 0 0.164623  0 0 0 0 0 0  
26.3894 0.760969 0.0255675 -3.26553 0 2 0 0 -3.15195  -3.34177 0 1.69886 0 0 -3.26602  -0.0379388 0 0.0359767 0 0 -0.0483257  0.114178 0 0.265168 0 0 0.162395  0 0 0 0 0 0  
27.3319 0.78478 0.0248452 -3.32538 0 2 0 0 -3.15426  -3.40641 0 1.69969 0 0 -3.26676  -0.0398345 0 0.0347392 0 0 -0.0458194  0.120861 0 0.265573 0 0 0.158316  0 0 0 0 0 0  
28.2743 0.807576 0.0238242 -3.39235 0 2 0 0 -3.18705  -3.47458 0 1.70487 0 0 -3.30301  -0.0328453 0 0.0347689 0 0 -0.0358703  0.115079 0 0.260364 0 0 0.15183  0 0 0 0 0 0  
29.2168 0.829649 0.023344 -3.44728 0 2 0 0 -3.2918  -3.5333 0 1.70514 0 0 -3.41247  -0.0329825 0 0.0360623 0 0 -0.0290139  0.118998 0 0.258794 0 0 0.149693  0 0 0 0 0 0  
30.1593 0.851842 0.0235205 -3.53369 0 2 0 0 -3.39836  -3.61365 0 1.70304 0 0 -3.51023  -0.0369652 0 0.0362797 0 0 -0.0320482  0.116925 0 0.260675 0 0 0.14391  0 0 0 0 0 0  
31.1018 0.873499 0.0224195 -3.59953 0 2 0 0 -3.46583  -3.66709 0 1.72811 0 0 -3.56632  -0.0313627 0 0.0358884 0 0 -0.0287983  0.0989207 0 0.236003 0 0 0.129282  0 0 0 0 0 0  
32.0442 0.894147 0.0213262 -3.63243 0 2 0 0 -3.52233  -3.68963 0 1.74714 0 0 -3.60895  -0.0297795 0 0.0355446 0 0 -0.0256479  0.0869824 0 0.217318 0 0 0.112268  0 0 0 0 0 0  
32.9867 0.91347 0.0203296 -3.54344 0 2 0 0 -3.52557  -3.61407 0 1.75117 0 0 -3.62161  -0.0299032 0 0.033894 0 0 -0.027268  0.100536 0 0.214934 0 0 0.123311  0 0 0 0 0 0  
33.9292 0.932682 0.0207246 -3.47838 0 2 0 0 -3.52296  -3.55838 0 1.74852 0 0 -3.63172  -0.0335286 0 0.031779 0 0 -0.0246491  0.113531 0 0.219702 0 0 0.133409  0 0 0 0 0 0  
34.8717 0.952482 0.0214027 -3.37966 0 2 0 0 -3.45852  -3.45869 0 1.74031 0 0 -3.57768  -0.0370344 0 0.034441 0 0 -0.0211352  0.116074 0 0.22525 0 0 0.140298  0 0 0 0 0 0  
35.8142 0.973166 0.0225352 -3.22402 0 2 0 0 -3.37277  -3.3014 0 1.70769 0 0 -3.50713  -0.0412928 0 0.0427235 0 0 -0.0208506  0.118667 0 0.249585 0 0 0.155219  0 0 0 0 0 0  
36.7566 0.994328 0.0224804 -3.0638 0 2 0 0 -3.16649  -3.16343 0 1.699 0 0 -3.33685  -0.03184 0 0.0413178 0 0 -0.0197041  0.13147 0 0.25968 0 0 0.190064  0 0 0 0 0 0  
37.6991 1.01547 0.022587 -2.9182 0 2 0 0 -3.01491  -3.04089 0 1.6852 0 0 -3.19967  -0.033158 0 0.0384077 0 0 -0.0307127  0.155849 0 0.276393 0 0 0.215472  0 0 0 0 0 0  
38.6416 1.03697 0.0231853 -2.81993 0 2 0 0 -2.87671  -2.94877 0 1.67719 0 0 -3.07377  -0.0359381 0 0.037156 0 0 -0.0272769  0.164778 0 0.285657 0 0 0.224333  0 0 0 0 0 0  
39.5841 1.05983 0.0254531 -2.70533 0 2 0 0 -2.68611  -2.85943 0 1.63459 0 0 -2.9086  -0.0500821 0 0.0349219 0 0 -0.0379861  0.204189 0 0.33049 0 0 0.260482  0 0 0 0 0 0  
40.5265 1.08446 0.0258659 -2.58532 0 2 0 0 -2.4816  -2.75863 0 1.60377 0 0 -2.73427  -0.0745838 0 0.0311018 0 0 -0.0574508  0.247901 0 0.365125 0 0 0.310119  0 0 0 0 0 0  
41.469 1.10841 0.0248785 -2.68343 0 2 0 0 -2.46664  -2.82887 0 1.62912 0 0 -2.7122  -0.0665121 0 0.0287864 0 0 -0.0551338  0.211953 0 0.342095 0 0 0.300692  0 0 0 0 0 0  
42.4115 1.13125 0.0241183 -2.82495 0 2 0 0 -2.50126  -2.95423 0 1.65381 0 0 -2.71715  -0.0540812 0 0.0298251 0 0 -0.0478032  0.183356 0 0.316361 0 0 0.263689  0 0 0 0 0 0  
43.354 1.15366 0.0240148 -2.95192 0 2 0 0 -2.60854  -3.06558 0 1.65813 0 0 -2.79831  -0.0457828 0 0.029376 0 0 -0.0400892  0.159434 0 0.312489 0 0 0.229867  0 0 0 0 0 0  
44.2965 1.17645 0.024479 -2.99695 0 2 0 0 -2.62852  -3.12563 0 1.67259 0 0 -2.83906  -0.0447543 0 0.0277363 0 0 -0.0331489  0.173432 0 0.29967 0 0 0.243695  0 0 0 0 0 0  
45.2389 1.19986 0.0251832 -3.02205 0 2 0 0 -2.62095  -3.16493 0 1.65495 0 0 -2.8345  -0.0454604 0 0.0309499 0 0 -0.0416046  0.188346 0 0.314098 0 0 0.255151  0 0 0 0 0 0  
46.1814 1.22348 0.0248262 -3.05023 0 2 0 0 -2.65383  -3.19426 0 1.65979 0 0 -2.85173  -0.0411522 0 0.0330595 0 0 -0.0454925  0.185178 0 0.307146 0 0 0.243392  0 0 0 0 0 0  
47.1239 1.24665 0.0239185 -3.06558 0 2 0 0 -2.73342  -3.19858 0 1.67761 0 0 -2.90029  -0.0368687 0 0.0317367 0 0 -0.0360962  0.169864 0 0.290654 0 0 0.20297  0 0 0 0 0 0  
48.0664 1.2698 0.0249818 -3.02295 0 2 0 0 -2.76222  -3.15415 0 1.67501 0 0 -2.9344  -0.0385939 0 0.0268809 0 0 -0.042462  0.169796 0 0.298107 0 0 0.214644  0 0 0 0 0 0  
49.0088 1.29366 0.0264582 -2.90771 0 2 0 0 -2.71905  -3.02529 0 1.65846 0 0 -2.88248  -0.0529292 0 0.0299139 0 0 -0.0426399  0.170508 0 0.311625 0 0 0.206072  0 0 0 0 0 0  
49.9513 1.31919 0.0274424 -2.86335 0 2 0 0 -2.63256  -2.99144 0 1.63575 0 0 -2.79271  -0.061353 0 0.028267 0 0 -0.0506679  0.18945 0 0.335984 0 0 0.210811  0 0 0 0 0 0  
50.8938 1.3451 0.0279045 -2.78871 0 2 0 0 -2.56802  -2.94349 0 1.60515 0 0 -2.75138  -0.0663595 0 0.0287929 0 0 -0.0546678  0.221137 0 0.366053 0 0 0.238031  0 0 0 0 0 0  
51.8363 1.37204 0.0287042 -2.75488 0 2 0 0 -2.57564  -2.91643 0 1.59286 0 0 -2.78468  -0.0567173 0 0.0333839 0 0 -0.0570199  0.218264 0 0.373758 0 0 0.26606  0 0 0 0 0 0  
52.7788 1.39864 0.0277241 -2.77432 0 2 0 0 -2.57691  -2.92979 0 1.59026 0 0 -2.77489  -0.0559922 0 0.0343061 0 0 -0.0613188  0.211468 0 0.375438 0 0 0.259306  0 0 0 0 0 0  
53.7212 1.42445 0.0265048 -2.72388 0 2 0 0 -2.69369  -2.8777 0 1.62129 0 0 -2.8759  -0.0576542 0 0.0321196 0 0 -0.059182  0.21148 0 0.346586 0 0 0.241393  0 0 0 0 0 0  
54.6637 1.44963 0.0262482 -2.79363 0 2 0 0 -2.75918  -2.91342 0 1.63326 0 0 -2.92711  -0.0552409 0 0.032227 0 0 -0.0618997  0.175035 0 0.334509 0 0 0.22983  0 0 0 0 0 0  
55.6062 1.47419 0.0262334 -2.85643 0 2 0 0 -2.74396  -2.96721 0 1.65425 0 0 -2.89512  -0.0527368 0 0.0365169 0 0 -0.0527651  0.163517 0 0.309235 0 0 0.203924  0 0 0 0 0 0  
56.5487 1.49854 0.0255345 -2.8688 0 2 0 0 -2.71218  -2.97628 0 1.65044 0 0 -2.84855  -0.0553843 0 0.0381644 0 0 -0.0563986  0.162866 0 0.311395 0 0 0.192769  0 0 0 0 0 0  
57.4911 1.52238 0.0246777 -2.85156 0 2 0 0 -2.59407  -2.96211 0 1.6594 0 0 -2.71814  -0.0472311 0 0.0353775 0 0 -0.0487113  0.157787 0 0.305225 0 0 0.172774  0 0 0 0 0 0  
58.4336 1.54452 0.0229805 -2.85099 0 2 0 0 -2.59202  -2.96322 0 1.68329 0 0 -2.73134  -0.0461697 0 0.0302292 0 0 -0.0497672  0.158396 0 0.286481 0 0 0.189087  0 0 0 0 0 0  
59.3761 1.5652 0.0210619 -2.90745 0 2 0 0 -2.6817  -3.00304 0 1.705 0 0 -2.79163  -0.0472008 0 0.0336804 0 0 -0.0455625  0.142793 0 0.261324 0 0 0.155492  0 0 0 0 0 0  
60.3186 1.58476 0.0204788 -2.92051 0 2 0 0 -2.80555  -3.02182 0 1.72703 0 0 -2.9143  -0.0400006 0 0.0289662 0 0 -0.0433352  0.141316 0 0.244004 0 0 0.15208  0 0 0 0 0 0  
61.2611 1.60397 0.0203788 -2.99645 0 2 0 0 -2.9423  -3.08777 0 1.7363 0 0 -3.03091  -0.0353916 0 0.0317512 0 0 -0.0446042  0.126715 0 0.231948 0 0 0.133218  0 0 0 0 0 0  
62.2035 1.62314 0.0202049 -3.05232 0 2 0 0 -3.01502  -3.14487 0 1.7486 0 0 -3.11537  -0.0269653 0 0.0286593 0 0 -0.0374965  0.119523 0 0.222743 0 0 0.137853  0 0 0 0 0 0  
63.146 1.64188 0.0199827 -3.082 0 2 0 0 -3.05239  -3.17738 0 1.75587 0 0 -3.14018  -0.0218502 0 0.0297481 0 0 -0.0348891  0.117237 0 0.214382 0 0 0.122675  0 0 0 0 0 0  
64.0885 1.66107 0.0211753 -3.04546 0 2 0 0 -2.99035  -3.15476 0 1.7385 0 0 -3.09926  -0.0258761 0 0.0275415 0 0 -0.0360196  0.135175 0 0.233954 0 0 0.144935  0 0 0 0 0 0  
65.031 1.68185 0.0227686 -2.9501 0 2 0 0 -2.97256  -3.07423 0 1.7114 0 0 -3.09685  -0.0329847 0 0.032301 0 0 -0.042913  0.157117 0 0.256295 0 0 0.167195  0 0 0 0 0 0  
65.9734 1.70407 0.0243671 -2.86243 0 2 0 0 -2.93851  -2.99496 0 1.67317 0 0 -3.08636  -0.0359619 0 0.0340562 0 0 -0.0405701  0.168496 0 0.292776 0 0 0.188426  0 0 0 0 0 0  
66.9159 1.7273 0.0249952 -2.78558 0 2 0 0 -2.95043  -2.92286 0 1.65281 0 0 -3.12525  -0.050567 0 0.0343848 0 0 -0.0485033  0.187851 0 0.312801 0 0 0.223325  0 0 0 0 0 0  
67.8584 1.75073 0.0248563 -2.78804 0 2 0 0 -3.0316  -2.89663 0 1.66045 0 0 -3.18118  -0.0521802 0 0.0364298 0 0 -0.0480405  0.160771 0 0.303124 0 0 0.197625  0 0 0 0 0 0  
68.8009 1.77407 0.024814 -2.85399 0 2 0 0 -3.0388  -2.96997 0 1.682 0 0 -3.18811  -0.0476755 0 0.0327967 0 0 -0.038067  0.163656 0 0.2852 0 0 0.187372  0 0 0 0 0 0  
69.7434 1.79717 0.0249733 -2.83728 0 2 0 0 -3.04458  -2.94454 0 1.68315 0 0 -3.18268  -0.0434157 0 0.035884 0 0 -0.0398274  0.150679 0 0.280968 0 0 0.177929  0 0 0 0 0 0  
70.6858 1.8204 0.0244103 -2.94929 0 2 0 0 -3.01071  -3.05006 0 1.68316 0 0 -3.14853  -0.0444878 0 0.0347785 0 0 -0.0363562  0.145257 0 0.282066 0 0 0.174178  0 0 0 0 0 0  
71.6283 1.84326 0.0246427 -3.10217 0 2 0 0 -3.06005  -3.19187 0 1.66999 0 0 -3.21295  -0.0449745 0 0.0349928 0 0 -0.0382982  0.134674 0 0.295018 0 0 0.191192  0 0 0 0 0 0  
72.5708 1.86699 0.0251587 -3.20954 0 2 0 0 -3.06518  -3.30548 0 1.66906 0 0 -3.22209  -0.0391544 0 0.0433457 0 0 -0.0343384  0.135093 0 0.287594 0 0 0.191247  0 0 0 0 0 0  
73.5133 1.89014 0.0247212 -3.36203 0 2 0 0 -3.09984  -3.4662 0 1.68141 0 0 -3.25321  -0.0305122 0 0.0391218 0 0 -0.0310492  0.134678 0 0.279465 0 0 0.184415  0 0 0 0 0 0  
74.4557 1.91366 0.0254218 -3.47322 0 2 0 0 -3.15722  -3.5872 0 1.67965 0 0 -3.31815  -0.0345149 0 0.0380583 0 0 -0.0320582  0.148488 0 0.282291 0 0 0.192981  0 0 0 0 0 0  
75.3982 1.93806 0.0260174 -3.5268 0 2 0 0 -3.13676  -3.64256 0 1.67145 0 0 -3.29779  -0.0328352 0 0.0390094 0 0 -0.0342349  0.148598 0 0.289536 0 0 0.195261  0 0 0 0 0 0  
76.3407 1.9625 0.0258344 -3.57445 0 2 0 0 -3.08661  -3.67951 0 1.67031 0 0 -3.23858  -0.0349036 0 0.0455645 0 0 -0.0299349  0.139969 0 0.284122 0 0 0.181906  0 0 0 0 0 0  
77.2832 1.98696 0.0259697 -3.56624 0 2 0 0 -3.0823  -3.67649 0 1.6685 0 0 -3.22945  -0.0353626 0 0.0402412 0 0 -0.0384321  0.145615 0 0.291254 0 0 0.185584  0 0 0 0 0 0  
78.2257 2.01156 0.0258387 -3.38115 0 2 0 0 -3.04026  -3.50264 0 1.656 0 0 -3.19379  -0.0336235 0 0.0431121 0 0 -0.0387965  0.15512 0 0.300891 0 0 0.192331  0 0 0 0 0 0  
79.1681 2.03564 0.0258291 -3.18415 0 2 0 0 -3.02461  -3.3152 0 1.64997 0 0 -3.1901  -0.0343763 0 0.0383188 0 0 -0.0444798  0.165422 0 0.311714 0 0 0.209972  0 0 0 0 0 0  
80.1106 2.06021 0.0262307 -3.01929 0 2 0 0 -2.95971  -3.14827 0 1.64191 0 0 -3.13046  -0.0321772 0 0.0388914 0 0 -0.0417743  0.161166 0 0.319203 0 0 0.212528  0 0 0 0 0 0  
81.0531 2.08514 0.0267784 -2.80166 0 2 0 0 -2.79571  -2.92934 0 1.62458 0 0 -2.99457  -0.0354484 0 0.0406834 0 0 -0.0406568  0.16313 0 0.334732 0 0 0.239517  0 0 0 0 0 0  
81.9956 2.11137 0.0284144 -2.65843 0 2 0 0 -2.60618  -2.82691 0 1.57983 0 0 -2.8679  -0.0481675 0 0.0403911 0 0 -0.04562  0.216651 0 0.379776 0 0 0.307339  0 0 0 0 0 0  
82.938 2.13852 0.0290245 -2.78322 0 2 0 0 -2.51845  -2.94374 0 1.57098 0 0 -2.78316  -0.0518813 0 0.039407 0 0 -0.0491265  0.212405 0 0.389618 0 0 0.313832  0 0 0 0 0 0  
83.8805 2.16606 0.0291708 -2.908 0 2 0 0 -2.47913  -3.04497 0 1.56837 0 0 -2.72659  -0.0596697 0 0.0392745 0 0 -0.0634636  0.196633 0 0.392353 0 0 0.310915  0 0 0 0 0 0  
84.823 2.19296 0.0280675 -3.00192 0 2 0 0 -2.5536  -3.13902 0 1.59056 0 0 -2.78627  -0.044294 0 0.0369739 0 0 -0.0523784  0.181391 0 0.372471 0 0 0.285047  0 0 0 0 0 0  
85.7655 2.21926 0.0276026 -3.09544 0 2 0 0 -2.67713  -3.21588 0 1.60381 0 0 -2.87916  -0.0444263 0 0.043041 0 0 -0.0460459  0.16487 0 0.353154 0 0 0.248078  0 0 0 0 0 0  
86.708 2.24511 0.0276122 -3.13459 0 2 0 0 -2.67516  -3.26466 0 1.619 0 0 -2.88805  -0.0458203 0 0.0429216 0 0 -0.0447507  0.175892 0 0.338073 0 0 0.257642  0 0 0 0 0 0  
87.6504 2.27211 0.0294463 -3.08337 0 2 0 0 -2.56695  -3.21311 0 1.59875 0 0 -2.77133  -0.0454001 0 0.0482214 0 0 -0.0450493  0.17514 0 0.353033 0 0 0.249424  0 0 0 0 0 0  
88.5929 2.30007 0.0295072 -3.00889 0 2 0 0 -2.5606  -3.13069 0 1.59254 0 0 -2.74839  -0.0649554 0 0.0512298 0 0 -0.05031  0.186754 0 0.356233 0 0 0.2381  0 0 0 0 0 0  
89.5354 2.32758 0.0293754 -2.8088 0 2 0 0 -2.48895  -2.95741 0 1.59552 0 0 -2.70056  -0.0657236 0 0.0449182 0 0 -0.0574165  0.214336 0 0.359564 0 0 0.26903  0 0 0 0 0 0  
90.4779 2.35467 0.0285599 -2.73963 0 2 0 0 -2.47642  -2.88571 0 1.58993 0 0 -2.69632  -0.0688729 0 0.0403886 0 0 -0.0736402  0.214947 0 0.369677 0 0 0.293546  0 0 0 0 0 0  
91.4203 2.38099 0.0272593 -2.70742 0 2 0 0 -2.54591  -2.85195 0 1.61424 0 0 -2.75848  -0.0710324 0 0.0373538 0 0 -0.0698226  0.215568 0 0.348403 0 0 0.282384  0 0 0 0 0 0  
92.3628 2.40542 0.0247303 -2.80923 0 2 0 0 -2.6782  -2.95135 0 1.64592 0 0 -2.89101  -0.0668225 0 0.0294888 0 0 -0.0602629  0.208943 0 0.324591 0 0 0.27307  0 0 0 0 0 0  
93.3053 2.42771 0.0226405 -3.02082 0 2 0 0 -2.89327  -3.13596 0 1.68233 0 0 -3.07002  -0.0552355 0 0.0312602 0 0 -0.0530214  0.170376 0 0.286405 0 0 0.229774  0 0 0 0 0 0  
94.2478 2.44844 0.0214531 -3.22287 0 2 0 0 -3.10146  -3.31081 0 1.7188 0 0 -3.2485  -0.0483237 0 0.0334579 0 0 -0.0353118  0.136266 0 0.247743 0 0 0.182358  0 0 0 0 0 0  
95.1903 2.46833 0.0206825 -3.30861 0 2 0 0 -3.2959  -3.36922 0 1.73083 0 0 -3.41502  -0.0473112 0 0.0349028 0 0 -0.0382832  0.107916 0 0.23427 0 0 0.157406  0 0 0 0 0 0  
96.1327 2.48815 0.0211549 -3.30102 0 2 0 0 -3.35717  -3.37224 0 1.7316 0 0 -3.4774  -0.0419087 0 0.0340254 0 0 -0.0389975  0.113136 0 0.234379 0 0 0.159227  0 0 0 0 0 0  
97.0752 2.50796 0.0210296 -3.24521 0 2 0 0 -3.34138  -3.30547 0 1.73333 0 0 -3.4583  -0.0425881 0 0.0324551 0 0 -0.0357253  0.10285 0 0.234219 0 0 0.152644  0 0 0 0 0 0  
98.0177 2.52778 0.0214588 -3.24309 0 2 0 0 -3.34444  -3.30428 0 1.73164 0 0 -3.46226  -0.0446381 0 0.0359129 0 0 -0.0394405  0.105832 0 0.232452 0 0 0.157262  0 0 0 0 0 0  
98.9602 2.54807 0.0211985 -3.21992 0 2 0 0 -3.34612  -3.28015 0 1.73161 0 0 -3.45749  -0.0466921 0 0.0353352 0 0 -0.0393344  0.106926 0 0.233055 0 0 0.150713  0 0 0 0 0 0  
99.9026 2.56772 0.0201677 -3.18493 0 2 0 0 -3.30741  -3.24566 0 1.74191 0 0 -3.41407  -0.0356503 0 0.0343177 0 0 -0.0402266  0.0963824 0 0.223775 0 0 0.146884  0 0 0 0 0 0  
100.845 2.58634 0.0194353 -3.20202 0 2 0 0 -3.23097  -3.26089 0 1.7614 0 0 -3.33707  -0.0311473 0 0.0312537 0 0 -0.0293027  0.0900167 0 0.207351 0 0 0.135399  0 0 0 0 0 0  
101.788 2.60452 0.0189636 -3.14103 0 2 0 0 -3.15511  -3.20732 0 1.7657 0 0 -3.26109  -0.0283285 0 0.0266725 0 0 -0.0321684  0.0946204 0 0.207625 0 0 0.13815  0 0 0 0 0 0  
102.73 2.62266 0.0194506 -3.03052 0 2 0 0 -3.09962  -3.10516 0 1.7543 0 0 -3.20535  -0.024416 0 0.0285525 0 0 -0.0352618  0.099056 0 0.217146 0 0 0.140994  0 0 0 0 0 0  
103.673 2.6414 0.0201407 -2.93823 0 2 0 0 -3.07232  -3.01901 0 1.74178 0 0 -3.19731  -0.0228027 0 0.0314485 0 0 -0.0269071  0.103584 0 0.226767 0 0 0.151894  0 0 0 0 0 0  
104.615 2.6607 0.0210814 -2.89195 0 2 0 0 -3.04886  -3.00231 0 1.71143 0 0 -3.21963  -0.0252178 0 0.0295112 0 0 -0.032847  0.135569 0 0.25906 0 0 0.203615  0 0 0 0 0 0  
105.558 2.68151 0.022777 -2.88341 0 2 0 0 -3.00506  -3.00884 0 1.68479 0 0 -3.20131  -0.0272921 0 0.0296496 0 0 -0.030275  0.15272 0 0.285564 0 0 0.226522  0 0 0 0 0 0  
106.5 2.70395 0.0248915 -2.83835 0 2 0 0 -2.95861  -2.97261 0 1.65858 0 0 -3.18387  -0.0392286 0 0.0331593 0 0 -0.0366632  0.173484 0 0.308262 0 0 0.26192  0 0 0 0 0 0  
107.442 2.72764 0.0251453 -2.81698 0 2 0 0 -2.82735  -2.94457 0 1.64832 0 0 -3.06815  -0.0418822 0 0.034115 0 0 -0.0476956  0.169471 0 0.317569 0 0 0.288496  0 0 0 0 0 0  
108.385 2.75104 0.024359 -2.77373 0 2 0 0 -2.7891  -2.86585 0 1.66494 0 0 -2.98509  -0.0478424 0 0.0374852 0 0 -0.0437381  0.139958 0 0.297578 0 0 0.239732  0 0 0 0 0 0  
109.327 2.77387 0.0240973 -2.7501 0 2 0 0 -2.7287  -2.84484 0 1.66248 0 0 -2.93374  -0.0587027 0 0.0388404 0 0 -0.0411047  0.153441 0 0.29868 0 0 0.246148  0 0 0 0 0 0  
110.27 2.79553 0.0219115 -2.77064 0 2 0 0 -2.77184  -2.86702 0 1.68538 0 0 -2.96332  -0.0529943 0 0.0314695 0 0 -0.0514056  0.149377 0 0.283152 0 0 0.242891  0 0 0 0 0 0  
111.212 2.81577 0.0212478 -2.84138 0 2 0 0 -2.80051  -2.92952 0 1.70293 0 0 -2.96672  -0.050478 0 0.0305194 0 0 -0.0526969  0.138623 0 0.266552 0 0 0.218904  0 0 0 0 0 0  
112.155 2.83596 0.0217552 -2.91705 0 2 0 0 -2.84033  -3.01909 0 1.70738 0 0 -3.01219  -0.0520024 0 0.029122 0 0 -0.0464282  0.154045 0 0.263493 0 0 0.218295  0 0 0 0 0 0  
113.097 2.85694 0.0222425 -2.96783 0 2 0 0 -2.84418  -3.06407 0 1.70808 0 0 -3.01978  -0.049632 0 0.0283093 0 0 -0.0461441  0.145871 0 0.26361 0 0 0.221746  0 0 0 0 0 0  
114.04 2.87789 0.0225966 -3.01802 0 2 0 0 -2.87912  -3.10098 0 1.70161 0 0 -3.03739  -0.0497112 0 0.0342602 0 0 -0.0413167  0.132673 0 0.264128 0 0 0.199584  0 0 0 0 0 0  
114.982 2.89925 0.0224918 -3.05195 0 2 0 0 -2.95105  -3.13902 0 1.70848 0 0 -3.10517  -0.0503928 0 0.0305271 0 0 -0.0385604  0.137454 0 0.260988 0 0 0.192684  0 0 0 0 0 0  
115.925 2.92023 0.0219998 -3.12711 0 2 0 0 -3.01652  -3.22525 0 1.71506 0 0 -3.16931  -0.0550404 0 0.0272859 0 0 -0.0410641  0.153184 0 0.257658 0 0 0.193854  0 0 0 0 0 0  
116.867 2.94189 0.0236734 -3.09821 0 2 0 0 -2.89016  -3.20635 0 1.70013 0 0 -3.05254  -0.0479597 0 0.0280629 0 0 -0.0330653  0.156092 0 0.271812 0 0 0.195448  0 0 0 0 0 0  
117.81 2.9641 0.0239782 -3.13145 0 2 0 0 -2.85491  -3.2395 0 1.68536 0 0 -3.03122  -0.0552054 0 0.0290828 0 0 -0.0420953  0.163254 0 0.285556 0 0 0.218406  0 0 0 0 0 0  
118.752 2.98715 0.0251455 -3.08672 0 2 0 0 -2.74664  -3.22119 0 1.66038 0 0 -2.94866  -0.0578958 0 0.0284969 0 0 -0.0468347  0.192359 0 0.311125 0 0 0.248857  0 0 0 0 0 0  
119.695 3.01093 0.0250343 -3.03209 0 2 0 0 -2.66066  -3.17504 0 1.6448 0 0 -2.85373  -0.0559231 0 0.0302065 0 0 -0.0487839  0.198879 0 0.324997 0 0 0.241858  0 0 0 0 0 0  
120.637 3.03503 0.0256147 -3.02796 0 2 0 0 -2.63251  -3.15898 0 1.63905 0 0 -2.81173  -0.0571412 0 0.0349867 0 0 -0.0449976  0.188166 0 0.325964 0 0 0.224217  0 0 0 0 0 0  
121.58 3.0591 0.0257899 -3.033 0 2 0 0 -2.64058  -3.16408 0 1.64864 0 0 -2.81778  -0.0517841 0 0.0370825 0 0 -0.0323653  0.182859 0 0.314279 0 0 0.209561  0 0 0 0 0 0  
122.522 3.08238 0.023739 -3.10767 0 2 0 0 -2.7152  -3.23329 0 1.67575 0 0 -2.86772  -0.0498546 0 0.0354552 0 0 -0.0358106  0.175477 0 0.288793 0 0 0.18833  0 0 0 0 0 0  
123.465 3.10381 0.0217012 -3.12049 0 2 0 0 -2.77056  -3.21737 0 1.70197 0 0 -2.88857  -0.0467571 0 0.0387216 0 0 -0.0368481  0.143639 0 0.259305 0 0 0.15486  0 0 0 0 0 0  
124.407 3.12325 0.0193383 -3.11278 0 2 0 0 -2.78651  -3.21052 0 1.74249 0 0 -2.90177  -0.0369115 0 0.0329347 0 0 -0.0339587  0.134652 0 0.224574 0 0 0.149215  0 0 0 0 0 0  
125.35 3.1413 0.0188813 -3.11245 0 2 0 0 -2.84594  -3.20945 0 1.75732 0 0 -2.95147  -0.0319505 0 0.0310917 0 0 -0.0306822  0.128949 0 0.211586 0 0 0.136209  0 0 0 0 0 0  
126.292 3.15922 0.0189701 -3.11461 0 2 0 0 -2.92925  -3.21749 0 1.75567 0 0 -3.03334  -0.0337184 0 0.0290394 0 0 -0.0269738  0.136597 0 0.215289 0 0 0.131057  0 0 0 0 0 0  
127.235 3.17761 0.0199384 -3.07328 0 2 0 0 -2.98104  -3.18049 0 1.74725 0 0 -3.10127  -0.0279274 0 0.0296671 0 0 -0.0234641  0.135142 0 0.223079 0 0 0.143688  0 0 0 0 0 0  
128.177 3.19702 0.0209163 -3.01455 0 2 0 0 -2.99504  -3.13423 0 1.72106 0 0 -3.11948  -0.0279201 0 0.0355251 0 0 -0.0268114  0.147599 0 0.243413 0 0 0.151249  0 0 0 0 0 0  
129.119 3.2169 0.0212681 -2.92026 0 2 0 0 -2.97  -3.04921 0 1.70734 0 0 -3.125  -0.0342614 0 0.0327169 0 0 -0.02927  0.163214 0 0.259944 0 0 0.184276  0 0 0 0 0 0  
130.062 3.23709 0.021339 -2.99333 0 2 0 0 -3.02091  -3.10948 0 1.71309 0 0 -3.16677  -0.0346132 0 0.0341511 0 0 -0.0291937  0.150764 0 0.25276 0 0 0.175057  0 0 0 0 0 0  
131.004 3.25731 0.0218682 -3.11858 0 2 0 0 -3.04873  -3.22121 0 1.70363 0 0 -3.18051  -0.0328049 0 0.0382719 0 0 -0.0240734  0.135427 0 0.258096 0 0 0.155845  0 0 0 0 0 0  
131.947 3.27744 0.0215472 -3.09628 0 2 0 0 -3.03809  -3.18639 0 1.71058 0 0 -3.16361  -0.0266074 0 0.0360803 0 0 -0.0125501  0.116721 0 0.253343 0 0 0.138072  0 0 0 0 0 0  
132.889 3.29782 0.0216473 -2.95968 0 2 0 0 -2.95557  -3.06835 0 1.69046 0 0 -3.10411  -0.0351564 0 0.0339947 0 0 -0.0204972  0.143829 0 0.275544 0 0 0.169033  0 0 0 0 0 0  
133.832 3.31875 0.022585 -2.91458 0 2 0 0 -2.91492  -3.04567 0 1.67369 0 0 -3.08139  -0.0387312 0 0.0294523 0 0 -0.0256674  0.169823 0 0.296857 0 0 0.192136  0 0 0 0 0 0  
134.774 3.34037 0.0231203 -3.00947 0 2 0 0 -2.98378  -3.13033 0 1.69016 0 0 -3.13481  -0.0340583 0 0.0310467 0 0 -0.0224997  0.154915 0 0.278793 0 0 0.173534  0 0 0 0 0 0  
135.717 3.36162 0.0223961 -3.06164 0 2 0 0 -3.06995  -3.17725 0 1.69783 0 0 -3.2142  -0.0364899 0 0.0281868 0 0 -0.0234418  0.152099 0 0.273987 0 0 0.167685  0 0 0 0 0 0  
136.659 3.38302 0.0231285 -3.11466 0 2 0 0 -3.11227  -3.22929 0 1.70701 0 0 -3.24973  -0.0325911 0 0.0311592 0 0 -0.029594  0.147229 0 0.261828 0 0 0.167054  0 0 0 0 0 0  
137.602 3.40506 0.0235095 -3.05895 0 2 0 0 -3.05067  -3.18473 0 1.69749 0 0 -3.18875  -0.0328688 0 0.0345476 0 0 -0.0306892  0.158649 0 0.267967 0 0 0.168777  0 0 0 0 0 0  
138.544 3.42794 0.0248318 -2.99852 0 2 0 0 -2.95832  -3.14344 0 1.67509 0 0 -3.10739  -0.0313226 0 0.0376753 0 0 -0.0340716  0.176246 0 0.287231 0 0 0.183143  0 0 0 0 0 0  
139.487 3.45132 0.0248092 -2.84249 0 2 0 0 -2.78599  -3.01193 0 1.66223 0 0 -2.98124  -0.0333199 0 0.0355641 0 0 -0.0400223  0.20276 0 0.302202 0 0 0.235266  0 0 0 0 0 0  
140.429 3.47412 0.0238298 -2.79736 0 2 0 0 -2.77195  -2.961 0 1.66567 0 0 -2.9649  -0.0383313 0 0.0375829 0 0 -0.0430097  0.201974 0 0.296751 0 0 0.235952  0 0 0 0 0 0  
141.372 3.4957 0.0223686 -2.84272 0 2 0 0 -2.83776  -2.96501 0 1.70168 0 0 -2.99829  -0.0386073 0 0.0320701 0 0 -0.0415039  0.16089 0 0.266253 0 0 0.202035  0 0 0 0 0 0  
142.314 3.51688 0.0230278 -2.89952 0 2 0 0 -2.8412  -2.99492 0 1.70362 0 0 -2.98752  -0.0389239 0 0.0339024 0 0 -0.0339132  0.134325 0 0.262474 0 0 0.180236  0 0 0 0 0 0  
143.257 3.539 0.0237182 -2.88692 0 2 0 0 -2.81946  -2.97709 0 1.70316 0 0 -2.95883  -0.0328206 0 0.0347339 0 0 -0.0374291  0.122987 0 0.262105 0 0 0.176801  0 0 0 0 0 0  
144.199 3.56138 0.0241784 -2.79305 0 2 0 0 -2.78393  -2.89723 0 1.70126 0 0 -2.92618  -0.0320375 0 0.0357231 0 0 -0.0350699  0.136226 0 0.263019 0 0 0.177315  0 0 0 0 0 0  
145.142 3.58421 0.0242161 -2.66075 0 2 0 0 -2.73459  -2.77392 0 1.67952 0 0 -2.88454  -0.0366145 0 0.0341114 0 0 -0.0470424  0.149783 0 0.286366 0 0 0.196988  0 0 0 0 0 0  
146.084 3.60768 0.0256118 -2.59677 0 2 0 0 -2.68389  -2.73313 0 1.66359 0 0 -2.85985  -0.0412168 0 0.0323213 0 0 -0.0467842  0.177577 0 0.304086 0 0 0.222743  0 0 0 0 0 0  
147.027 3.63218 0.0265884 -2.5469 0 2 0 0 -2.64715  -2.69091 0 1.65031 0 0 -2.8312  -0.0478327 0 0.0330566 0 0 -0.046138  0.191842 0 0.31663 0 0 0.230183  0 0 0 0 0 0  
147.969 3.65803 0.027878 -2.51513 0 2 0 0 -2.61846  -2.67476 0 1.61735 0 0 -2.80023  -0.0603204 0 0.0330864 0 0 -0.0545671  0.219945 0 0.349568 0 0 0.236334  0 0 0 0 0 0  
148.911 3.68418 0.0275067 -2.61117 0 2 0 0 -2.75057  -2.7556 0 1.63274 0 0 -2.92299  -0.0525423 0 0.0372695 0 0 -0.053109  0.196973 0 0.32999 0 0 0.225526  0 0 0 0 0 0  
149.854 3.70997 0.0268856 -2.66868 0 2 0 0 -2.96823  -2.80039 0 1.65118 0 0 -3.11687  -0.0498144 0 0.0381579 0 0 -0.0451659  0.181519 0 0.310665 0 0 0.193807  0 0 0 0 0 0  
150.796 3.73483 0.0255362 -2.7326 0 2 0 0 -3.12925  -2.84294 0 1.67066 0 0 -3.27556  -0.0568618 0 0.0319094 0 0 -0.0433062  0.167204 0 0.297426 0 0 0.189615  0 0 0 0 0 0  
151.739 3.75852 0.024358 -2.83215 0 2 0 0 -3.26351  -2.94093 0 1.68003 0 0 -3.40229  -0.0505179 0 0.031135 0 0 -0.0435147  0.159299 0 0.288837 0 0 0.182295  0 0 0 0 0 0  
152.681 3.78049 0.0232503 -2.99169 0 2 0 0 -3.34468  -3.08864 0 1.70679 0 0 -3.4642  -0.0346967 0 0.0309847 0 0 -0.0310704  0.131647 0 0.262221 0 0 0.15059  0 0 0 0 0 0  
153.624 3.80177 0.0221926 -3.12903 0 2 0 0 -3.41855  -3.2115 0 1.7379 0 0 -3.52392  -0.0271913 0 0.0283434 0 0 -0.0222072  0.109658 0 0.233762 0 0 0.12758  0 0 0 0 0 0  
154.566 3.8223 0.0216406 -3.1446 0 2 0 0 -3.47728  -3.22112 0 1.75167 0 0 -3.57322  -0.0276394 0 0.0287934 0 0 -0.0214768  0.104163 0 0.21954 0 0 0.117418  0 0 0 0 0 0  
155.509 3.84314 0.0224661 -3.14077 0 2 0 0 -3.45036  -3.21447 0 1.75057 0 0 -3.56138  -0.0249723 0 0.0290326 0 0 -0.0134734  0.0986782 0 0.220397 0 0 0.124494  0 0 0 0 0 0  
156.451 3.86481 0.023477 -3.13133 0 2 0 0 -3.35418  -3.2249 0 1.72066 0 0 -3.47032  -0.03262 0 0.0350611 0 0 -0.0216396  0.126186 0 0.244282 0 0 0.137779  0 0 0 0 0 0  
157.394 3.88703 0.0232939 -3.0581 0 2 0 0 -3.20139  -3.15974 0 1.70735 0 0 -3.33335  -0.03124 0 0.0338686 0 0 -0.0264135  0.132886 0 0.258786 0 0 0.158379  0 0 0 0 0 0  
158.336 3.90922 0.0238512 -3.02181 0 2 0 0 -3.04605  -3.12263 0 1.67986 0 0 -3.19791  -0.0343029 0 0.0328329 0 0 -0.0327213  0.135121 0 0.287302 0 0 0.184579  0 0 0 0 0 0  
159.279 3.93211 0.0250296 -3.01731 0 2 0 0 -3.04679  -3.11044 0 1.64848 0 0 -3.20416  -0.0414037 0 0.036946 0 0 -0.0331258  0.134527 0 0.314573 0 0 0.190498  0 0 0 0 0 0  
160.221 3.95619 0.0265756 -2.94774 0 2 0 0 -2.95828  -3.0503 0 1.64793 0 0 -3.1329  -0.0445087 0 0.0402211 0 0 -0.029225  0.147067 0 0.311853 0 0 0.203838  0 0 0 0 0 0  
161.164 3.98153 0.0270211 -2.88547 0 2 0 0 -2.86076  -3.00355 0 1.63922 0 0 -3.03554  -0.0499297 0 0.0395866 0 0 -0.023856  0.168008 0 0.321194 0 0 0.198634  0 0 0 0 0 0  
162.106 4.00743 0.027652 -2.91046 0 2 0 0 -2.71195  -3.03078 0 1.61009 0 0 -2.92198  -0.0573938 0 0.0410257 0 0 -0.038568  0.177713 0 0.348888 0 0 0.248593  0 0 0 0 0 0  
163.049 4.03379 0.0284431 -3.02072 0 2 0 0 -2.66828  -3.1416 0 1.60437 0 0 -2.8818  -0.0515966 0 0.0390886 0 0 -0.03851  0.172475 0 0.356543 0 0 0.252033  0 0 0 0 0 0  
163.991 4.06082 0.0285574 -3.04973 0 2 0 0 -2.66676  -3.15886 0 1.61484 0 0 -2.8673  -0.0475007 0 0.0393514 0 0 -0.04131  0.156629 0 0.345811 0 0 0.241859  0 0 0 0 0 0  
164.934 4.08738 0.0277127 -3.00422 0 2 0 0 -2.68071  -3.11545 0 1.6338 0 0 -2.87074  -0.0368798 0 0.0374641 0 0 -0.0373748  0.148102 0 0.328735 0 0 0.227404  0 0 0 0 0 0  
165.876 4.11341 0.0273024 -2.84833 0 2 0 0 -2.59167  -2.97094 0 1.61577 0 0 -2.79049  -0.0470372 0 0.0371361 0 0 -0.0431821  0.169638 0 0.347091 0 0 0.242003  0 0 0 0 0 0  
166.819 4.13955 0.0277043 -2.68182 0 2 0 0 -2.56764  -2.81308 0 1.58006 0 0 -2.79469  -0.0623354 0 0.038925 0 0 -0.068259  0.193595 0 0.381016 0 0 0.295308  0 0 0 0 0 0  
167.761 4.16595 0.0285028 -2.60361 0 2 0 0 -2.51741  -2.74441 0 1.57261 0 0 -2.76887  -0.0655933 0 0.0408744 0 0 -0.0615018  0.206394 0 0.386519 0 0 0.312963  0 0 0 0 0 0  
168.704 4.19297 0.0282432 -2.62676 0 2 0 0 -2.49423  -2.76171 0 1.58081 0 0 -2.73761  -0.062026 0 0.0395074 0 0 -0.0608916  0.196969 0 0.379686 0 0 0.304269  0 0 0 0 0 0  
169.646 4.22013 0.0284516 -2.67002 0 2 0 0 -2.38482  -2.8025 0 1.5687 0 0 -2.61505  -0.0728222 0 0.0415273 0 0 -0.0608016  0.205303 0 0.389776 0 0 0.291036  0 0 0 0 0 0  
170.588 4.24632 0.0268828 -2.72995 0 2 0 0 -2.42675  -2.85344 0 1.5997 0 0 -2.62975  -0.0645676 0 0.0356799 0 0 -0.0646226  0.188057 0 0.364623 0 0 0.267622  0 0 0 0 0 0  
171.531 4.27098 0.0256326 -2.74264 0 2 0 0 -2.51596  -2.86213 0 1.62444 0 0 -2.71144  -0.0606694 0 0.0349077 0 0 -0.0619806  0.180159 0 0.340654 0 0 0.257461  0 0 0 0 0 0  
172.473 4.29522 0.0259332 -2.81854 0 2 0 0 -2.73963  -2.94644 0 1.64253 0 0 -2.92847  -0.0481969 0 0.0395878 0 0 -0.0579228  0.176089 0 0.317885 0 0 0.24677  0 0 0 0 0 0  
173.416 4.31935 0.0262119 -2.83187 0 2 0 0 -2.86913  -2.97109 0 1.65945 0 0 -3.07422  -0.0385397 0 0.0326182 0 0 -0.0401391  0.177758 0 0.307928 0 0 0.245231  0 0 0 0 0 0  
174.358 4.34447 0.0277688 -2.84872 0 2 0 0 -2.94395  -2.98713 0 1.65189 0 0 -3.1611  -0.0372786 0 0.0352331 0 0 -0.0371525  0.175689 0 0.31288 0 0 0.254302  0 0 0 0 0 0  
175.301 4.3707 0.0273814 -2.78353 0 2 0 0 -2.904  -2.92099 0 1.64106 0 0 -3.10496  -0.0445753 0 0.0393929 0 0 -0.0509218  0.182026 0 0.319547 0 0 0.251887  0 0 0 0 0 0  
176.243 4.39676 0.0276686 -2.7232 0 2 0 0 -2.7712  -2.88023 0 1.62133 0 0 -2.99797  -0.0587746 0 0.0351517 0 0 -0.0538148  0.215805 0 0.34352 0 0 0.28059  0 0 0 0 0 0  
177.186 4.42256 0.0269797 -2.70047 0 2 0 0 -2.87975  -2.84286 0 1.64097 0 0 -3.06954  -0.0597834 0 0.0428904 0 0 -0.0425188  0.202172 0 0.316141 0 0 0.23231  0 0 0 0 0 0  
178.128 4.44833 0.0271781 -2.68253 0 2 0 0 -2.85892  -2.8075 0 1.65873 0 0 -3.05169  -0.0512747 0 0.0405753 0 0 -0.0378933  0.176244 0 0.300696 0 0 0.230654  0 0 0 0 0 0  
179.071 4.4739 0.0272299 -2.67627 0 2 0 0 -2.78037  -2.80142 0 1.65543 0 0 -2.99077  -0.0484023 0 0.0373396 0 0 -0.0442977  0.173553 0 0.307233 0 0 0.254689  0 0 0 0 0 0  
180.013 4.50021 0.0282643 -2.62823 0 2 0 0 -2.69737  -2.76354 0 1.61298 0 0 -2.91868  -0.0554834 0 0.0403951 0 0 -0.0556927  0.190793 0 0.346625 0 0 0.277012  0 0 0 0 0 0  
180.956 4.52681 0.0272804 -2.59452 0 2 0 0 -2.54829  -2.74054 0 1.61715 0 0 -2.78298  -0.0614486 0 0.0342179 0 0 -0.0567816  0.207475 0 0.34863 0 0 0.29148  0 0 0 0 0 0  
181.898 4.55228 0.0265336 -2.57545 0 2 0 0 -2.49829  -2.73062 0 1.59553 0 0 -2.73611  -0.0691832 0 0.0309529 0 0 -0.0723424  0.224356 0 0.373514 0 0 0.310157  0 0 0 0 0 0  
182.841 4.57674 0.0250412 -2.70172 0 2 0 0 -2.69272  -2.84284 0 1.64515 0 0 -2.89479  -0.069598 0 0.0273209 0 0 -0.0710929  0.210719 0 0.327533 0 0 0.273164  0 0 0 0 0 0  
183.783 4.59935 0.0230849 -2.86487 0 2 0 0 -2.90667  -2.97063 0 1.68748 0 0 -3.06317  -0.0520984 0 0.0260175 0 0 -0.0523939  0.157857 0 0.286501 0 0 0.208893  0 0 0 0 0 0  
184.726 4.61982 0.0206737 -3.02315 0 2 0 0 -3.07865  -3.1008 0 1.73233 0 0 -3.20811  -0.0374827 0 0.0251929 0 0 -0.042703  0.115132 0 0.242475 0 0 0.172168  0 0 0 0 0 0  
185.668 4.63919 0.0207142 -3.09161 0 2 0 0 -3.14406  -3.16768 0 1.73655 0 0 -3.27195  -0.0350052 0 0.0250126 0 0 -0.0347613  0.111077 0 0.238441 0 0 0.162654  0 0 0 0 0 0  
186.611 4.65846 0.0206212 -3.13906 0 2 0 0 -3.17825  -3.22535 0 1.74448 0 0 -3.31293  -0.0356265 0 0.0244572 0 0 -0.0324453  0.121916 0 0.231066 0 0 0.167125  0 0 0 0 0 0  
187.553 4.67783 0.0205738 -3.06528 0 2 0 0 -3.08517  -3.159 0 1.74867 0 0 -3.21537  -0.0316615 0 0.0263132 0 0 -0.0285722  0.125387 0 0.225022 0 0 0.158769  0 0 0 0 0 0  
188.496 4.69793 0.0214539 -2.87749 0 2 0 0 -3.03107  -2.97393 0 1.72697 0 0 -3.16833  -0.0303493 0 0.0264828 0 0 -0.0300089  0.126795 0 0.246547 0 0 0.167266  0 0 0 0 0 0  
189.438 4.71831 0.0221329 -2.81192 0 2 0 0 -2.95413  -2.90224 0 1.71786 0 0 -3.09376  -0.0302951 0 0.0317889 0 0 -0.0170684  0.120605 0 0.250353 0 0 0.1567  0 0 0 0 0 0  
190.381 4.73943 0.0228149 -2.78953 0 2 0 0 -2.92486  -2.87936 0 1.70981 0 0 -3.0712  -0.0326729 0 0.0348731 0 0 -0.0234214  0.122503 0 0.255313 0 0 0.169761  0 0 0 0 0 0  
191.323 4.76187 0.0244392 -2.73096 0 2 0 0 -2.89331  -2.84461 0 1.67841 0 0 -3.05826  -0.0487089 0 0.0324185 0 0 -0.0402317  0.16236 0 0.289171 0 0 0.205176  0 0 0 0 0 0  
192.265 4.78546 0.0250407 -2.69447 0 2 0 0 -2.82856  -2.80796 0 1.67156 0 0 -3.00242  -0.0482956 0 0.0342748 0 0 -0.0377471  0.161778 0 0.294163 0 0 0.211609  0 0 0 0 0 0  
193.208 4.80876 0.0240556 -2.76453 0 2 0 0 -2.76941  -2.87409 0 1.66631 0 0 -2.94994  -0.0523872 0 0.0342687 0 0 -0.0443136  0.16194 0 0.299424 0 0 0.224838  0 0 0 0 0 0  
194.15 4.83014 0.0221515 -2.89565 0 2 0 0 -2.8928  -3.0104 0 1.70185 0 0 -3.07163  -0.0359424 0 0.0298023 0 0 -0.0377466  0.150696 0 0.268344 0 0 0.216573  0 0 0 0 0 0  
195.093 4.85011 0.0209878 -3.01888 0 2 0 0 -3.01864  -3.11811 0 1.7266 0 0 -3.1661  -0.0394475 0 0.0309211 0 0 -0.0368812  0.138679 0 0.24248 0 0 0.184345  0 0 0 0 0 0  
196.035 4.87088 0.022742 -3.02204 0 2 0 0 -3.00481  -3.13161 0 1.71652 0 0 -3.1613  -0.0410271 0 0.0296352 0 0 -0.0262351  0.150593 0 0.253847 0 0 0.182725  0 0 0 0 0 0  
196.978 4.89284 0.0233919 -2.99213 0 2 0 0 -3.0093  -3.12355 0 1.70237 0 0 -3.18043  -0.0526211 0 0.0248396 0 0 -0.0369321  0.184043 0 0.272788 0 0 0.20807  0 0 0 0 0 0  
197.92 4.91521 0.0238366 -2.98525 0 2 0 0 -2.99686  -3.10616 0 1.68386 0 0 -3.17379  -0.0500402 0 0.030309 0 0 -0.0451386  0.170954 0 0.285827 0 0 0.222071  0 0 0 0 0 0  
198.863 4.93799 0.0246646 -2.89391 0 2 0 0 -2.91671  -3.02722 0 1.67651 0 0 -3.09663  -0.0537253 0 0.0293998 0 0 -0.0482283  0.187035 0 0.294092 0 0 0.22815  0 0 0 0 0 0  
199.805 4.96164 0.0255841 -2.77986 0 2 0 0 -2.90993  -2.91334 0 1.66563 0 0 -3.08008  -0.0569608 0 0.0280988 0 0 -0.0570108  0.190437 0 0.306269 0 0 0.227165  0 0 0 0 0 0  
200.748 4.98589 0.0256106 -2.73022 0 2 0 0 -2.96707  -2.86438 0 1.66318 0 0 -3.12826  -0.0643951 0 0.0277162 0 0 -0.0534261  0.198553 0 0.309099 0 0 0.214614  0 0 0 0 0 0  
201.69 5.00993 0.0248701 -2.74503 0 2 0 0 -2.99971  -2.86838 0 1.67402 0 0 -3.15644  -0.0631956 0 0.0309512 0 0 -0.0473835  0.186547 0 0.295032 0 0 0.204117  0 0 0 0 0 0  
