# LF_DEM version v3.0-126-gb72fb1a
# np 1000
# VF 0.76
# Lx 73.993
# Ly 0
# Lz 73.993
# flow_type shear
# data in cl units.
#1: time
#2: cumulated strain
#3: shear rate
#4-9: total stress tensor (xx, xy, xz, yz, yy, zz)
#10-15: contact stress tensor (xx, xy, xz, yz, yy, zz)
#16-21: dashpot stress tensor (xx, xy, xz, yz, yy, zz)
#22-27: hydro stress tensor (xx, xy, xz, yz, yy, zz)
#28-33: repulsion stress tensor (xx, xy, xz, yz, yy, zz)

0.00942478 0.000448357 0.0475721 -2.62381 0 2 0 0 -2.27011  -2.86069 0 1.35873 0 0 -2.65777  -0.103614 0 0.0498363 0 0 -0.102439  0.34049 0 0.591429 0 0 0.490095  0 0 0 0 0 0  
0.942478 0.0363961 0.0368322 -2.67249 0 2 0 0 -2.37481  -2.84651 0 1.50637 0 0 -2.6266  -0.067156 0 0.0439137 0 0 -0.0714885  0.241176 0 0.449714 0 0 0.323273  0 0 0 0 0 0  
1.88496 0.071535 0.0378081 -2.6177 0 2 0 0 -2.46217  -2.77933 0 1.51407 0 0 -2.72674  -0.0505095 0 0.0442008 0 0 -0.0721476  0.21214 0 0.44173 0 0 0.336721  0 0 0 0 0 0  
2.82743 0.106352 0.0367093 -2.57784 0 2 0 0 -2.47031  -2.71288 0 1.52364 0 0 -2.71499  -0.0427519 0 0.0460864 0 0 -0.0786006  0.177797 0 0.430274 0 0 0.323273  0 0 0 0 0 0  
3.76991 0.140293 0.0358302 -2.64486 0 2 0 0 -2.39781  -2.75251 0 1.5393 0 0 -2.63792  -0.0515648 0 0.0463188 0 0 -0.074373  0.159217 0 0.414383 0 0 0.314483  0 0 0 0 0 0  
4.71239 0.174105 0.0354676 -2.70122 0 2 0 0 -2.34333  -2.82529 0 1.50019 0 0 -2.6212  -0.0725976 0 0.0377936 0 0 -0.098511  0.196669 0 0.462021 0 0 0.376386  0 0 0 0 0 0  
5.65487 0.206415 0.0328753 -2.77277 0 2 0 0 -2.45925  -2.88811 0 1.54202 0 0 -2.70402  -0.07507 0 0.0389988 0 0 -0.0845166  0.1904 0 0.418982 0 0 0.329288  0 0 0 0 0 0  
6.59734 0.237508 0.03312 -2.82064 0 2 0 0 -2.53259  -2.93948 0 1.55911 0 0 -2.76809  -0.0628729 0 0.0432425 0 0 -0.0699896  0.181713 0 0.397649 0 0 0.305481  0 0 0 0 0 0  
7.53982 0.268961 0.0334576 -2.79955 0 2 0 0 -2.55157  -2.9307 0 1.56302 0 0 -2.78899  -0.0565071 0 0.0430753 0 0 -0.0681774  0.187664 0 0.3939 0 0 0.305599  0 0 0 0 0 0  
8.4823 0.300847 0.0340157 -2.77738 0 2 0 0 -2.56854  -2.89779 0 1.56029 0 0 -2.78055  -0.05397 0 0.043348 0 0 -0.0669915  0.174379 0 0.396364 0 0 0.279007  0 0 0 0 0 0  
9.42478 0.332405 0.0332531 -2.88508 0 2 0 0 -2.54877  -3.00279 0 1.56945 0 0 -2.74773  -0.0623876 0 0.0409125 0 0 -0.0651721  0.180099 0 0.389642 0 0 0.264131  0 0 0 0 0 0  
10.3673 0.362689 0.0310604 -2.95269 0 2 0 0 -2.59369  -3.04571 0 1.58887 0 0 -2.76164  -0.0565671 0 0.0421683 0 0 -0.0595467  0.149581 0 0.368966 0 0 0.2275  0 0 0 0 0 0  
11.3097 0.390817 0.0286401 -2.99439 0 2 0 0 -2.73506  -3.06712 0 1.62474 0 0 -2.86603  -0.0511083 0 0.0418273 0 0 -0.0525119  0.123841 0 0.333428 0 0 0.183484  0 0 0 0 0 0  
12.2522 0.416915 0.026738 -3.04018 0 2 0 0 -2.94516  -3.12355 0 1.64243 0 0 -3.05414  -0.0438278 0 0.0412913 0 0 -0.0491103  0.1272 0 0.316281 0 0 0.158087  0 0 0 0 0 0  
13.1947 0.441934 0.0262489 -3.10473 0 2 0 0 -2.94358  -3.17979 0 1.65099 0 0 -3.03414  -0.0411144 0 0.0426295 0 0 -0.049698  0.116176 0 0.306376 0 0 0.140258  0 0 0 0 0 0  
14.1372 0.466934 0.0266585 -3.03789 0 2 0 0 -2.97217  -3.12096 0 1.65125 0 0 -3.07662  -0.0433153 0 0.0426893 0 0 -0.0569326  0.126388 0 0.306057 0 0 0.161377  0 0 0 0 0 0  
15.0796 0.492775 0.028233 -2.86034 0 2 0 0 -2.88663  -2.97282 0 1.63309 0 0 -3.03036  -0.0554631 0 0.0362212 0 0 -0.0547385  0.167939 0 0.330688 0 0 0.198463  0 0 0 0 0 0  
16.0221 0.518756 0.0271714 -2.79605 0 2 0 0 -2.85803  -2.91587 0 1.61635 0 0 -3.01763  -0.0593016 0 0.0382144 0 0 -0.063125  0.179117 0 0.345435 0 0 0.222722  0 0 0 0 0 0  
16.9646 0.544467 0.0271306 -2.79115 0 2 0 0 -2.83636  -2.91138 0 1.63894 0 0 -2.99066  -0.0590785 0 0.0388715 0 0 -0.0517913  0.179315 0 0.322188 0 0 0.206087  0 0 0 0 0 0  
17.9071 0.569179 0.0251225 -2.81662 0 2 0 0 -2.84638  -2.92692 0 1.65727 0 0 -3.00419  -0.0563196 0 0.0323958 0 0 -0.0504679  0.166623 0 0.310337 0 0 0.208284  0 0 0 0 0 0  
18.8496 0.592108 0.0233412 -2.87827 0 2 0 0 -2.84298  -2.98257 0 1.70082 0 0 -2.99179  -0.0537879 0 0.0302312 0 0 -0.0483605  0.158081 0 0.268952 0 0 0.197173  0 0 0 0 0 0  
19.792 0.613411 0.0222552 -2.92782 0 2 0 0 -2.89818  -3.03415 0 1.72272 0 0 -3.045  -0.0447139 0 0.0229646 0 0 -0.0464935  0.151042 0 0.254315 0 0 0.193314  0 0 0 0 0 0  
20.7345 0.634173 0.0220329 -2.96695 0 2 0 0 -2.96531  -3.05218 0 1.71976 0 0 -3.09475  -0.0435013 0 0.0251997 0 0 -0.0461271  0.128738 0 0.255042 0 0 0.17557  0 0 0 0 0 0  
21.677 0.655583 0.0230544 -2.96289 0 2 0 0 -2.91364  -3.05777 0 1.7121 0 0 -3.05304  -0.0457564 0 0.0262476 0 0 -0.0541278  0.140637 0 0.261657 0 0 0.193525  0 0 0 0 0 0  
22.6195 0.677313 0.023743 -2.91488 0 2 0 0 -2.86502  -3.0188 0 1.69957 0 0 -3.02076  -0.0508421 0 0.0234642 0 0 -0.054179  0.154766 0 0.276967 0 0 0.209915  0 0 0 0 0 0  
23.5619 0.699854 0.0245751 -2.86957 0 2 0 0 -2.84995  -2.9612 0 1.69364 0 0 -3.0069  -0.0449458 0 0.0270243 0 0 -0.0529718  0.136579 0 0.279334 0 0 0.20992  0 0 0 0 0 0  
24.5044 0.723274 0.0250954 -2.91127 0 2 0 0 -2.83803  -3.01151 0 1.68379 0 0 -2.99466  -0.0450198 0 0.0271569 0 0 -0.0567363  0.145259 0 0.289052 0 0 0.213373  0 0 0 0 0 0  
25.4469 0.746806 0.0247968 -2.9705 0 2 0 0 -2.85576  -3.07309 0 1.68522 0 0 -3.02204  -0.0493622 0 0.0244797 0 0 -0.0580889  0.15195 0 0.290302 0 0 0.224363  0 0 0 0 0 0  
26.3894 0.770724 0.0259397 -3.02288 0 2 0 0 -2.88245  -3.12433 0 1.67122 0 0 -3.0433  -0.0515349 0 0.0300314 0 0 -0.0597123  0.152989 0 0.298745 0 0 0.220563  0 0 0 0 0 0  
27.3319 0.795972 0.0274102 -3.1497 0 2 0 0 -2.94418  -3.2313 0 1.64869 0 0 -3.07923  -0.0478142 0 0.0414585 0 0 -0.0595563  0.129411 0 0.309853 0 0 0.194609  0 0 0 0 0 0  
28.2743 0.82191 0.0274595 -3.17536 0 2 0 0 -3.02311  -3.25408 0 1.6279 0 0 -3.15065  -0.0545158 0 0.0392973 0 0 -0.0726033  0.133238 0 0.332798 0 0 0.200144  0 0 0 0 0 0  
29.2168 0.848107 0.0285534 -3.16013 0 2 0 0 -3.02774  -3.26026 0 1.62343 0 0 -3.17575  -0.060765 0 0.0382739 0 0 -0.0676306  0.160892 0 0.338295 0 0 0.21564  0 0 0 0 0 0  
30.1593 0.874025 0.0265532 -3.16844 0 2 0 0 -3.02899  -3.2663 0 1.65232 0 0 -3.17752  -0.0563918 0 0.0413351 0 0 -0.0563854  0.154251 0 0.306344 0 0 0.204921  0 0 0 0 0 0  
31.1018 0.898173 0.0250975 -3.35152 0 2 0 0 -3.16423  -3.43173 0 1.66744 0 0 -3.30156  -0.0460253 0 0.0362389 0 0 -0.0526156  0.126242 0 0.296317 0 0 0.189942  0 0 0 0 0 0  
32.0442 0.920853 0.02344 -3.59686 0 2 0 0 -3.36788  -3.6552 0 1.70974 0 0 -3.48691  -0.0342059 0 0.0343892 0 0 -0.0424806  0.0925406 0 0.255868 0 0 0.161515  0 0 0 0 0 0  
32.9867 0.942388 0.0226699 -3.65159 0 2 0 0 -3.50618  -3.71665 0 1.73518 0 0 -3.61943  -0.0277916 0 0.0295025 0 0 -0.027592  0.092853 0 0.235313 0 0 0.140842  0 0 0 0 0 0  
33.9292 0.963911 0.0231421 -3.70494 0 2 0 0 -3.57807  -3.76091 0 1.73438 0 0 -3.68344  -0.0319786 0 0.0310683 0 0 -0.0349835  0.0879541 0 0.234552 0 0 0.140355  0 0 0 0 0 0  
34.8717 0.986001 0.0235626 -3.70667 0 2 0 0 -3.52141  -3.75331 0 1.73566 0 0 -3.63723  -0.0297639 0 0.031394 0 0 -0.0332966  0.076409 0 0.232945 0 0 0.149109  0 0 0 0 0 0  
35.8142 1.0087 0.0245295 -3.64866 0 2 0 0 -3.40383  -3.7094 0 1.71276 0 0 -3.52809  -0.0322855 0 0.0320622 0 0 -0.0347672  0.0930289 0 0.255181 0 0 0.159028  0 0 0 0 0 0  
36.7566 1.0321 0.0248595 -3.60539 0 2 0 0 -3.22145  -3.6795 0 1.69054 0 0 -3.36313  -0.0276088 0 0.0390509 0 0 -0.0278774  0.101722 0 0.27041 0 0 0.169554  0 0 0 0 0 0  
37.6991 1.05524 0.0238813 -3.54566 0 2 0 0 -3.08381  -3.62787 0 1.67923 0 0 -3.23009  -0.035614 0 0.0446042 0 0 -0.0289673  0.117829 0 0.276169 0 0 0.175256  0 0 0 0 0 0  
38.6416 1.07802 0.0242918 -3.36716 0 2 0 0 -2.88288  -3.48121 0 1.65655 0 0 -3.07661  -0.034482 0 0.038551 0 0 -0.0329128  0.148526 0 0.304894 0 0 0.226644  0 0 0 0 0 0  
39.5841 1.10112 0.0236987 -3.30985 0 2 0 0 -2.79961  -3.445 0 1.64768 0 0 -2.99569  -0.0385881 0 0.0338863 0 0 -0.0384738  0.173736 0 0.318437 0 0 0.234548  0 0 0 0 0 0  
40.5265 1.12274 0.0225791 -3.33047 0 2 0 0 -2.77563  -3.44127 0 1.6768 0 0 -2.94026  -0.0306296 0 0.0309553 0 0 -0.0330473  0.141428 0 0.292246 0 0 0.197682  0 0 0 0 0 0  
41.469 1.14387 0.0227624 -3.33491 0 2 0 0 -2.82579  -3.45488 0 1.68482 0 0 -2.98774  -0.0445828 0 0.0305699 0 0 -0.0360628  0.164552 0 0.284613 0 0 0.198017  0 0 0 0 0 0  
42.4115 1.16545 0.0235577 -3.28669 0 2 0 0 -2.91754  -3.40158 0 1.6833 0 0 -3.07293  -0.0406563 0 0.0337952 0 0 -0.0360007  0.155543 0 0.282909 0 0 0.191397  0 0 0 0 0 0  
43.354 1.18808 0.024359 -3.15196 0 2 0 0 -2.84303  -3.26281 0 1.67581 0 0 -3.01771  -0.0378775 0 0.0356173 0 0 -0.0271642  0.148727 0 0.288574 0 0 0.20185  0 0 0 0 0 0  
44.2965 1.21095 0.0243368 -3.07344 0 2 0 0 -2.8391  -3.18627 0 1.67477 0 0 -2.9998  -0.0386894 0 0.0366581 0 0 -0.0361254  0.151527 0 0.28857 0 0 0.196826  0 0 0 0 0 0  
45.2389 1.23348 0.0230051 -3.15844 0 2 0 0 -2.99085  -3.23757 0 1.68558 0 0 -3.11122  -0.038588 0 0.0382971 0 0 -0.0427557  0.117719 0 0.276127 0 0 0.163126  0 0 0 0 0 0  
46.1814 1.2546 0.021829 -3.29006 0 2 0 0 -3.20457  -3.36292 0 1.7236 0 0 -3.31547  -0.0331504 0 0.032309 0 0 -0.0345714  0.106015 0 0.244093 0 0 0.145472  0 0 0 0 0 0  
47.1239 1.27507 0.0218201 -3.32189 0 2 0 0 -3.33863  -3.38705 0 1.74476 0 0 -3.43633  -0.02741 0 0.0312176 0 0 -0.0188666  0.0925667 0 0.224023 0 0 0.116565  0 0 0 0 0 0  
48.0664 1.2965 0.0232628 -3.26757 0 2 0 0 -3.36507  -3.3442 0 1.7321 0 0 -3.46185  -0.0310863 0 0.0344136 0 0 -0.0221605  0.107715 0 0.233488 0 0 0.118937  0 0 0 0 0 0  
49.0088 1.31884 0.0242943 -3.15552 0 2 0 0 -3.2528  -3.23665 0 1.7169 0 0 -3.35244  -0.0290364 0 0.0370723 0 0 -0.0260145  0.110162 0 0.24603 0 0 0.125653  0 0 0 0 0 0  
49.9513 1.34167 0.0240848 -3.04143 0 2 0 0 -3.23425  -3.13748 0 1.69236 0 0 -3.36703  -0.0385031 0 0.0333293 0 0 -0.0288391  0.134551 0 0.274315 0 0 0.161614  0 0 0 0 0 0  
50.8938 1.36438 0.0241472 -3.01952 0 2 0 0 -3.12726  -3.14123 0 1.66519 0 0 -3.27311  -0.0456416 0 0.0316436 0 0 -0.0415163  0.167354 0 0.303168 0 0 0.187358  0 0 0 0 0 0  
51.8363 1.3871 0.0241291 -3.00606 0 2 0 0 -3.01853  -3.12569 0 1.66562 0 0 -3.15859  -0.0462537 0 0.0355685 0 0 -0.0351438  0.165887 0 0.298816 0 0 0.175207  0 0 0 0 0 0  
52.7788 1.40975 0.0237764 -3.07884 0 2 0 0 -3.02775  -3.19186 0 1.67492 0 0 -3.16358  -0.051232 0 0.0371964 0 0 -0.0393777  0.164255 0 0.287887 0 0 0.175213  0 0 0 0 0 0  
53.7212 1.43101 0.0219011 -3.20588 0 2 0 0 -3.09435  -3.30226 0 1.70506 0 0 -3.22071  -0.0480289 0 0.0347507 0 0 -0.0328529  0.144403 0 0.260194 0 0 0.159213  0 0 0 0 0 0  
54.6637 1.45092 0.0202528 -3.22198 0 2 0 0 -3.22147  -3.30907 0 1.7388 0 0 -3.33754  -0.0399552 0 0.0317764 0 0 -0.0309468  0.127048 0 0.22942 0 0 0.147024  0 0 0 0 0 0  
55.6062 1.47024 0.0206804 -3.19617 0 2 0 0 -3.33223  -3.30186 0 1.74533 0 0 -3.46817  -0.0301887 0 0.0238418 0 0 -0.0294379  0.135881 0 0.230827 0 0 0.165386  0 0 0 0 0 0  
56.5487 1.49009 0.0214852 -3.20515 0 2 0 0 -3.3526  -3.30456 0 1.74133 0 0 -3.48316  -0.0310758 0 0.0278307 0 0 -0.0276704  0.130487 0 0.230838 0 0 0.158229  0 0 0 0 0 0  
57.4911 1.51065 0.0220119 -3.14011 0 2 0 0 -3.31352  -3.24033 0 1.72374 0 0 -3.44802  -0.0354809 0 0.0343748 0 0 -0.0289037  0.13571 0 0.241883 0 0 0.163405  0 0 0 0 0 0  
58.4336 1.53155 0.0220416 -3.09533 0 2 0 0 -3.2291  -3.20417 0 1.71271 0 0 -3.3776  -0.0410621 0 0.0323954 0 0 -0.023505  0.149903 0 0.254891 0 0 0.172004  0 0 0 0 0 0  
59.3761 1.5522 0.0216827 -3.02923 0 2 0 0 -3.07548  -3.14567 0 1.70657 0 0 -3.22752  -0.0384034 0 0.032339 0 0 -0.0242403  0.154841 0 0.26109 0 0 0.176285  0 0 0 0 0 0  
60.3186 1.57278 0.0219778 -2.95858 0 2 0 0 -2.94079  -3.07584 0 1.70778 0 0 -3.09559  -0.0395281 0 0.0346888 0 0 -0.028046  0.156783 0 0.257534 0 0 0.182839  0 0 0 0 0 0  
61.2611 1.59359 0.0221742 -2.84445 0 2 0 0 -2.85998  -2.98883 0 1.68301 0 0 -3.02354  -0.0465867 0 0.0308798 0 0 -0.0443806  0.19097 0 0.286107 0 0 0.207939  0 0 0 0 0 0  
62.2035 1.61483 0.0229016 -2.83719 0 2 0 0 -2.79433  -2.9735 0 1.67858 0 0 -2.96168  -0.0411918 0 0.0283074 0 0 -0.0399732  0.177502 0 0.293112 0 0 0.207327  0 0 0 0 0 0  
63.146 1.63679 0.0233793 -2.8668 0 2 0 0 -2.78378  -2.99146 0 1.66989 0 0 -2.95162  -0.0368907 0 0.0272454 0 0 -0.0414541  0.161545 0 0.302862 0 0 0.209292  0 0 0 0 0 0  
64.0885 1.65856 0.0227696 -2.91531 0 2 0 0 -2.76533  -3.02548 0 1.69659 0 0 -2.92325  -0.0349761 0 0.029226 0 0 -0.0390928  0.145149 0 0.274187 0 0 0.197011  0 0 0 0 0 0  
65.031 1.68019 0.0226652 -2.93475 0 2 0 0 -2.78473  -3.02032 0 1.7052 0 0 -2.94423  -0.0307917 0 0.0323124 0 0 -0.0358652  0.116365 0 0.26249 0 0 0.195368  0 0 0 0 0 0  
65.9734 1.70209 0.0233794 -2.86994 0 2 0 0 -2.69834  -2.97028 0 1.68775 0 0 -2.89723  -0.0443809 0 0.0305447 0 0 -0.0346029  0.144718 0 0.281703 0 0 0.233496  0 0 0 0 0 0  
66.9159 1.72474 0.024987 -2.94835 0 2 0 0 -2.71721  -3.05485 0 1.66487 0 0 -2.90832  -0.0556473 0 0.0328207 0 0 -0.0422433  0.162153 0 0.302308 0 0 0.233352  0 0 0 0 0 0  
67.8584 1.74829 0.0247188 -3.16399 0 2 0 0 -2.87324  -3.24513 0 1.68127 0 0 -3.03573  -0.055863 0 0.033222 0 0 -0.0358473  0.137002 0 0.285512 0 0 0.198335  0 0 0 0 0 0  
68.8009 1.77142 0.0247438 -3.29135 0 2 0 0 -3.02275  -3.35958 0 1.69605 0 0 -3.15841  -0.0511177 0 0.0383997 0 0 -0.0345396  0.119347 0 0.265553 0 0 0.170195  0 0 0 0 0 0  
69.7434 1.79444 0.0236275 -3.32328 0 2 0 0 -3.09237  -3.39227 0 1.7125 0 0 -3.22206  -0.0430492 0 0.035653 0 0 -0.0267953  0.112035 0 0.251848 0 0 0.156484  0 0 0 0 0 0  
70.6858 1.81728 0.0245981 -3.34437 0 2 0 0 -3.10902  -3.42275 0 1.71394 0 0 -3.24367  -0.0474963 0 0.0358659 0 0 -0.0333251  0.125874 0 0.250191 0 0 0.167977  0 0 0 0 0 0  
71.6283 1.84046 0.0240557 -3.37385 0 2 0 0 -3.02834  -3.44918 0 1.70809 0 0 -3.16659  -0.0454681 0 0.0349305 0 0 -0.0375835  0.120805 0 0.256976 0 0 0.175834  0 0 0 0 0 0  
72.5708 1.86363 0.025185 -3.26868 0 2 0 0 -2.87002  -3.36253 0 1.68712 0 0 -3.0158  -0.0488072 0 0.0287259 0 0 -0.0394944  0.142657 0 0.28415 0 0 0.185271  0 0 0 0 0 0  
73.5133 1.88832 0.0274661 -3.08836 0 2 0 0 -2.63077  -3.18742 0 1.65142 0 0 -2.78496  -0.0552963 0 0.0321807 0 0 -0.0540505  0.154358 0 0.316398 0 0 0.208233  0 0 0 0 0 0  
74.4557 1.91445 0.0274185 -2.92432 0 2 0 0 -2.51476  -3.0386 0 1.62524 0 0 -2.6614  -0.0585775 0 0.0358534 0 0 -0.0596778  0.172866 0 0.338903 0 0 0.206313  0 0 0 0 0 0  
75.3982 1.93986 0.0265708 -2.89097 0 2 0 0 -2.49929  -3.01895 0 1.61575 0 0 -2.65124  -0.0649472 0 0.0313135 0 0 -0.0633876  0.192934 0 0.352936 0 0 0.215338  0 0 0 0 0 0  
76.3407 1.96482 0.0269544 -2.88037 0 2 0 0 -2.59269  -2.99965 0 1.6101 0 0 -2.76112  -0.0636727 0 0.036762 0 0 -0.0585767  0.182957 0 0.353137 0 0 0.226997  0 0 0 0 0 0  
77.2832 1.99001 0.0263567 -2.83221 0 2 0 0 -2.63364  -2.96265 0 1.62971 0 0 -2.83787  -0.059127 0 0.0341934 0 0 -0.0529502  0.189571 0 0.336096 0 0 0.257177  0 0 0 0 0 0  
78.2257 2.01433 0.0255251 -2.90787 0 2 0 0 -2.69642  -3.02421 0 1.63335 0 0 -2.88691  -0.0531912 0 0.0352316 0 0 -0.0483458  0.169529 0 0.331423 0 0 0.238839  0 0 0 0 0 0  
79.1681 2.03729 0.0236147 -2.88842 0 2 0 0 -2.7889  -3.01222 0 1.65819 0 0 -2.96143  -0.0530654 0 0.0335894 0 0 -0.0478022  0.176872 0 0.308217 0 0 0.220325  0 0 0 0 0 0  
80.1106 2.05936 0.0236299 -2.9103 0 2 0 0 -2.95459  -3.02364 0 1.65486 0 0 -3.10924  -0.060988 0 0.0324164 0 0 -0.0578559  0.174318 0 0.312724 0 0 0.212509  0 0 0 0 0 0  
81.0531 2.08175 0.0238969 -2.97022 0 2 0 0 -3.00152  -3.06653 0 1.67328 0 0 -3.14237  -0.0545798 0 0.0327864 0 0 -0.0540886  0.150883 0 0.293937 0 0 0.194936  0 0 0 0 0 0  
81.9956 2.10409 0.0234049 -3.04843 0 2 0 0 -2.98196  -3.1376 0 1.69092 0 0 -3.13297  -0.0497024 0 0.0347606 0 0 -0.045948  0.138872 0 0.274315 0 0 0.196958  0 0 0 0 0 0  
82.938 2.12556 0.022363 -3.19904 0 2 0 0 -2.94963  -3.27514 0 1.71021 0 0 -3.09622  -0.0414392 0 0.0331881 0 0 -0.0411061  0.117541 0 0.256599 0 0 0.187704  0 0 0 0 0 0  
83.8805 2.14639 0.0217595 -3.28033 0 2 0 0 -2.98065  -3.37977 0 1.71466 0 0 -3.12454  -0.0436432 0 0.0284128 0 0 -0.0418647  0.143081 0 0.256931 0 0 0.185758  0 0 0 0 0 0  
84.823 2.16691 0.0218144 -3.29516 0 2 0 0 -2.99326  -3.41806 0 1.71275 0 0 -3.15395  -0.0411746 0 0.0282686 0 0 -0.0351163  0.164071 0 0.25898 0 0 0.195804  0 0 0 0 0 0  
85.7655 2.18769 0.0220278 -3.28189 0 2 0 0 -2.95887  -3.39571 0 1.71258 0 0 -3.11179  -0.040498 0 0.0280877 0 0 -0.0387858  0.154319 0 0.259336 0 0 0.191712  0 0 0 0 0 0  
86.708 2.20864 0.0226531 -3.33612 0 2 0 0 -2.91561  -3.44696 0 1.71359 0 0 -3.08108  -0.0381387 0 0.0304733 0 0 -0.0311962  0.148986 0 0.255941 0 0 0.196672  0 0 0 0 0 0  
87.6504 2.2302 0.0233077 -3.42044 0 2 0 0 -2.8503  -3.53456 0 1.69933 0 0 -3.01506  -0.0373362 0 0.0342029 0 0 -0.0363961  0.151457 0 0.266463 0 0 0.201161  0 0 0 0 0 0  
88.5929 2.25214 0.0233374 -3.43182 0 2 0 0 -2.81937  -3.54915 0 1.68181 0 0 -2.99535  -0.0460515 0 0.0305536 0 0 -0.0498692  0.163374 0 0.287638 0 0 0.225848  0 0 0 0 0 0  
89.5354 2.27419 0.0232741 -3.33317 0 2 0 0 -2.76295  -3.45046 0 1.67967 0 0 -2.93019  -0.0446023 0 0.0371301 0 0 -0.0480502  0.161887 0 0.283204 0 0 0.215284  0 0 0 0 0 0  
90.4779 2.29596 0.0226119 -3.18457 0 2 0 0 -2.68674  -3.3219 0 1.68103 0 0 -2.85608  -0.04171 0 0.0368191 0 0 -0.0451648  0.179045 0 0.28215 0 0 0.214499  0 0 0 0 0 0  
91.4203 2.3172 0.0222073 -3.14444 0 2 0 0 -2.65536  -3.29087 0 1.6926 0 0 -2.82555  -0.0363343 0 0.0307817 0 0 -0.0439036  0.182757 0 0.276619 0 0 0.214091  0 0 0 0 0 0  
92.3628 2.33824 0.0222446 -3.00219 0 2 0 0 -2.70577  -3.16018 0 1.69373 0 0 -2.86626  -0.0361621 0 0.0268663 0 0 -0.0493793  0.19416 0 0.279407 0 0 0.209866  0 0 0 0 0 0  
93.3053 2.36006 0.0235593 -2.88081 0 2 0 0 -2.80687  -3.0268 0 1.67191 0 0 -2.98029  -0.0419868 0 0.0234897 0 0 -0.057927  0.187975 0 0.304603 0 0 0.231345  0 0 0 0 0 0  
94.2478 2.38205 0.0231467 -2.84557 0 2 0 0 -2.90189  -2.96522 0 1.6877 0 0 -3.05228  -0.0379606 0 0.0257555 0 0 -0.05341  0.157609 0 0.286549 0 0 0.203804  0 0 0 0 0 0  
95.1903 2.40423 0.0237817 -2.91984 0 2 0 0 -3.00224  -3.02047 0 1.69887 0 0 -3.12654  -0.0321345 0 0.028612 0 0 -0.0443666  0.132763 0 0.272514 0 0 0.16867  0 0 0 0 0 0  
96.1327 2.42663 0.0238298 -2.92729 0 2 0 0 -3.03235  -3.02639 0 1.69297 0 0 -3.16791  -0.0369993 0 0.0299176 0 0 -0.0415076  0.136099 0 0.277116 0 0 0.177063  0 0 0 0 0 0  
97.0752 2.44915 0.0240985 -2.88819 0 2 0 0 -3.07778  -2.99245 0 1.6763 0 0 -3.24438  -0.0389095 0 0.0293211 0 0 -0.0488885  0.143165 0 0.294381 0 0 0.215495  0 0 0 0 0 0  
98.0177 2.47269 0.0255877 -2.82893 0 2 0 0 -3.1424  -2.92767 0 1.65527 0 0 -3.30277  -0.0375305 0 0.0356558 0 0 -0.0547923  0.136269 0 0.309071 0 0 0.215156  0 0 0 0 0 0  
98.9602 2.4978 0.0277722 -2.65477 0 2 0 0 -3.1247  -2.77491 0 1.61253 0 0 -3.30483  -0.0516044 0 0.0310442 0 0 -0.0650772  0.171743 0 0.35643 0 0 0.245213  0 0 0 0 0 0  
99.9026 2.52418 0.0283139 -2.55716 0 2 0 0 -3.02832  -2.68604 0 1.61321 0 0 -3.21577  -0.0598516 0 0.0345744 0 0 -0.0554895  0.188731 0 0.352215 0 0 0.242937  0 0 0 0 0 0  
100.845 2.55197 0.0304021 -2.54068 0 2 0 0 -2.90208  -2.70771 0 1.57116 0 0 -3.11767  -0.0618899 0 0.0367288 0 0 -0.0592128  0.228926 0 0.392112 0 0 0.274806  0 0 0 0 0 0  
101.788 2.58097 0.0311194 -2.45411 0 2 0 0 -2.73555  -2.6397 0 1.55788 0 0 -2.94851  -0.0677767 0 0.0332907 0 0 -0.0718457  0.253369 0 0.408828 0 0 0.28481  0 0 0 0 0 0  
102.73 2.60996 0.0307582 -2.37333 0 2 0 0 -2.73904  -2.56095 0 1.55552 0 0 -2.95845  -0.0655958 0 0.0363029 0 0 -0.0725122  0.253225 0 0.408181 0 0 0.291928  0 0 0 0 0 0  
103.673 2.63925 0.030569 -2.3616 0 2 0 0 -2.84047  -2.52834 0 1.582 0 0 -3.03749  -0.0571075 0 0.0349746 0 0 -0.0580992  0.223849 0 0.383022 0 0 0.255114  0 0 0 0 0 0  
104.615 2.66802 0.0307656 -2.3625 0 2 0 0 -2.90057  -2.51694 0 1.59038 0 0 -3.08195  -0.0626931 0 0.0386605 0 0 -0.059425  0.217138 0 0.370961 0 0 0.240801  0 0 0 0 0 0  
105.558 2.69722 0.031122 -2.35583 0 2 0 0 -2.82869  -2.50328 0 1.56664 0 0 -3.01708  -0.0693166 0 0.0379733 0 0 -0.0801674  0.216762 0 0.395385 0 0 0.268559  0 0 0 0 0 0  
106.5 2.72626 0.0305484 -2.49411 0 2 0 0 -2.75528  -2.64788 0 1.56876 0 0 -2.94892  -0.0802793 0 0.0292464 0 0 -0.097599  0.234047 0 0.401991 0 0 0.291237  0 0 0 0 0 0  
107.442 2.75506 0.0300097 -2.61113 0 2 0 0 -2.74174  -2.74309 0 1.58521 0 0 -2.91627  -0.0739708 0 0.0336896 0 0 -0.0823919  0.205923 0 0.381103 0 0 0.256916  0 0 0 0 0 0  
108.385 2.78314 0.0295892 -2.72249 0 2 0 0 -2.84028  -2.82466 0 1.59558 0 0 -2.9844  -0.0682435 0 0.0402971 0 0 -0.0728452  0.170411 0 0.364124 0 0 0.216968  0 0 0 0 0 0  
109.327 2.81073 0.0287263 -2.80498 0 2 0 0 -2.93603  -2.8865 0 1.62892 0 0 -3.07977  -0.0690517 0 0.0430076 0 0 -0.0701996  0.150574 0 0.328071 0 0 0.213938  0 0 0 0 0 0  
110.27 2.83787 0.0283927 -2.90453 0 2 0 0 -2.94224  -3.00449 0 1.6442 0 0 -3.09206  -0.0615093 0 0.037493 0 0 -0.0617081  0.161467 0 0.318305 0 0 0.211524  0 0 0 0 0 0  
111.212 2.86445 0.028521 -2.90379 0 2 0 0 -2.81742  -3.01636 0 1.6312 0 0 -2.97968  -0.0557016 0 0.039062 0 0 -0.0514387  0.168275 0 0.329738 0 0 0.213698  0 0 0 0 0 0  
112.155 2.89169 0.0289927 -2.86584 0 2 0 0 -2.65024  -3.00448 0 1.61011 0 0 -2.84342  -0.060298 0 0.0324506 0 0 -0.0706671  0.198936 0 0.357443 0 0 0.263841  0 0 0 0 0 0  
113.097 2.91913 0.0288203 -2.86848 0 2 0 0 -2.5587  -3.00569 0 1.62253 0 0 -2.76634  -0.0539518 0 0.0306219 0 0 -0.052775  0.191159 0 0.346849 0 0 0.260408  0 0 0 0 0 0  
114.04 2.94573 0.0275745 -2.84242 0 2 0 0 -2.5465  -2.97164 0 1.62914 0 0 -2.75672  -0.0576679 0 0.0296797 0 0 -0.0559157  0.186891 0 0.341178 0 0 0.266143  0 0 0 0 0 0  
114.982 2.97132 0.0267585 -2.85335 0 2 0 0 -2.55957  -2.97545 0 1.63678 0 0 -2.76656  -0.0576662 0 0.0279272 0 0 -0.0575157  0.17976 0 0.335293 0 0 0.264506  0 0 0 0 0 0  
115.925 2.99622 0.0265157 -2.82443 0 2 0 0 -2.55909  -2.9384 0 1.64004 0 0 -2.75281  -0.0551796 0 0.0314847 0 0 -0.043756  0.169149 0 0.32848 0 0 0.237475  0 0 0 0 0 0  
116.867 3.02145 0.0270116 -2.85843 0 2 0 0 -2.59347  -2.97479 0 1.63704 0 0 -2.78705  -0.0474509 0 0.0354704 0 0 -0.0479583  0.163815 0 0.327492 0 0 0.24154  0 0 0 0 0 0  
117.81 3.04693 0.0271175 -2.89501 0 2 0 0 -2.66986  -3.00324 0 1.638 0 0 -2.85292  -0.0471395 0 0.0398009 0 0 -0.0428069  0.155366 0 0.322203 0 0 0.225867  0 0 0 0 0 0  
118.752 3.07251 0.0273637 -2.97576 0 2 0 0 -2.74159  -3.06304 0 1.63767 0 0 -2.93176  -0.0499903 0 0.0398481 0 0 -0.0555329  0.137274 0 0.32248 0 0 0.245705  0 0 0 0 0 0  
119.695 3.09767 0.0260273 -3.03177 0 2 0 0 -2.77812  -3.10815 0 1.65165 0 0 -2.96702  -0.0511633 0 0.0349286 0 0 -0.0522845  0.127545 0 0.31342 0 0 0.241189  0 0 0 0 0 0  
120.637 3.12191 0.026062 -3.09952 0 2 0 0 -2.89346  -3.16822 0 1.65887 0 0 -3.07631  -0.0408888 0 0.0347995 0 0 -0.0408027  0.109592 0 0.306329 0 0 0.223658  0 0 0 0 0 0  
121.58 3.14676 0.0262164 -3.05363 0 2 0 0 -2.92302  -3.12835 0 1.65504 0 0 -3.09756  -0.0388737 0 0.0390091 0 0 -0.054748  0.113596 0 0.305953 0 0 0.229296  0 0 0 0 0 0  
122.522 3.17167 0.0265162 -2.96695 0 2 0 0 -2.94638  -3.05483 0 1.64311 0 0 -3.11198  -0.0348827 0 0.0399906 0 0 -0.0445182  0.122762 0 0.316896 0 0 0.210119  0 0 0 0 0 0  
123.465 3.1967 0.0269098 -2.84429 0 2 0 0 -2.97289  -2.96001 0 1.63388 0 0 -3.1592  -0.0365408 0 0.0387226 0 0 -0.0488942  0.152257 0 0.327393 0 0 0.235206  0 0 0 0 0 0  
124.407 3.22228 0.0268534 -2.78638 0 2 0 0 -2.99917  -2.89982 0 1.63999 0 0 -3.18479  -0.0412572 0 0.0393838 0 0 -0.0443955  0.154693 0 0.32063 0 0 0.23002  0 0 0 0 0 0  
125.35 3.24783 0.0277025 -2.68729 0 2 0 0 -3.03889  -2.80476 0 1.64705 0 0 -3.2241  -0.0338294 0 0.0345225 0 0 -0.0397864  0.151295 0 0.318429 0 0 0.225001  0 0 0 0 0 0  
126.292 3.27394 0.027994 -2.57883 0 2 0 0 -3.03971  -2.699 0 1.62079 0 0 -3.2269  -0.0443377 0 0.0351337 0 0 -0.038442  0.164511 0 0.344081 0 0 0.225633  0 0 0 0 0 0  
127.235 3.30116 0.0293936 -2.49507 0 2 0 0 -2.96004  -2.6259 0 1.61139 0 0 -3.17362  -0.0496261 0 0.0378867 0 0 -0.0465707  0.180453 0 0.350727 0 0 0.260151  0 0 0 0 0 0  
128.177 3.32898 0.0296395 -2.5563 0 2 0 0 -2.85036  -2.65515 0 1.59412 0 0 -3.04163  -0.058383 0 0.0431901 0 0 -0.0518022  0.157235 0 0.36269 0 0 0.243064  0 0 0 0 0 0  
129.119 3.35779 0.0313631 -2.57513 0 2 0 0 -2.74382  -2.69931 0 1.56595 0 0 -2.97352  -0.0676528 0 0.043733 0 0 -0.0646284  0.191831 0 0.390321 0 0 0.294325  0 0 0 0 0 0  
130.062 3.38734 0.0313987 -2.51006 0 2 0 0 -2.65331  -2.66402 0 1.55684 0 0 -2.89795  -0.0721958 0 0.0394258 0 0 -0.069972  0.226157 0 0.403736 0 0 0.314614  0 0 0 0 0 0  
131.004 3.41682 0.0307721 -2.45929 0 2 0 0 -2.62738  -2.62289 0 1.55794 0 0 -2.89358  -0.075156 0 0.0331859 0 0 -0.0671932  0.238755 0 0.408874 0 0 0.333387  0 0 0 0 0 0  
131.947 3.44574 0.0301077 -2.4617 0 2 0 0 -2.67258  -2.58784 0 1.58659 0 0 -2.90689  -0.067645 0 0.0365188 0 0 -0.0513732  0.19379 0 0.376896 0 0 0.285683  0 0 0 0 0 0  
132.889 3.47317 0.0285591 -2.60354 0 2 0 0 -2.75577  -2.72379 0 1.62823 0 0 -2.9679  -0.0595011 0 0.0329976 0 0 -0.0411693  0.179746 0 0.338772 0 0 0.253299  0 0 0 0 0 0  
133.832 3.49948 0.0275509 -2.72129 0 2 0 0 -2.82714  -2.81494 0 1.6482 0 0 -3.00698  -0.0550844 0 0.0356362 0 0 -0.0392528  0.148729 0 0.316162 0 0 0.219091  0 0 0 0 0 0  
134.774 3.52504 0.0265108 -2.74862 0 2 0 0 -2.80967  -2.84708 0 1.6532 0 0 -2.99121  -0.0613977 0 0.0336361 0 0 -0.0467735  0.159853 0 0.313165 0 0 0.228322  0 0 0 0 0 0  
135.717 3.54977 0.025497 -2.7264 0 2 0 0 -2.72541  -2.84474 0 1.65305 0 0 -2.89964  -0.0597444 0 0.0318261 0 0 -0.0540084  0.178084 0 0.315126 0 0 0.228238  0 0 0 0 0 0  
136.659 3.5737 0.0248299 -2.78825 0 2 0 0 -2.82077  -2.90517 0 1.66419 0 0 -2.97739  -0.0571689 0 0.0306313 0 0 -0.0516038  0.174096 0 0.305179 0 0 0.208226  0 0 0 0 0 0  
137.602 3.59719 0.024532 -2.87009 0 2 0 0 -2.9766  -2.97726 0 1.66531 0 0 -3.12302  -0.0553923 0 0.0294455 0 0 -0.0527089  0.162569 0 0.305249 0 0 0.199123  0 0 0 0 0 0  
138.544 3.62048 0.0251823 -2.97217 0 2 0 0 -2.97661  -3.06004 0 1.66262 0 0 -3.11509  -0.0507064 0 0.0290535 0 0 -0.0447828  0.138576 0 0.308323 0 0 0.183263  0 0 0 0 0 0  
139.487 3.64427 0.0254856 -3.0158 0 2 0 0 -3.01326  -3.11022 0 1.66135 0 0 -3.15784  -0.0477363 0 0.0305084 0 0 -0.0390619  0.142159 0 0.308146 0 0 0.183635  0 0 0 0 0 0  
140.429 3.66894 0.0262862 -3.10555 0 2 0 0 -3.14833  -3.18715 0 1.66473 0 0 -3.28282  -0.0507365 0 0.0348078 0 0 -0.0398369  0.132332 0 0.300457 0 0 0.174325  0 0 0 0 0 0  
141.372 3.69396 0.0268171 -3.14711 0 2 0 0 -3.10417  -3.21873 0 1.65725 0 0 -3.24414  -0.0548102 0 0.0370267 0 0 -0.0447421  0.126422 0 0.305727 0 0 0.184716  0 0 0 0 0 0  
142.314 3.71885 0.0263475 -3.19482 0 2 0 0 -2.91546  -3.28763 0 1.64857 0 0 -3.07756  -0.0502546 0 0.0390389 0 0 -0.042727  0.143062 0 0.312388 0 0 0.204828  0 0 0 0 0 0  
143.257 3.74376 0.0259884 -3.25777 0 2 0 0 -2.79445  -3.37486 0 1.63632 0 0 -2.96155  -0.0609821 0 0.0344905 0 0 -0.0572601  0.178071 0 0.329189 0 0 0.224358  0 0 0 0 0 0  
144.199 3.76877 0.0269386 -3.29222 0 2 0 0 -2.74471  -3.41408 0 1.63239 0 0 -2.93437  -0.0596153 0 0.0358694 0 0 -0.0607597  0.181472 0 0.331743 0 0 0.25042  0 0 0 0 0 0  
145.142 3.79406 0.0267245 -3.32836 0 2 0 0 -2.79565  -3.42785 0 1.63411 0 0 -2.97679  -0.063882 0 0.0328489 0 0 -0.0649605  0.163373 0 0.333041 0 0 0.246103  0 0 0 0 0 0  
146.084 3.81946 0.0269262 -3.34615 0 2 0 0 -2.86035  -3.42768 0 1.64202 0 0 -3.01504  -0.0570268 0 0.0356332 0 0 -0.0581527  0.138556 0 0.322343 0 0 0.212842  0 0 0 0 0 0  
147.027 3.84423 0.0257751 -3.34502 0 2 0 0 -2.85791  -3.39701 0 1.66527 0 0 -2.99966  -0.0548119 0 0.0414512 0 0 -0.0532961  0.106803 0 0.293276 0 0 0.195045  0 0 0 0 0 0  
147.969 3.86842 0.025087 -3.40959 0 2 0 0 -2.78522  -3.46454 0 1.68941 0 0 -2.92684  -0.0511058 0 0.0359835 0 0 -0.0453232  0.106058 0 0.274611 0 0 0.186937  0 0 0 0 0 0  
148.911 3.89212 0.0250157 -3.42442 0 2 0 0 -2.78709  -3.48989 0 1.6889 0 0 -2.93035  -0.045061 0 0.0384662 0 0 -0.0297467  0.110539 0 0.272632 0 0 0.17301  0 0 0 0 0 0  
149.854 3.91587 0.0251565 -3.37653 0 2 0 0 -2.68996  -3.4555 0 1.69156 0 0 -2.84363  -0.0429122 0 0.0365843 0 0 -0.0179958  0.121876 0 0.271858 0 0 0.171666  0 0 0 0 0 0  
150.796 3.93974 0.0251609 -3.36873 0 2 0 0 -2.56658  -3.44981 0 1.69261 0 0 -2.72056  -0.0419242 0 0.0366998 0 0 -0.0202  0.123006 0 0.270692 0 0 0.174185  0 0 0 0 0 0  
151.739 3.96336 0.0253404 -3.42011 0 2 0 0 -2.58224  -3.51575 0 1.69286 0 0 -2.74404  -0.0435672 0 0.0321899 0 0 -0.0272591  0.139202 0 0.274947 0 0 0.189064  0 0 0 0 0 0  
152.681 3.98713 0.0247832 -3.45413 0 2 0 0 -2.49829  -3.55869 0 1.68454 0 0 -2.67514  -0.0418152 0 0.0308055 0 0 -0.0260945  0.146374 0 0.284653 0 0 0.20294  0 0 0 0 0 0  
153.624 4.01038 0.024771 -3.39152 0 2 0 0 -2.42244  -3.51617 0 1.66224 0 0 -2.61256  -0.0481226 0 0.0333441 0 0 -0.0454834  0.172773 0 0.304413 0 0 0.235598  0 0 0 0 0 0  
154.566 4.03412 0.0250499 -3.29529 0 2 0 0 -2.43288  -3.43573 0 1.64046 0 0 -2.62713  -0.0573072 0 0.0322924 0 0 -0.0582683  0.197743 0 0.327247 0 0 0.252515  0 0 0 0 0 0  
155.509 4.05747 0.0240495 -3.2924 0 2 0 0 -2.58151  -3.41994 0 1.66779 0 0 -2.75131  -0.0450993 0 0.0342915 0 0 -0.0517754  0.172647 0 0.297921 0 0 0.221582  0 0 0 0 0 0  
156.451 4.0798 0.0229795 -3.34411 0 2 0 0 -2.7061  -3.46477 0 1.69287 0 0 -2.85755  -0.0337064 0 0.034718 0 0 -0.0419041  0.154366 0 0.272412 0 0 0.193355  0 0 0 0 0 0  
157.394 4.10163 0.0234521 -3.31088 0 2 0 0 -2.74989  -3.43121 0 1.68339 0 0 -2.92682  -0.0373522 0 0.0285542 0 0 -0.0411854  0.157685 0 0.288051 0 0 0.218109  0 0 0 0 0 0  
158.336 4.12333 0.0226326 -3.31076 0 2 0 0 -2.838  -3.41836 0 1.70069 0 0 -3.00041  -0.037465 0 0.0307578 0 0 -0.0407918  0.145071 0 0.268548 0 0 0.203195  0 0 0 0 0 0  
159.279 4.14497 0.0229796 -3.31178 0 2 0 0 -2.93403  -3.41456 0 1.69146 0 0 -3.07399  -0.0387586 0 0.0358045 0 0 -0.0462647  0.141534 0 0.272733 0 0 0.18622  0 0 0 0 0 0  
160.221 4.16693 0.0231996 -3.23189 0 2 0 0 -2.87264  -3.34246 0 1.69241 0 0 -3.00398  -0.0336358 0 0.035541 0 0 -0.0415084  0.144206 0 0.272048 0 0 0.172844  0 0 0 0 0 0  
161.164 4.18882 0.0236541 -3.15152 0 2 0 0 -2.83344  -3.26146 0 1.67438 0 0 -2.96568  -0.0328368 0 0.0384971 0 0 -0.0466781  0.14278 0 0.287124 0 0 0.178921  0 0 0 0 0 0  
162.106 4.21158 0.0246589 -3.0398 0 2 0 0 -2.87475  -3.15416 0 1.65558 0 0 -3.01632  -0.0384311 0 0.0374562 0 0 -0.0568798  0.152787 0 0.306968 0 0 0.19845  0 0 0 0 0 0  
163.049 4.2346 0.0239103 -2.98176 0 2 0 0 -2.94953  -3.09308 0 1.66126 0 0 -3.08507  -0.0470241 0 0.0388023 0 0 -0.0559935  0.158342 0 0.299935 0 0 0.191534  0 0 0 0 0 0  
163.991 4.25743 0.0245876 -2.96167 0 2 0 0 -2.98812  -3.07934 0 1.65686 0 0 -3.11878  -0.0510905 0 0.0399399 0 0 -0.0532603  0.168769 0 0.303196 0 0 0.183926  0 0 0 0 0 0  
164.934 4.28064 0.0247357 -2.95816 0 2 0 0 -3.07588  -3.07178 0 1.66974 0 0 -3.20714  -0.0451806 0 0.0368428 0 0 -0.0508749  0.158807 0 0.293417 0 0 0.182136  0 0 0 0 0 0  
165.876 4.3035 0.0235775 -2.81535 0 2 0 0 -3.13723  -2.92176 0 1.67791 0 0 -3.28327  -0.0450052 0 0.0329069 0 0 -0.0457155  0.151413 0 0.289186 0 0 0.191747  0 0 0 0 0 0  
166.819 4.32573 0.0232282 -2.77446 0 2 0 0 -3.24404  -2.86598 0 1.67983 0 0 -3.3771  -0.0392124 0 0.037637 0 0 -0.0394665  0.130731 0 0.282535 0 0 0.172523  0 0 0 0 0 0  
167.761 4.34795 0.0236693 -2.76178 0 2 0 0 -3.24182  -2.85539 0 1.67801 0 0 -3.38198  -0.0435481 0 0.0364584 0 0 -0.0334077  0.137159 0 0.285531 0 0 0.173574  0 0 0 0 0 0  
168.704 4.37066 0.0250492 -2.73491 0 2 0 0 -3.17912  -2.83981 0 1.65711 0 0 -3.3327  -0.0455611 0 0.0396056 0 0 -0.0349873  0.150461 0 0.303285 0 0 0.18857  0 0 0 0 0 0  
169.646 4.3949 0.0262555 -2.67628 0 2 0 0 -3.06885  -2.80022 0 1.6409 0 0 -3.24436  -0.0509343 0 0.0387446 0 0 -0.0374062  0.17487 0 0.320353 0 0 0.212914  0 0 0 0 0 0  
170.588 4.42043 0.028196 -2.68179 0 2 0 0 -2.94872  -2.82355 0 1.60803 0 0 -3.14368  -0.0565563 0 0.0402916 0 0 -0.0497133  0.198319 0 0.351677 0 0 0.244677  0 0 0 0 0 0  
171.531 4.4475 0.0291469 -2.69306 0 2 0 0 -2.90558  -2.82428 0 1.60951 0 0 -3.09523  -0.0608731 0 0.0431574 0 0 -0.055983  0.192089 0 0.347328 0 0 0.245633  0 0 0 0 0 0  
172.473 4.47581 0.0299898 -2.75485 0 2 0 0 -2.90355  -2.90483 0 1.59169 0 0 -3.10453  -0.0725488 0 0.0379699 0 0 -0.0725905  0.22253 0 0.370344 0 0 0.273572  0 0 0 0 0 0  
173.416 4.50408 0.0297991 -2.82887 0 2 0 0 -2.93585  -2.94944 0 1.59668 0 0 -3.11256  -0.0800412 0 0.0417275 0 0 -0.0755895  0.200613 0 0.361597 0 0 0.252303  0 0 0 0 0 0  
174.358 4.53176 0.0281635 -2.87633 0 2 0 0 -2.93828  -3.00115 0 1.62009 0 0 -3.11693  -0.0772437 0 0.0384323 0 0 -0.0654322  0.202064 0 0.341476 0 0 0.244085  0 0 0 0 0 0  
175.301 4.55703 0.0257562 -2.94539 0 2 0 0 -2.97978  -3.07833 0 1.64518 0 0 -3.15742  -0.061349 0 0.0355709 0 0 -0.0573516  0.19429 0 0.31925 0 0 0.234985  0 0 0 0 0 0  
176.243 4.58026 0.023792 -3.05899 0 2 0 0 -3.07019  -3.16941 0 1.69236 0 0 -3.22422  -0.0509931 0 0.0328584 0 0 -0.0472162  0.161415 0 0.274786 0 0 0.201248  0 0 0 0 0 0  
177.186 4.60232 0.0229139 -3.17439 0 2 0 0 -3.18478  -3.27357 0 1.71848 0 0 -3.31856  -0.0429063 0 0.0296757 0 0 -0.0369232  0.142089 0 0.251843 0 0 0.170695  0 0 0 0 0 0  
178.128 4.62372 0.0222802 -3.28319 0 2 0 0 -3.23471  -3.38043 0 1.74018 0 0 -3.36302  -0.0355596 0 0.027398 0 0 -0.0392368  0.132799 0 0.232419 0 0 0.167552  0 0 0 0 0 0  
179.071 4.64449 0.0213287 -3.35628 0 2 0 0 -3.31549  -3.43978 0 1.75127 0 0 -3.42256  -0.0341877 0 0.0300288 0 0 -0.0332602  0.117692 0 0.218705 0 0 0.140328  0 0 0 0 0 0  
180.013 4.66421 0.0208425 -3.3821 0 2 0 0 -3.30846  -3.47014 0 1.75785 0 0 -3.40408  -0.0376013 0 0.0287628 0 0 -0.0381568  0.12564 0 0.213383 0 0 0.133785  0 0 0 0 0 0  
180.956 4.68411 0.0213482 -3.41529 0 2 0 0 -3.24598  -3.50449 0 1.74636 0 0 -3.34721  -0.0370952 0 0.0317419 0 0 -0.0353141  0.126295 0 0.221898 0 0 0.136538  0 0 0 0 0 0  
181.898 4.70429 0.021821 -3.39882 0 2 0 0 -3.13769  -3.47445 0 1.73576 0 0 -3.23992  -0.0371124 0 0.0321003 0 0 -0.0281822  0.112746 0 0.232141 0 0 0.130413  0 0 0 0 0 0  
182.841 4.72557 0.0231679 -3.32431 0 2 0 0 -3.00717  -3.40495 0 1.71856 0 0 -3.12267  -0.0442376 0 0.0350704 0 0 -0.0306322  0.124873 0 0.246372 0 0 0.146132  0 0 0 0 0 0  
183.783 4.74805 0.024241 -3.15982 0 2 0 0 -2.96367  -3.25704 0 1.69452 0 0 -3.10887  -0.0406515 0 0.0374791 0 0 -0.0285196  0.137873 0 0.268004 0 0 0.173719  0 0 0 0 0 0  
184.726 4.77138 0.0241628 -2.95304 0 2 0 0 -2.91111  -3.07408 0 1.68502 0 0 -3.0687  -0.0477181 0 0.0335998 0 0 -0.0375643  0.16876 0 0.281376 0 0 0.195156  0 0 0 0 0 0  
185.668 4.79368 0.0233516 -2.84582 0 2 0 0 -2.90131  -2.99988 0 1.68189 0 0 -3.09753  -0.0465196 0 0.0297947 0 0 -0.031608  0.200576 0 0.288317 0 0 0.227827  0 0 0 0 0 0  
186.611 4.81465 0.0212021 -2.87789 0 2 0 0 -3.0327  -3.00149 0 1.699 0 0 -3.18366  -0.0481064 0 0.0314182 0 0 -0.0394461  0.171714 0 0.269585 0 0 0.190409  0 0 0 0 0 0  
187.553 4.83409 0.0203385 -2.96292 0 2 0 0 -3.10026  -3.06051 0 1.73764 0 0 -3.23079  -0.0347877 0 0.0272901 0 0 -0.0313365  0.132376 0 0.235072 0 0 0.16187  0 0 0 0 0 0  
188.496 4.85269 0.0194437 -3.03278 0 2 0 0 -3.21995  -3.11771 0 1.75506 0 0 -3.34405  -0.0322461 0 0.0260565 0 0 -0.0357778  0.117184 0 0.218887 0 0 0.159875  0 0 0 0 0 0  
189.438 4.87058 0.0187559 -3.0379 0 2 0 0 -3.34335  -3.1224 0 1.75713 0 0 -3.47067  -0.0339831 0 0.0258201 0 0 -0.0269235  0.118484 0 0.217048 0 0 0.154241  0 0 0 0 0 0  
190.381 4.88862 0.0188961 -3.06919 0 2 0 0 -3.37854  -3.13856 0 1.75252 0 0 -3.49272  -0.0302706 0 0.025951 0 0 -0.0247613  0.0996409 0 0.221525 0 0 0.138946  0 0 0 0 0 0  
191.323 4.90647 0.0187194 -3.17081 0 2 0 0 -3.44535  -3.22528 0 1.75953 0 0 -3.54411  -0.0311779 0 0.0314028 0 0 -0.0234339  0.0856425 0 0.209066 0 0 0.122195  0 0 0 0 0 0  
192.265 4.92385 0.0185899 -3.29769 0 2 0 0 -3.477  -3.33932 0 1.77667 0 0 -3.55711  -0.0306682 0 0.0317001 0 0 -0.021584  0.0723011 0 0.191633 0 0 0.101695  0 0 0 0 0 0  
193.208 4.94119 0.0181499 -3.38244 0 2 0 0 -3.53606  -3.43579 0 1.78893 0 0 -3.61229  -0.0281761 0 0.0287957 0 0 -0.0207099  0.0815309 0 0.18227 0 0 0.0969412  0 0 0 0 0 0  
194.15 4.95824 0.018316 -3.32055 0 2 0 0 -3.48729  -3.39024 0 1.77477 0 0 -3.5856  -0.0299343 0 0.0285149 0 0 -0.0247829  0.0996181 0 0.196712 0 0 0.123098  0 0 0 0 0 0  
195.093 4.97587 0.0190772 -3.37863 0 2 0 0 -3.43169  -3.44709 0 1.76414 0 0 -3.53199  -0.0306962 0 0.0286358 0 0 -0.0248302  0.0991577 0 0.207229 0 0 0.125136  0 0 0 0 0 0  
196.035 4.99412 0.0196545 -3.45097 0 2 0 0 -3.3488  -3.52804 0 1.75718 0 0 -3.45998  -0.0361184 0 0.030287 0 0 -0.0260259  0.113188 0 0.212536 0 0 0.137207  0 0 0 0 0 0  
196.978 5.01314 0.020198 -3.51177 0 2 0 0 -3.24869  -3.59805 0 1.74727 0 0 -3.35963  -0.0280245 0 0.0244564 0 0 -0.0275031  0.114306 0 0.228273 0 0 0.138441  0 0 0 0 0 0  
