# LF_DEM version v3.0-126-gb72fb1a
# np 1000
# VF 0.76
# Lx 73.993
# Ly 0
# Lz 73.993
# flow_type shear
# data in cl units.
#1: time
#2: cumulated strain
#3: shear rate
#4-9: total stress tensor (xx, xy, xz, yz, yy, zz)
#10-15: contact stress tensor (xx, xy, xz, yz, yy, zz)
#16-21: dashpot stress tensor (xx, xy, xz, yz, yy, zz)
#22-27: hydro stress tensor (xx, xy, xz, yz, yy, zz)
#28-33: repulsion stress tensor (xx, xy, xz, yz, yy, zz)

0.00628319 0.000448357 0.0713582 -3.93571 0 3 0 0 -3.40517  -4.29103 0 2.0381 0 0 -3.98665  -0.155421 0 0.0747545 0 0 -0.153659  0.510736 0 0.887143 0 0 0.735142  0 0 0 0 0 0  
0.628319 0.0301989 0.0432395 -4.10956 0 3 0 0 -3.58889  -4.3085 0 2.42693 0 0 -3.88139  -0.0722701 0 0.0516687 0 0 -0.0907724  0.271212 0 0.521403 0 0 0.383264  0 0 0 0 0 0  
1.25664 0.0564556 0.0408947 -4.21385 0 3 0 0 -3.9519  -4.36964 0 2.47545 0 0 -4.19627  -0.0644764 0 0.0491613 0 0 -0.0775361  0.220266 0 0.475386 0 0 0.321899  0 0 0 0 0 0  
1.88496 0.0818254 0.039534 -4.25884 0 3 0 0 -3.99392  -4.36956 0 2.49713 0 0 -4.1931  -0.0510519 0 0.0511418 0 0 -0.0568339  0.161771 0 0.451728 0 0 0.25602  0 0 0 0 0 0  
2.51327 0.10618 0.0385071 -4.23311 0 3 0 0 -3.85887  -4.35142 0 2.51359 0 0 -4.06973  -0.0521595 0 0.0479783 0 0 -0.0667348  0.17047 0 0.438435 0 0 0.277592  0 0 0 0 0 0  
3.14159 0.129887 0.0368665 -4.41769 0 3 0 0 -3.90996  -4.50939 0 2.52771 0 0 -4.10934  -0.0569746 0 0.0512735 0 0 -0.0616845  0.148673 0 0.421014 0 0 0.261068  0 0 0 0 0 0  
3.76991 0.152973 0.0361339 -4.64623 0 3 0 0 -3.96606  -4.74293 0 2.53342 0 0 -4.14775  -0.058626 0 0.050464 0 0 -0.0606703  0.155331 0 0.416118 0 0 0.242355  0 0 0 0 0 0  
4.39823 0.175347 0.0353564 -4.88314 0 3 0 0 -4.02373  -4.98432 0 2.54178 0 0 -4.20883  -0.0668778 0 0.0475639 0 0 -0.0713055  0.168054 0 0.410652 0 0 0.256403  0 0 0 0 0 0  
5.02655 0.196801 0.0330947 -5 0 3 0 0 -4.02615  -5.10139 0 2.57196 0 0 -4.20387  -0.0554666 0 0.0456933 0 0 -0.0596574  0.156855 0 0.38235 0 0 0.237379  0 0 0 0 0 0  
5.65487 0.217732 0.0333313 -4.87709 0 3 0 0 -4.0071  -4.95267 0 2.56476 0 0 -4.17013  -0.0634541 0 0.0486517 0 0 -0.0590138  0.139032 0 0.386591 0 0 0.222042  0 0 0 0 0 0  
6.28319 0.238051 0.0314399 -4.87608 0 3 0 0 -4.00943  -4.94192 0 2.59484 0 0 -4.16808  -0.0636216 0 0.0488646 0 0 -0.056699  0.129458 0 0.356299 0 0 0.215341  0 0 0 0 0 0  
6.9115 0.257905 0.0319857 -4.94057 0 3 0 0 -4.02948  -5.03518 0 2.6053 0 0 -4.21005  -0.0534715 0 0.0413561 0 0 -0.0595868  0.148078 0 0.353343 0 0 0.240157  0 0 0 0 0 0  
7.53982 0.278073 0.0320987 -5.02737 0 3 0 0 -4.00196  -5.13134 0 2.60062 0 0 -4.18926  -0.0517622 0 0.0430753 0 0 -0.0618375  0.155733 0 0.356308 0 0 0.249136  0 0 0 0 0 0  
8.16814 0.298097 0.0313598 -5.0806 0 3 0 0 -4.08725  -5.19012 0 2.59828 0 0 -4.2755  -0.0510654 0 0.0457094 0 0 -0.055604  0.160595 0 0.356014 0 0 0.243856  0 0 0 0 0 0  
8.79646 0.317271 0.0303727 -5.16627 0 3 0 0 -4.12268  -5.27382 0 2.60673 0 0 -4.29637  -0.0504013 0 0.0473743 0 0 -0.0447721  0.157952 0 0.345895 0 0 0.218458  0 0 0 0 0 0  
9.42478 0.336481 0.0311111 -5.19603 0 3 0 0 -4.17237  -5.3215 0 2.59789 0 0 -4.36544  -0.0523284 0 0.0394841 0 0 -0.0514275  0.177795 0 0.362623 0 0 0.244499  0 0 0 0 0 0  
10.0531 0.356122 0.0313885 -5.10148 0 3 0 0 -4.29019  -5.20625 0 2.59576 0 0 -4.45091  -0.0534876 0 0.046457 0 0 -0.0543967  0.158255 0 0.357785 0 0 0.21511  0 0 0 0 0 0  
10.6814 0.375982 0.0318986 -5.10174 0 3 0 0 -4.34402  -5.18168 0 2.59323 0 0 -4.49346  -0.0463368 0 0.0518021 0 0 -0.04756  0.126274 0 0.354968 0 0 0.197  0 0 0 0 0 0  
11.3097 0.395509 0.0308152 -5.09091 0 3 0 0 -4.47889  -5.14249 0 2.59127 0 0 -4.59375  -0.0477149 0 0.0541868 0 0 -0.0517001  0.0992951 0 0.354539 0 0 0.166556  0 0 0 0 0 0  
11.9381 0.414414 0.0284391 -5.1154 0 3 0 0 -4.63674  -5.16313 0 2.62537 0 0 -4.72302  -0.039517 0 0.0523344 0 0 -0.0460046  0.0872471 0 0.322297 0 0 0.132284  0 0 0 0 0 0  
12.5664 0.431684 0.0263633 -5.28693 0 3 0 0 -4.63425  -5.34384 0 2.66224 0 0 -4.7211  -0.0362661 0 0.0454957 0 0 -0.0487256  0.0931766 0 0.292268 0 0 0.135576  0 0 0 0 0 0  
13.1947 0.447711 0.025265 -5.42384 0 3 0 0 -4.58132  -5.48052 0 2.67094 0 0 -4.68461  -0.0450998 0 0.0391884 0 0 -0.0554468  0.101786 0 0.289874 0 0 0.158735  0 0 0 0 0 0  
13.823 0.463534 0.0250572 -5.45057 0 3 0 0 -4.5079  -5.5296 0 2.67775 0 0 -4.63159  -0.0456536 0 0.0379869 0 0 -0.0485296  0.124686 0 0.284261 0 0 0.17222  0 0 0 0 0 0  
14.4513 0.479023 0.0243015 -5.41619 0 3 0 0 -4.58742  -5.49848 0 2.68388 0 0 -4.71029  -0.0452218 0 0.0419747 0 0 -0.0418392  0.127518 0 0.274147 0 0 0.164708  0 0 0 0 0 0  
15.0796 0.493816 0.0233785 -5.52436 0 3 0 0 -4.70837  -5.60938 0 2.71132 0 0 -4.83675  -0.0435947 0 0.0352698 0 0 -0.0359679  0.128607 0 0.253406 0 0 0.164353  0 0 0 0 0 0  
15.708 0.508164 0.0225862 -5.57259 0 3 0 0 -4.77226  -5.64389 0 2.72828 0 0 -4.8964  -0.0319421 0 0.0325046 0 0 -0.0303371  0.103237 0 0.239217 0 0 0.154469  0 0 0 0 0 0  
16.3363 0.52254 0.0231398 -5.58956 0 3 0 0 -4.77009  -5.64931 0 2.72362 0 0 -4.88445  -0.0301398 0 0.0342317 0 0 -0.0295835  0.0898958 0 0.242153 0 0 0.143939  0 0 0 0 0 0  
16.9646 0.537782 0.0247841 -5.54675 0 3 0 0 -4.75036  -5.60816 0 2.70219 0 0 -4.87033  -0.0386305 0 0.0354193 0 0 -0.0328778  0.100034 0 0.262388 0 0 0.152851  0 0 0 0 0 0  
17.5929 0.553649 0.0253592 -5.42068 0 3 0 0 -4.69081  -5.49194 0 2.69343 0 0 -4.81491  -0.0408932 0 0.0386895 0 0 -0.0348416  0.11215 0 0.26788 0 0 0.158941  0 0 0 0 0 0  
18.2212 0.569842 0.0269491 -5.22217 0 3 0 0 -4.63377  -5.30504 0 2.66915 0 0 -4.76737  -0.0435586 0 0.0403088 0 0 -0.0412863  0.126434 0 0.290537 0 0 0.174895  0 0 0 0 0 0  
18.8496 0.586876 0.0274781 -5.00207 0 3 0 0 -4.58497  -5.09782 0 2.64468 0 0 -4.74108  -0.0524272 0 0.0405407 0 0 -0.0505872  0.148179 0 0.314776 0 0 0.206706  0 0 0 0 0 0  
19.4779 0.604146 0.0274949 -4.83126 0 3 0 0 -4.49391  -4.93616 0 2.63641 0 0 -4.65201  -0.0460979 0 0.0414082 0 0 -0.0503362  0.150993 0 0.322179 0 0 0.208436  0 0 0 0 0 0  
20.1062 0.6215 0.0281017 -4.7229 0 3 0 0 -4.43722  -4.81842 0 2.62787 0 0 -4.60718  -0.0408014 0 0.0423099 0 0 -0.0425448  0.13632 0 0.329819 0 0 0.212505  0 0 0 0 0 0  
20.7345 0.639666 0.0302004 -4.63927 0 3 0 0 -4.50402  -4.73679 0 2.60879 0 0 -4.6696  -0.0453074 0 0.0460089 0 0 -0.053315  0.142827 0 0.345206 0 0 0.218895  0 0 0 0 0 0  
21.3628 0.659271 0.032549 -4.4459 0 3 0 0 -4.45108  -4.58221 0 2.58255 0 0 -4.63177  -0.0538136 0 0.0431839 0 0 -0.0644351  0.190125 0 0.374265 0 0 0.245127  0 0 0 0 0 0  
21.9911 0.679842 0.0329922 -4.21775 0 3 0 0 -4.35369  -4.34276 0 2.58102 0 0 -4.53528  -0.0515219 0 0.0441734 0 0 -0.0654053  0.176528 0 0.374811 0 0 0.246988  0 0 0 0 0 0  
22.6195 0.700229 0.0316549 -4.1302 0 3 0 0 -4.32564  -4.24934 0 2.58547 0 0 -4.49962  -0.0486564 0 0.041662 0 0 -0.0642166  0.167794 0 0.372865 0 0 0.238202  0 0 0 0 0 0  
23.2478 0.72002 0.030866 -4.12835 0 3 0 0 -4.39674  -4.27282 0 2.58255 0 0 -4.5823  -0.047795 0 0.0413756 0 0 -0.0543326  0.192261 0 0.376077 0 0 0.239896  0 0 0 0 0 0  
23.8761 0.739474 0.0305821 -4.08627 0 3 0 0 -4.43583  -4.23822 0 2.57372 0 0 -4.65661  -0.0495194 0 0.045223 0 0 -0.0549026  0.201474 0 0.381055 0 0 0.275681  0 0 0 0 0 0  
24.5044 0.758642 0.0302751 -4.23868 0 3 0 0 -4.68002  -4.3598 0 2.58854 0 0 -4.86295  -0.0486777 0 0.0445001 0 0 -0.0534494  0.1698 0 0.366959 0 0 0.236378  0 0 0 0 0 0  
25.1327 0.777427 0.0294265 -4.46992 0 3 0 0 -4.88092  -4.57563 0 2.60283 0 0 -5.03638  -0.0558461 0 0.0445918 0 0 -0.0606253  0.161561 0 0.352575 0 0 0.216086  0 0 0 0 0 0  
25.7611 0.795908 0.0294881 -4.59658 0 3 0 0 -5.01109  -4.7008 0 2.61907 0 0 -5.1557  -0.0496857 0 0.0463264 0 0 -0.0570825  0.153903 0 0.334599 0 0 0.201684  0 0 0 0 0 0  
26.3894 0.813817 0.0276107 -4.64211 0 3 0 0 -5.07368  -4.74055 0 2.63127 0 0 -5.21696  -0.0517826 0 0.046683 0 0 -0.0449942  0.150226 0 0.322049 0 0 0.188278  0 0 0 0 0 0  
27.0177 0.830925 0.0265776 -4.61422 0 3 0 0 -5.15609  -4.69414 0 2.66251 0 0 -5.28502  -0.0352313 0 0.0414664 0 0 -0.0278614  0.115154 0 0.29602 0 0 0.156795  0 0 0 0 0 0  
27.646 0.847088 0.0248563 -4.72079 0 3 0 0 -5.2678  -4.79652 0 2.67847 0 0 -5.38375  -0.0330924 0 0.0356634 0 0 -0.0315985  0.108821 0 0.285865 0 0 0.14755  0 0 0 0 0 0  
28.2743 0.862269 0.0236921 -4.89752 0 3 0 0 -5.48177  -4.96923 0 2.70633 0 0 -5.58633  -0.0333651 0 0.0379122 0 0 -0.0295899  0.105077 0 0.255757 0 0 0.134154  0 0 0 0 0 0  
28.9027 0.877218 0.023798 -4.98964 0 3 0 0 -5.67544  -5.06525 0 2.71975 0 0 -5.79363  -0.0304854 0 0.0345501 0 0 -0.0259671  0.106095 0 0.245702 0 0 0.144156  0 0 0 0 0 0  
29.531 0.89221 0.0238882 -5.04076 0 3 0 0 -5.82136  -5.10771 0 2.71513 0 0 -5.94314  -0.0330004 0 0.0340644 0 0 -0.0275464  0.0999527 0 0.250809 0 0 0.149328  0 0 0 0 0 0  
30.1593 0.907011 0.0234957 -4.98155 0 3 0 0 -5.95074  -5.04039 0 2.72071 0 0 -6.06008  -0.0307151 0 0.0351571 0 0 -0.0280972  0.0895558 0 0.244135 0 0 0.137439  0 0 0 0 0 0  
30.7876 0.921598 0.0226548 -5.03036 0 3 0 0 -5.96291  -5.08659 0 2.73133 0 0 -6.06841  -0.024425 0 0.0336321 0 0 -0.0235923  0.0806547 0 0.235039 0 0 0.129091  0 0 0 0 0 0  
31.4159 0.936427 0.0242721 -4.96097 0 3 0 0 -5.58983  -5.02419 0 2.70266 0 0 -5.72206  -0.029752 0 0.0376539 0 0 -0.0208701  0.0929713 0 0.259686 0 0 0.153107  0 0 0 0 0 0  
32.0442 0.951668 0.0245981 -5.0228 0 3 0 0 -5.40552  -5.08292 0 2.69121 0 0 -5.54152  -0.0262521 0 0.0395269 0 0 -0.0259467  0.0863648 0 0.269259 0 0 0.161945  0 0 0 0 0 0  
32.6726 0.967469 0.0257158 -5.15522 0 3 0 0 -5.35437  -5.22696 0 2.66557 0 0 -5.50923  -0.0342172 0 0.0354102 0 0 -0.0370859  0.105954 0 0.299024 0 0 0.191944  0 0 0 0 0 0  
33.3009 0.983749 0.0258128 -5.37362 0 3 0 0 -5.35297  -5.44185 0 2.67492 0 0 -5.50267  -0.0312358 0 0.0373782 0 0 -0.0338572  0.0994652 0 0.287705 0 0 0.183559  0 0 0 0 0 0  
33.9292 1.00002 0.0258746 -5.45861 0 3 0 0 -5.24223  -5.5418 0 2.68183 0 0 -5.38644  -0.0264448 0 0.039885 0 0 -0.0335517  0.10963 0 0.278282 0 0 0.177765  0 0 0 0 0 0  
34.5575 1.01665 0.0266435 -5.51846 0 3 0 0 -5.02691  -5.60466 0 2.6608 0 0 -5.16665  -0.0320308 0 0.0428529 0 0 -0.0351536  0.118235 0 0.296343 0 0 0.174903  0 0 0 0 0 0  
35.1858 1.03359 0.0267914 -5.51173 0 3 0 0 -4.91291  -5.59541 0 2.66045 0 0 -5.03683  -0.0308741 0 0.0436868 0 0 -0.0390342  0.114556 0 0.295862 0 0 0.162952  0 0 0 0 0 0  
35.8142 1.05029 0.0261153 -5.59806 0 3 0 0 -4.92624  -5.68089 0 2.66865 0 0 -5.05558  -0.0316882 0 0.0449787 0 0 -0.0401009  0.114511 0 0.286371 0 0 0.16944  0 0 0 0 0 0  
36.4425 1.0661 0.0240188 -5.61091 0 3 0 0 -4.97126  -5.679 0 2.6876 0 0 -5.08323  -0.0342283 0 0.0404682 0 0 -0.0341606  0.102317 0 0.271929 0 0 0.14613  0 0 0 0 0 0  
37.0708 1.08116 0.0235087 -5.6194 0 3 0 0 -4.97286  -5.68817 0 2.70802 0 0 -5.07501  -0.0280903 0 0.0417711 0 0 -0.0265835  0.0968634 0 0.250211 0 0 0.128737  0 0 0 0 0 0  
37.6991 1.09607 0.0235429 -5.6626 0 3 0 0 -4.90927  -5.73129 0 2.70681 0 0 -5.02281  -0.0240687 0 0.0423515 0 0 -0.0238997  0.092759 0 0.250835 0 0 0.137433  0 0 0 0 0 0  
38.3274 1.11091 0.0237149 -5.59922 0 3 0 0 -4.78573  -5.66498 0 2.68534 0 0 -4.8987  -0.0233281 0 0.0433477 0 0 -0.0290235  0.0890891 0 0.271314 0 0 0.142  0 0 0 0 0 0  
38.9557 1.12559 0.0230196 -5.31205 0 3 0 0 -4.63377  -5.37813 0 2.69145 0 0 -4.78828  -0.0250586 0 0.0436988 0 0 -0.0313652  0.0911403 0 0.264855 0 0 0.18587  0 0 0 0 0 0  
39.5841 1.14 0.0225978 -5.22201 0 3 0 0 -4.66377  -5.29416 0 2.70849 0 0 -4.80261  -0.0318063 0 0.039676 0 0 -0.0288109  0.103957 0 0.251834 0 0 0.167657  0 0 0 0 0 0  
40.2124 1.154 0.0223843 -5.18966 0 3 0 0 -4.70165  -5.26995 0 2.71193 0 0 -4.8361  -0.0255747 0 0.0368776 0 0 -0.0240619  0.105864 0 0.251191 0 0 0.158513  0 0 0 0 0 0  
40.8407 1.16792 0.021792 -5.23535 0 3 0 0 -4.70661  -5.31454 0 2.71813 0 0 -4.83973  -0.0299152 0 0.0344708 0 0 -0.0181183  0.109101 0 0.2474 0 0 0.151242  0 0 0 0 0 0  
41.469 1.18145 0.0206268 -5.23706 0 3 0 0 -4.7104  -5.32052 0 2.7397 0 0 -4.84362  -0.0213508 0 0.0272342 0 0 -0.0184826  0.104811 0 0.233062 0 0 0.151705  0 0 0 0 0 0  
42.0973 1.19432 0.0204203 -5.21234 0 3 0 0 -4.74913  -5.28979 0 2.74653 0 0 -4.87287  -0.021185 0 0.0260435 0 0 -0.016288  0.0986363 0 0.227428 0 0 0.140031  0 0 0 0 0 0  
42.7257 1.20745 0.0212426 -5.08969 0 3 0 0 -4.79935  -5.16442 0 2.74467 0 0 -4.92118  -0.0217148 0 0.0318187 0 0 -0.0169721  0.0964432 0 0.223515 0 0 0.138802  0 0 0 0 0 0  
43.354 1.22135 0.0225919 -5.00981 0 3 0 0 -4.85813  -5.09865 0 2.71929 0 0 -5.00072  -0.0299167 0 0.0333252 0 0 -0.0167384  0.118765 0 0.247389 0 0 0.159327  0 0 0 0 0 0  
43.9823 1.23571 0.0231187 -4.9373 0 3 0 0 -4.92572  -5.03018 0 2.70937 0 0 -5.07774  -0.0321353 0 0.0346843 0 0 -0.0143566  0.125015 0 0.255942 0 0 0.166379  0 0 0 0 0 0  
44.6106 1.25015 0.0229705 -4.9315 0 3 0 0 -5.04303  -5.0132 0 2.71877 0 0 -5.18688  -0.0280767 0 0.0369011 0 0 -0.0122486  0.109782 0 0.24433 0 0 0.156091  0 0 0 0 0 0  
45.2389 1.26462 0.0232943 -5.01398 0 3 0 0 -5.10882  -5.10408 0 2.71938 0 0 -5.24571  -0.0262678 0 0.0379101 0 0 -0.0135026  0.11637 0 0.242706 0 0 0.150401  0 0 0 0 0 0  
45.8673 1.27926 0.0233233 -5.02218 0 3 0 0 -5.08718  -5.10533 0 2.72348 0 0 -5.21741  -0.0351697 0 0.0385587 0 0 -0.0164122  0.118328 0 0.237957 0 0 0.146641  0 0 0 0 0 0  
46.4956 1.29412 0.0237037 -4.97442 0 3 0 0 -4.95489  -5.04486 0 2.72035 0 0 -5.08104  -0.0351583 0 0.0406412 0 0 -0.015227  0.105604 0 0.239008 0 0 0.14138  0 0 0 0 0 0  
47.1239 1.30932 0.0247815 -4.88908 0 3 0 0 -4.70793  -4.9679 0 2.70158 0 0 -4.85633  -0.033102 0 0.0390631 0 0 -0.022648  0.111916 0 0.259353 0 0 0.171046  0 0 0 0 0 0  
47.7522 1.32548 0.0263297 -4.73162 0 3 0 0 -4.44935  -4.81007 0 2.67103 0 0 -4.625  -0.0360365 0 0.0423241 0 0 -0.0228569  0.114481 0 0.286651 0 0 0.198505  0 0 0 0 0 0  
48.3805 1.34225 0.0271263 -4.53917 0 3 0 0 -4.29641  -4.65161 0 2.63493 0 0 -4.5073  -0.0356959 0 0.039495 0 0 -0.0183808  0.148144 0 0.325577 0 0 0.229269  0 0 0 0 0 0  
49.0088 1.35967 0.0276681 -4.49203 0 3 0 0 -4.30953  -4.60466 0 2.59984 0 0 -4.55855  -0.046959 0 0.0405406 0 0 -0.0281732  0.159588 0 0.359621 0 0 0.277196  0 0 0 0 0 0  
49.6372 1.37718 0.028121 -4.41477 0 3 0 0 -4.19649  -4.53575 0 2.59038 0 0 -4.44135  -0.0506615 0 0.041207 0 0 -0.0326931  0.171635 0 0.368411 0 0 0.277549  0 0 0 0 0 0  
50.2655 1.39524 0.0286821 -4.31463 0 3 0 0 -4.0437  -4.45625 0 2.57805 0 0 -4.30317  -0.051665 0 0.0389214 0 0 -0.0355587  0.193281 0 0.383026 0 0 0.295026  0 0 0 0 0 0  
50.8938 1.41366 0.0295631 -4.21559 0 3 0 0 -4.009  -4.38329 0 2.56202 0 0 -4.26008  -0.0557315 0 0.0355505 0 0 -0.0497766  0.223428 0 0.402425 0 0 0.300864  0 0 0 0 0 0  
51.5221 1.4323 0.0294146 -4.2636 0 3 0 0 -4.04547  -4.42786 0 2.57768 0 0 -4.28147  -0.0490868 0 0.0335553 0 0 -0.0462067  0.213349 0 0.38876 0 0 0.282206  0 0 0 0 0 0  
52.1504 1.45091 0.0298858 -4.32884 0 3 0 0 -4.17546  -4.48681 0 2.59333 0 0 -4.39012  -0.0525235 0 0.0367304 0 0 -0.0428532  0.210494 0 0.369942 0 0 0.257505  0 0 0 0 0 0  
52.7788 1.46923 0.02864 -4.40523 0 3 0 0 -4.26045  -4.54398 0 2.60606 0 0 -4.4464  -0.0528316 0 0.0348999 0 0 -0.0432756  0.191586 0 0.359037 0 0 0.229234  0 0 0 0 0 0  
53.4071 1.48713 0.0279974 -4.50521 0 3 0 0 -4.41162  -4.62912 0 2.61784 0 0 -4.57848  -0.0502494 0 0.0394623 0 0 -0.0440152  0.174157 0 0.342701 0 0 0.210879  0 0 0 0 0 0  
54.0354 1.50434 0.0270017 -4.68766 0 3 0 0 -4.47895  -4.792 0 2.63427 0 0 -4.62974  -0.042444 0 0.0385168 0 0 -0.0408052  0.146778 0 0.327211 0 0 0.191595  0 0 0 0 0 0  
54.6637 1.5218 0.0288279 -4.80717 0 3 0 0 -4.50051  -4.90391 0 2.63237 0 0 -4.64384  -0.0397485 0 0.034927 0 0 -0.0452177  0.136489 0 0.332701 0 0 0.188545  0 0 0 0 0 0  
55.292 1.54003 0.02918 -4.80264 0 3 0 0 -4.52157  -4.8922 0 2.62478 0 0 -4.66051  -0.0558458 0 0.0408589 0 0 -0.0461603  0.145408 0 0.334359 0 0 0.185097  0 0 0 0 0 0  
55.9203 1.55826 0.0284356 -4.84285 0 3 0 0 -4.56659  -4.92449 0 2.62899 0 0 -4.69259  -0.0555738 0 0.0460603 0 0 -0.0441875  0.137221 0 0.324951 0 0 0.170193  0 0 0 0 0 0  
56.5487 1.57597 0.0277041 -4.77234 0 3 0 0 -4.64346  -4.87066 0 2.63528 0 0 -4.75946  -0.0419867 0 0.0442211 0 0 -0.0409228  0.140314 0 0.320499 0 0 0.156928  0 0 0 0 0 0  
57.177 1.59282 0.0259324 -4.81005 0 3 0 0 -4.74367  -4.911 0 2.65058 0 0 -4.86507  -0.0460911 0 0.0398061 0 0 -0.0443967  0.147034 0 0.309613 0 0 0.1658  0 0 0 0 0 0  
57.8053 1.6087 0.0249738 -4.78426 0 3 0 0 -4.91204  -4.87071 0 2.66321 0 0 -5.01567  -0.0464853 0 0.0433458 0 0 -0.0407724  0.132931 0 0.293448 0 0 0.144401  0 0 0 0 0 0  
58.4336 1.62444 0.0247676 -4.84714 0 3 0 0 -4.97426  -4.9348 0 2.66697 0 0 -5.07564  -0.0520082 0 0.0434981 0 0 -0.0396864  0.139668 0 0.289534 0 0 0.141059  0 0 0 0 0 0  
59.0619 1.63974 0.0245705 -4.76 0 3 0 0 -4.95773  -4.85124 0 2.67913 0 0 -5.06272  -0.0449864 0 0.0419804 0 0 -0.0400604  0.136224 0 0.278887 0 0 0.14505  0 0 0 0 0 0  
59.6903 1.65471 0.0230814 -4.66725 0 3 0 0 -5.01859  -4.75348 0 2.71328 0 0 -5.12881  -0.0404607 0 0.0386563 0 0 -0.031412  0.126687 0 0.248063 0 0 0.141634  0 0 0 0 0 0  
60.3186 1.6684 0.020833 -4.60207 0 3 0 0 -5.11965  -4.67586 0 2.74023 0 0 -5.22177  -0.0354283 0 0.0319611 0 0 -0.0240982  0.109214 0 0.227805 0 0 0.126219  0 0 0 0 0 0  
60.9469 1.68109 0.0200459 -4.58566 0 3 0 0 -5.15454  -4.65419 0 2.7517 0 0 -5.26255  -0.0349174 0 0.0295576 0 0 -0.022769  0.103451 0 0.218744 0 0 0.130777  0 0 0 0 0 0  
61.5752 1.69349 0.0196281 -4.48323 0 3 0 0 -5.18944  -4.54718 0 2.75117 0 0 -5.29057  -0.0296217 0 0.0304775 0 0 -0.0220422  0.0935692 0 0.21835 0 0 0.123171  0 0 0 0 0 0  
62.2035 1.70609 0.0204235 -4.39942 0 3 0 0 -5.10701  -4.46261 0 2.73932 0 0 -5.21139  -0.0371786 0 0.0312992 0 0 -0.0274815  0.100373 0 0.229381 0 0 0.131857  0 0 0 0 0 0  
62.8319 1.71924 0.0214848 -4.35825 0 3 0 0 -5.07837  -4.42039 0 2.72226 0 0 -5.18489  -0.0374028 0 0.0337224 0 0 -0.0284386  0.0995364 0 0.24402 0 0 0.134962  0 0 0 0 0 0  
63.4602 1.7331 0.0223707 -4.40763 0 3 0 0 -5.05032  -4.47431 0 2.71302 0 0 -5.15865  -0.0342858 0 0.0346722 0 0 -0.0350135  0.100965 0 0.25231 0 0 0.143347  0 0 0 0 0 0  
64.0885 1.74747 0.02303 -4.55901 0 3 0 0 -5.12607  -4.63454 0 2.70839 0 0 -5.24529  -0.0399078 0 0.0361227 0 0 -0.038319  0.115438 0 0.255491 0 0 0.157545  0 0 0 0 0 0  
64.7168 1.76173 0.0230081 -4.78141 0 3 0 0 -5.23428  -4.85828 0 2.7279 0 0 -5.34742  -0.03361 0 0.0314993 0 0 -0.0349902  0.110481 0 0.240597 0 0 0.148126  0 0 0 0 0 0  
65.3451 1.77623 0.0227475 -4.98055 0 3 0 0 -5.27949  -5.05498 0 2.73513 0 0 -5.38469  -0.0334797 0 0.0332561 0 0 -0.0298415  0.107904 0 0.231612 0 0 0.135039  0 0 0 0 0 0  
65.9734 1.79044 0.0225876 -5.21552 0 3 0 0 -5.16691  -5.2891 0 2.74304 0 0 -5.28469  -0.0337229 0 0.036365 0 0 -0.0217632  0.107298 0 0.220591 0 0 0.139548  0 0 0 0 0 0  
66.6018 1.80467 0.0228183 -5.38969 0 3 0 0 -5.05547  -5.47416 0 2.72891 0 0 -5.19972  -0.0312473 0 0.0367962 0 0 -0.0165331  0.115721 0 0.23429 0 0 0.160781  0 0 0 0 0 0  
67.2301 1.81911 0.0230861 -5.49683 0 3 0 0 -4.91334  -5.59218 0 2.72627 0 0 -5.06056  -0.0254731 0 0.0324006 0 0 -0.0164096  0.120826 0 0.241329 0 0 0.16363  0 0 0 0 0 0  
67.8584 1.83357 0.0231884 -5.55162 0 3 0 0 -4.88984  -5.6547 0 2.71202 0 0 -5.04514  -0.0246328 0 0.0346014 0 0 -0.0157968  0.12771 0 0.253379 0 0 0.171099  0 0 0 0 0 0  
68.4867 1.84796 0.0229029 -5.66325 0 3 0 0 -5.02364  -5.77301 0 2.71869 0 0 -5.16412  -0.0205946 0 0.0362723 0 0 -0.0170667  0.130355 0 0.245033 0 0 0.157541  0 0 0 0 0 0  
69.115 1.86238 0.0226877 -5.71943 0 3 0 0 -5.00844  -5.81234 0 2.72612 0 0 -5.14277  -0.0225336 0 0.0396995 0 0 -0.0144528  0.115447 0 0.234178 0 0 0.148783  0 0 0 0 0 0  
69.7434 1.87672 0.0225421 -5.71049 0 3 0 0 -4.91755  -5.80708 0 2.72679 0 0 -5.06444  -0.0194736 0 0.0374471 0 0 -0.0164991  0.116064 0 0.235758 0 0 0.163397  0 0 0 0 0 0  
70.3717 1.89093 0.0225075 -5.6816 0 3 0 0 -4.9706  -5.77241 0 2.72093 0 0 -5.11488  -0.0278361 0 0.0378094 0 0 -0.0187274  0.11865 0 0.241259 0 0 0.163008  0 0 0 0 0 0  
71 1.90464 0.0211282 -5.74041 0 3 0 0 -5.02103  -5.81168 0 2.73506 0 0 -5.1518  -0.0313856 0 0.0376341 0 0 -0.0163402  0.102658 0 0.227308 0 0 0.147114  0 0 0 0 0 0  
71.6283 1.91752 0.0198484 -5.76196 0 3 0 0 -5.00585  -5.83504 0 2.75813 0 0 -5.12885  -0.0233968 0 0.0317105 0 0 -0.0069096  0.0964842 0 0.21016 0 0 0.129913  0 0 0 0 0 0  
72.2566 1.93013 0.020068 -5.69885 0 3 0 0 -5.04103  -5.7777 0 2.75219 0 0 -5.16082  -0.0247304 0 0.0332287 0 0 -0.00631166  0.103583 0 0.214586 0 0 0.126099  0 0 0 0 0 0  
72.8849 1.94283 0.0204782 -5.58497 0 3 0 0 -5.04916  -5.6799 0 2.74622 0 0 -5.18243  -0.0225762 0 0.0334734 0 0 -0.0121232  0.117507 0 0.220304 0 0 0.145395  0 0 0 0 0 0  
73.5133 1.95582 0.0208763 -5.52018 0 3 0 0 -5.00603  -5.62209 0 2.7445 0 0 -5.14227  -0.0193105 0 0.0341332 0 0 -0.00765487  0.121213 0 0.22137 0 0 0.143893  0 0 0 0 0 0  
74.1416 1.9691 0.0210197 -5.46517 0 3 0 0 -4.86909  -5.55754 0 2.74051 0 0 -5.00569  -0.0246844 0 0.0349328 0 0 -0.011292  0.117058 0 0.224559 0 0 0.147898  0 0 0 0 0 0  
74.7699 1.98266 0.0219651 -5.37499 0 3 0 0 -4.63618  -5.4671 0 2.73158 0 0 -4.78198  -0.0216672 0 0.0365942 0 0 -0.0117348  0.113782 0 0.231821 0 0 0.157541  0 0 0 0 0 0  
75.3982 1.9963 0.0220299 -5.22795 0 3 0 0 -4.44036  -5.34271 0 2.70858 0 0 -4.60945  -0.0189349 0 0.0353935 0 0 -0.0133374  0.133692 0 0.256025 0 0 0.182432  0 0 0 0 0 0  
76.0265 2.01014 0.0217829 -5.28618 0 3 0 0 -4.3912  -5.39304 0 2.71263 0 0 -4.56355  -0.029358 0 0.0384435 0 0 -0.0160984  0.136221 0 0.248923 0 0 0.188453  0 0 0 0 0 0  
76.6549 2.02371 0.0212754 -5.28126 0 3 0 0 -4.48855  -5.37354 0 2.7247 0 0 -4.63985  -0.0285626 0 0.0368186 0 0 -0.0186051  0.120838 0 0.238483 0 0 0.169909  0 0 0 0 0 0  
77.2832 2.0374 0.0218977 -5.32207 0 3 0 0 -4.5418  -5.4085 0 2.72086 0 0 -4.67617  -0.0275881 0 0.0375551 0 0 -0.0141791  0.114013 0 0.241586 0 0 0.148554  0 0 0 0 0 0  
77.9115 2.05152 0.022949 -5.34039 0 3 0 0 -4.48763  -5.43228 0 2.71292 0 0 -4.6299  -0.0282181 0 0.038457 0 0 -0.0206281  0.12011 0 0.248619 0 0 0.16289  0 0 0 0 0 0  
78.5398 2.06607 0.0235807 -5.39937 0 3 0 0 -4.55048  -5.48912 0 2.7129 0 0 -4.69375  -0.0288084 0 0.0396762 0 0 -0.021574  0.118553 0 0.247427 0 0 0.16484  0 0 0 0 0 0  
79.1681 2.08137 0.0249025 -5.49797 0 3 0 0 -4.62205  -5.5816 0 2.69603 0 0 -4.7633  -0.0325842 0 0.0433543 0 0 -0.0193047  0.116215 0 0.260614 0 0 0.160553  0 0 0 0 0 0  
79.7965 2.09734 0.0257111 -5.46991 0 3 0 0 -4.68018  -5.54346 0 2.68001 0 0 -4.82454  -0.0365885 0 0.0447341 0 0 -0.0244304  0.110137 0 0.275257 0 0 0.168795  0 0 0 0 0 0  
80.4248 2.11315 0.0254599 -5.41867 0 3 0 0 -4.69085  -5.49658 0 2.68299 0 0 -4.84779  -0.0314211 0 0.0460964 0 0 -0.0247446  0.109325 0 0.270914 0 0 0.181682  0 0 0 0 0 0  
81.0531 2.12898 0.0253373 -5.25713 0 3 0 0 -4.66845  -5.35123 0 2.68614 0 0 -4.83002  -0.034248 0 0.0426875 0 0 -0.0265395  0.128344 0 0.271174 0 0 0.18811  0 0 0 0 0 0  
81.6814 2.14511 0.0263401 -5.02541 0 3 0 0 -4.52808  -5.13339 0 2.6616 0 0 -4.68502  -0.0371675 0 0.0446154 0 0 -0.0346784  0.145144 0 0.293784 0 0 0.191618  0 0 0 0 0 0  
82.3097 2.16177 0.026854 -5.02271 0 3 0 0 -4.49586  -5.11891 0 2.65983 0 0 -4.64857  -0.0461762 0 0.0450469 0 0 -0.0422945  0.142377 0 0.295122 0 0 0.195003  0 0 0 0 0 0  
82.938 2.17884 0.0277517 -4.88839 0 3 0 0 -4.28564  -4.99229 0 2.64837 0 0 -4.4397  -0.0468205 0 0.0469233 0 0 -0.0449346  0.150717 0 0.304709 0 0 0.198993  0 0 0 0 0 0  
83.5664 2.19703 0.0292973 -4.78442 0 3 0 0 -4.16571  -4.90336 0 2.62893 0 0 -4.33921  -0.0442102 0 0.0484294 0 0 -0.0478553  0.163151 0 0.322638 0 0 0.221354  0 0 0 0 0 0  
84.1947 2.2157 0.0298203 -4.69772 0 3 0 0 -4.31923  -4.81956 0 2.60846 0 0 -4.51045  -0.0520327 0 0.0480075 0 0 -0.0463736  0.173874 0 0.343534 0 0 0.237589  0 0 0 0 0 0  
84.823 2.23435 0.0292303 -4.80997 0 3 0 0 -4.46197  -4.90577 0 2.61112 0 0 -4.63218  -0.0596134 0 0.0470292 0 0 -0.0577731  0.155414 0 0.341853 0 0 0.227979  0 0 0 0 0 0  
85.4513 2.2525 0.0281813 -4.94639 0 3 0 0 -4.57983  -5.02919 0 2.63128 0 0 -4.76794  -0.0533353 0 0.0424691 0 0 -0.0409088  0.136136 0 0.32625 0 0 0.229015  0 0 0 0 0 0  
86.0796 2.26915 0.0256386 -5.08203 0 3 0 0 -4.70405  -5.1582 0 2.66808 0 0 -4.85957  -0.0535227 0 0.037925 0 0 -0.0405731  0.129693 0 0.293994 0 0 0.196094  0 0 0 0 0 0  
86.708 2.28548 0.025391 -5.10764 0 3 0 0 -4.90563  -5.17083 0 2.67957 0 0 -5.04411  -0.0453491 0 0.040512 0 0 -0.0378445  0.10854 0 0.279917 0 0 0.176332  0 0 0 0 0 0  
87.3363 2.30101 0.024239 -5.09425 0 3 0 0 -5.05321  -5.1704 0 2.69111 0 0 -5.17811  -0.0431938 0 0.0432068 0 0 -0.0352228  0.119341 0 0.265681 0 0 0.160115  0 0 0 0 0 0  
87.9646 2.31566 0.0224909 -4.98195 0 3 0 0 -5.0972  -5.06005 0 2.71686 0 0 -5.21702  -0.0389383 0 0.0364257 0 0 -0.030103  0.117036 0 0.246718 0 0 0.149926  0 0 0 0 0 0  
88.5929 2.32944 0.0217296 -4.82987 0 3 0 0 -5.12076  -4.89232 0 2.7301 0 0 -5.22701  -0.0388957 0 0.0354964 0 0 -0.0312333  0.10134 0 0.234406 0 0 0.137481  0 0 0 0 0 0  
89.2212 2.3429 0.0211893 -4.70275 0 3 0 0 -5.20241  -4.77398 0 2.72981 0 0 -5.30668  -0.035158 0 0.0380867 0 0 -0.0265891  0.10639 0 0.232103 0 0 0.130866  0 0 0 0 0 0  
89.8495 2.35624 0.0213132 -4.7128 0 3 0 0 -5.31669  -4.79543 0 2.72147 0 0 -5.44637  -0.0383771 0 0.0388058 0 0 -0.0277996  0.121011 0 0.239719 0 0 0.15748  0 0 0 0 0 0  
90.4779 2.36983 0.021939 -4.84698 0 3 0 0 -5.42554  -4.9277 0 2.72292 0 0 -5.5625  -0.0323563 0 0.0389142 0 0 -0.022437  0.113073 0 0.238163 0 0 0.15939  0 0 0 0 0 0  
91.1062 2.38373 0.0223868 -4.93127 0 3 0 0 -5.51178  -4.99697 0 2.72762 0 0 -5.63797  -0.035068 0 0.039664 0 0 -0.0196416  0.10077 0 0.232713 0 0 0.145836  0 0 0 0 0 0  
91.7345 2.39804 0.0232916 -4.98482 0 3 0 0 -5.46346  -5.04189 0 2.71553 0 0 -5.58315  -0.0342599 0 0.0428444 0 0 -0.0177248  0.0913278 0 0.241624 0 0 0.137415  0 0 0 0 0 0  
92.3628 2.41281 0.0231692 -5.04072 0 3 0 0 -5.44448  -5.10465 0 2.69988 0 0 -5.57095  -0.03296 0 0.0445642 0 0 -0.0251009  0.0968868 0 0.255552 0 0 0.151572  0 0 0 0 0 0  
92.9911 2.42751 0.0231635 -5.13706 0 3 0 0 -5.36336  -5.21622 0 2.7162 0 0 -5.49177  -0.0241695 0 0.0413541 0 0 -0.0152903  0.103336 0 0.242449 0 0 0.143697  0 0 0 0 0 0  
93.6195 2.44211 0.0234494 -5.30048 0 3 0 0 -5.30527  -5.38712 0 2.71016 0 0 -5.43595  -0.0250657 0 0.0400274 0 0 -0.0103656  0.111711 0 0.249808 0 0 0.141041  0 0 0 0 0 0  
94.2478 2.45666 0.0227527 -5.49789 0 3 0 0 -5.35446  -5.56958 0 2.72308 0 0 -5.478  -0.030749 0 0.0373044 0 0 -0.0158387  0.10244 0 0.239612 0 0 0.139381  0 0 0 0 0 0  
94.8761 2.4709 0.0223722 -5.59491 0 3 0 0 -5.37406  -5.65687 0 2.73148 0 0 -5.48101  -0.0339012 0 0.033938 0 0 -0.0263594  0.0958626 0 0.234583 0 0 0.133314  0 0 0 0 0 0  
95.5044 2.48456 0.0213389 -5.67038 0 3 0 0 -5.37256  -5.72491 0 2.73729 0 0 -5.46991  -0.0363963 0 0.036537 0 0 -0.0298888  0.0909208 0 0.226172 0 0 0.127241  0 0 0 0 0 0  
96.1327 2.49835 0.0222707 -5.55715 0 3 0 0 -5.26277  -5.61765 0 2.73544 0 0 -5.36366  -0.0376198 0 0.0365344 0 0 -0.0297871  0.0981142 0 0.22803 0 0 0.130678  0 0 0 0 0 0  
96.7611 2.5119 0.020904 -5.46472 0 3 0 0 -5.06849  -5.53961 0 2.74939 0 0 -5.17558  -0.0319647 0 0.0312488 0 0 -0.0308028  0.106856 0 0.219363 0 0 0.137895  0 0 0 0 0 0  
97.3894 2.5248 0.0202576 -5.34531 0 3 0 0 -4.88829  -5.40971 0 2.75361 0 0 -4.98613  -0.0264141 0 0.0317172 0 0 -0.0309074  0.0908184 0 0.214673 0 0 0.128754  0 0 0 0 0 0  
98.0177 2.53752 0.0203344 -5.23507 0 3 0 0 -4.80734  -5.29953 0 2.74806 0 0 -4.89694  -0.0220392 0 0.0342221 0 0 -0.0243859  0.086504 0 0.217717 0 0 0.113981  0 0 0 0 0 0  
98.646 2.5503 0.0201216 -5.3048 0 3 0 0 -4.89866  -5.38462 0 2.74458 0 0 -4.9982  -0.0208936 0 0.0349869 0 0 -0.0214735  0.100715 0 0.220436 0 0 0.121015  0 0 0 0 0 0  
99.2743 2.56294 0.0199547 -5.42882 0 3 0 0 -4.99784  -5.50621 0 2.74858 0 0 -5.10451  -0.0197327 0 0.0334628 0 0 -0.0156033  0.0971174 0 0.217958 0 0 0.12227  0 0 0 0 0 0  
99.9026 2.5751 0.0183527 -5.52321 0 3 0 0 -5.11419  -5.593 0 2.77512 0 0 -5.20867  -0.0156877 0 0.0338742 0 0 -0.0146317  0.0854829 0 0.191004 0 0 0.109112  0 0 0 0 0 0  
100.531 2.58633 0.018144 -5.56222 0 3 0 0 -5.11903  -5.63284 0 2.78428 0 0 -5.21979  -0.0147592 0 0.0309817 0 0 -0.00989861  0.0853858 0 0.184734 0 0 0.110663  0 0 0 0 0 0  
101.159 2.59761 0.0176466 -5.54211 0 3 0 0 -5.14178  -5.61049 0 2.79001 0 0 -5.23776  -0.00868636 0 0.0280477 0 0 -0.0101784  0.0770724 0 0.181938 0 0 0.106159  0 0 0 0 0 0  
101.788 2.60903 0.0184667 -5.53664 0 3 0 0 -4.99997  -5.60025 0 2.77329 0 0 -5.08986  -0.00591248 0 0.0302801 0 0 -0.0116661  0.0695185 0 0.196429 0 0 0.101556  0 0 0 0 0 0  
102.416 2.62077 0.0186388 -5.50816 0 3 0 0 -4.83253  -5.57487 0 2.76502 0 0 -4.93051  -0.00902776 0 0.0308737 0 0 -0.0109886  0.0757304 0 0.204108 0 0 0.108966  0 0 0 0 0 0  
103.044 2.63305 0.0208037 -5.42239 0 3 0 0 -4.62938  -5.50437 0 2.7322 0 0 -4.75349  -0.015566 0 0.0350685 0 0 -0.0077925  0.0975503 0 0.232732 0 0 0.131906  0 0 0 0 0 0  
103.673 2.64629 0.0216091 -5.40237 0 3 0 0 -4.49402  -5.49688 0 2.7056 0 0 -4.65026  -0.0164879 0 0.0355687 0 0 -0.0134567  0.110999 0 0.258831 0 0 0.169693  0 0 0 0 0 0  
104.301 2.65987 0.0216258 -5.41875 0 3 0 0 -4.53056  -5.50769 0 2.69789 0 0 -4.67751  -0.0184834 0 0.0359515 0 0 -0.0167628  0.107429 0 0.266157 0 0 0.163712  0 0 0 0 0 0  
104.929 2.67307 0.0205592 -5.4446 0 3 0 0 -4.51192  -5.52406 0 2.71594 0 0 -4.64526  -0.0220679 0 0.034791 0 0 -0.019832  0.10153 0 0.249267 0 0 0.153177  0 0 0 0 0 0  
105.558 2.68561 0.0192691 -5.2916 0 3 0 0 -4.38674  -5.37835 0 2.73449 0 0 -4.5159  -0.0151108 0 0.0324879 0 0 -0.0179251  0.101855 0 0.233022 0 0 0.147086  0 0 0 0 0 0  
106.186 2.69801 0.0199226 -5.25527 0 3 0 0 -4.40865  -5.35055 0 2.72028 0 0 -4.56006  -0.0133602 0 0.0340141 0 0 -0.0157635  0.108639 0 0.245702 0 0 0.167177  0 0 0 0 0 0  
106.814 2.71065 0.0203556 -5.29756 0 3 0 0 -4.55656  -5.38971 0 2.73319 0 0 -4.68987  -0.0131261 0 0.0344918 0 0 -0.0185002  0.105276 0 0.232317 0 0 0.151813  0 0 0 0 0 0  
107.442 2.72363 0.0206906 -5.33338 0 3 0 0 -4.60315  -5.41423 0 2.73134 0 0 -4.71898  -0.0183631 0 0.0366869 0 0 -0.0147608  0.0992182 0 0.231974 0 0 0.130598  0 0 0 0 0 0  
108.071 2.73663 0.0208989 -5.33528 0 3 0 0 -4.63025  -5.42328 0 2.72473 0 0 -4.75716  -0.0223981 0 0.0376082 0 0 -0.0160879  0.110397 0 0.237662 0 0 0.142997  0 0 0 0 0 0  
108.699 2.75002 0.0216232 -5.12488 0 3 0 0 -4.5924  -5.22168 0 2.72083 0 0 -4.72865  -0.0204429 0 0.0398766 0 0 -0.0147135  0.117234 0 0.239295 0 0 0.150965  0 0 0 0 0 0  
109.327 2.76364 0.0220286 -4.96078 0 3 0 0 -4.55292  -5.06496 0 2.71251 0 0 -4.70294  -0.0250377 0 0.0381064 0 0 -0.0174107  0.129218 0 0.249387 0 0 0.167426  0 0 0 0 0 0  
109.956 2.77755 0.0219965 -4.94446 0 3 0 0 -4.60112  -5.03854 0 2.71068 0 0 -4.74228  -0.0265914 0 0.0380003 0 0 -0.019044  0.120674 0 0.251324 0 0 0.160201  0 0 0 0 0 0  
110.584 2.79142 0.0221811 -4.96613 0 3 0 0 -4.68657  -5.05943 0 2.68577 0 0 -4.82483  -0.042014 0 0.0430996 0 0 -0.0253782  0.135317 0 0.271129 0 0 0.163633  0 0 0 0 0 0  
111.212 2.80506 0.020903 -5.10105 0 3 0 0 -4.8105  -5.1982 0 2.72166 0 0 -4.94495  -0.032093 0 0.0367403 0 0 -0.0194794  0.129242 0 0.241604 0 0 0.153935  0 0 0 0 0 0  
111.841 2.81758 0.0192636 -5.2291 0 3 0 0 -5.06433  -5.3101 0 2.75318 0 0 -5.16057  -0.0276487 0 0.0364035 0 0 -0.0145196  0.108652 0 0.21042 0 0 0.110759  0 0 0 0 0 0  
112.469 2.82954 0.0187844 -5.30244 0 3 0 0 -5.30559  -5.37949 0 2.7671 0 0 -5.39867  -0.0241901 0 0.0329054 0 0 -0.0125654  0.101242 0 0.199995 0 0 0.105651  0 0 0 0 0 0  
113.097 2.84124 0.0182047 -5.47956 0 3 0 0 -5.54735  -5.53603 0 2.78388 0 0 -5.63218  -0.0230963 0 0.0329214 0 0 -0.00995404  0.0795682 0 0.183201 0 0 0.0947899  0 0 0 0 0 0  
113.726 2.85264 0.0182805 -5.48427 0 3 0 0 -5.6773  -5.53767 0 2.78107 0 0 -5.76473  -0.0194992 0 0.0335495 0 0 -0.00819703  0.0728995 0 0.185384 0 0 0.0956178  0 0 0 0 0 0  
114.354 2.86417 0.0181927 -5.41721 0 3 0 0 -5.71578  -5.46298 0 2.78286 0 0 -5.79372  -0.0181691 0 0.0345857 0 0 -0.00512298  0.0639382 0 0.182559 0 0 0.0830665  0 0 0 0 0 0  
114.982 2.8757 0.0184973 -5.43955 0 3 0 0 -5.75114  -5.48601 0 2.78237 0 0 -5.8294  -0.0247994 0 0.0344174 0 0 -0.00979552  0.0712541 0 0.183212 0 0 0.0880615  0 0 0 0 0 0  
115.611 2.88698 0.0176284 -5.43326 0 3 0 0 -5.66971  -5.48287 0 2.79162 0 0 -5.75104  -0.0247623 0 0.0308231 0 0 -0.00882971  0.0743644 0 0.177557 0 0 0.0901608  0 0 0 0 0 0  
116.239 2.89784 0.0169713 -5.49248 0 3 0 0 -5.63768  -5.54286 0 2.7915 0 0 -5.71928  -0.0302756 0 0.0297063 0 0 -0.0117308  0.080648 0 0.178796 0 0 0.0933332  0 0 0 0 0 0  
116.867 2.90819 0.0162432 -5.51113 0 3 0 0 -5.5635  -5.5687 0 2.79685 0 0 -5.6419  -0.0262119 0 0.0269745 0 0 -0.0132186  0.0837759 0 0.176174 0 0 0.0916106  0 0 0 0 0 0  
117.496 2.91826 0.0159972 -5.46449 0 3 0 0 -5.42198  -5.52516 0 2.79382 0 0 -5.51236  -0.0256719 0 0.0282928 0 0 -0.011599  0.0863488 0 0.177885 0 0 0.10198  0 0 0 0 0 0  
118.124 2.92847 0.0165374 -5.3309 0 3 0 0 -5.21583  -5.40718 0 2.77926 0 0 -5.32397  -0.0229972 0 0.0296231 0 0 -0.0136624  0.0992711 0 0.191116 0 0 0.121808  0 0 0 0 0 0  
118.752 2.93893 0.0166972 -5.20109 0 3 0 0 -5.11932  -5.28415 0 2.76681 0 0 -5.24897  -0.0215338 0 0.0278586 0 0 -0.020761  0.104596 0 0.205336 0 0 0.150408  0 0 0 0 0 0  
119.381 2.94947 0.017256 -5.12245 0 3 0 0 -5.19978  -5.22483 0 2.75898 0 0 -5.33311  -0.0202698 0 0.0268591 0 0 -0.0220366  0.122642 0 0.21416 0 0 0.15537  0 0 0 0 0 0  
120.009 2.9607 0.0183506 -5.08683 0 3 0 0 -5.23856  -5.1979 0 2.74459 0 0 -5.36918  -0.0189082 0 0.0268626 0 0 -0.0238198  0.129971 0 0.228552 0 0 0.154445  0 0 0 0 0 0  
120.637 2.97241 0.0186072 -5.13936 0 3 0 0 -5.31203  -5.25157 0 2.75462 0 0 -5.43222  -0.0192674 0 0.0289895 0 0 -0.0198125  0.131481 0 0.216388 0 0 0.140009  0 0 0 0 0 0  
121.265 2.98429 0.0190079 -5.1962 0 3 0 0 -5.40366  -5.29373 0 2.75817 0 0 -5.51291  -0.0194904 0 0.0301663 0 0 -0.0183918  0.117024 0 0.211663 0 0 0.127636  0 0 0 0 0 0  
121.894 2.99646 0.019822 -5.25167 0 3 0 0 -5.38626  -5.33852 0 2.75214 0 0 -5.49305  -0.0203943 0 0.0311266 0 0 -0.0202891  0.10724 0 0.216734 0 0 0.127074  0 0 0 0 0 0  
122.522 3.00908 0.0204343 -5.26135 0 3 0 0 -5.36805  -5.34016 0 2.73738 0 0 -5.46314  -0.0240174 0 0.0342139 0 0 -0.0234543  0.102825 0 0.228405 0 0 0.118547  0 0 0 0 0 0  
123.15 3.02219 0.0211092 -5.28605 0 3 0 0 -5.41572  -5.36892 0 2.73522 0 0 -5.51808  -0.0227931 0 0.0346252 0 0 -0.0260541  0.105665 0 0.230155 0 0 0.128412  0 0 0 0 0 0  
123.779 3.03561 0.0214987 -5.32041 0 3 0 0 -5.48366  -5.39978 0 2.72975 0 0 -5.591  -0.0306081 0 0.0339067 0 0 -0.0271364  0.109978 0 0.236339 0 0 0.134474  0 0 0 0 0 0  
124.407 3.04889 0.0210623 -5.32326 0 3 0 0 -5.4002  -5.40586 0 2.73883 0 0 -5.51743  -0.037577 0 0.0273092 0 0 -0.0269197  0.120186 0 0.233865 0 0 0.144145  0 0 0 0 0 0  
125.035 3.06211 0.0212424 -5.1593 0 3 0 0 -5.21738  -5.24393 0 2.7429 0 0 -5.33307  -0.0272623 0 0.0295584 0 0 -0.0165592  0.111884 0 0.227544 0 0 0.132249  0 0 0 0 0 0  
125.664 3.07539 0.0213489 -5.08771 0 3 0 0 -5.10285  -5.17273 0 2.74549 0 0 -5.20598  -0.0254584 0 0.033402 0 0 -0.0168261  0.110474 0 0.221113 0 0 0.119959  0 0 0 0 0 0  
126.292 3.08878 0.0214388 -4.92904 0 3 0 0 -4.96155  -5.01065 0 2.73873 0 0 -5.07157  -0.0259933 0 0.0372973 0 0 -0.0186441  0.107597 0 0.223975 0 0 0.128664  0 0 0 0 0 0  
126.92 3.10222 0.0211913 -4.71682 0 3 0 0 -4.76416  -4.81875 0 2.72577 0 0 -4.90998  -0.023415 0 0.0351175 0 0 -0.0149897  0.125352 0 0.239116 0 0 0.160805  0 0 0 0 0 0  
127.549 3.1155 0.0212579 -4.69959 0 3 0 0 -4.74017  -4.80464 0 2.72308 0 0 -4.89142  -0.0280852 0 0.035603 0 0 -0.0153256  0.133135 0 0.241315 0 0 0.166571  0 0 0 0 0 0  
128.177 3.12918 0.0222044 -4.69994 0 3 0 0 -4.78239  -4.78772 0 2.70674 0 0 -4.92116  -0.0325436 0 0.0375715 0 0 -0.0245275  0.120326 0 0.255689 0 0 0.163302  0 0 0 0 0 0  
128.805 3.14348 0.0232999 -4.78703 0 3 0 0 -4.91005  -4.86861 0 2.69565 0 0 -5.04623  -0.0385057 0 0.0390015 0 0 -0.0308026  0.120086 0 0.265344 0 0 0.166984  0 0 0 0 0 0  
129.434 3.15812 0.0230476 -4.92999 0 3 0 0 -5.03732  -4.99848 0 2.70418 0 0 -5.146  -0.0375525 0 0.0384529 0 0 -0.0252522  0.106044 0 0.257368 0 0 0.133926  0 0 0 0 0 0  
130.062 3.17246 0.0224966 -5.02671 0 3 0 0 -5.02241  -5.09631 0 2.70851 0 0 -5.1297  -0.0362138 0 0.0381109 0 0 -0.0304428  0.105811 0 0.253382 0 0 0.137735  0 0 0 0 0 0  
130.69 3.18679 0.0231642 -5.02398 0 3 0 0 -4.9698  -5.0911 0 2.71111 0 0 -5.07198  -0.038412 0 0.0427319 0 0 -0.0376326  0.105533 0 0.246157 0 0 0.139822  0 0 0 0 0 0  
131.319 3.20173 0.0237731 -4.99798 0 3 0 0 -4.74424  -5.06299 0 2.69888 0 0 -4.85978  -0.0328425 0 0.0443491 0 0 -0.0377723  0.0978541 0 0.25677 0 0 0.153305  0 0 0 0 0 0  
131.947 3.21685 0.0241405 -4.96023 0 3 0 0 -4.62858  -5.03993 0 2.68095 0 0 -4.76924  -0.0402611 0 0.0413324 0 0 -0.041819  0.119959 0 0.277718 0 0 0.182476  0 0 0 0 0 0  
132.575 3.23243 0.0243976 -4.87589 0 3 0 0 -4.57062  -4.9769 0 2.66804 0 0 -4.7367  -0.0441857 0 0.0370657 0 0 -0.0519675  0.145196 0 0.294894 0 0 0.218046  0 0 0 0 0 0  
133.204 3.24733 0.0228577 -4.95737 0 3 0 0 -4.53451  -5.0525 0 2.68676 0 0 -4.69016  -0.0388124 0 0.0356354 0 0 -0.043788  0.133936 0 0.277605 0 0 0.199433  0 0 0 0 0 0  
133.832 3.2612 0.0217235 -5.03912 0 3 0 0 -4.55039  -5.14597 0 2.71118 0 0 -4.68701  -0.0321064 0 0.0326326 0 0 -0.0308443  0.13895 0 0.25619 0 0 0.16746  0 0 0 0 0 0  
134.46 3.27436 0.0201647 -5.18242 0 3 0 0 -4.60125  -5.28144 0 2.72636 0 0 -4.72494  -0.0337603 0 0.0350381 0 0 -0.026857  0.132772 0 0.238601 0 0 0.150549  0 0 0 0 0 0  
135.088 3.28702 0.0204725 -5.25307 0 3 0 0 -4.54044  -5.36229 0 2.73433 0 0 -4.66742  -0.0255337 0 0.0366444 0 0 -0.0225678  0.134758 0 0.229024 0 0 0.149548  0 0 0 0 0 0  
135.717 3.29975 0.0202641 -5.33242 0 3 0 0 -4.4985  -5.42752 0 2.74503 0 0 -4.63417  -0.0227324 0 0.0338684 0 0 -0.0212896  0.117832 0 0.221098 0 0 0.15696  0 0 0 0 0 0  
136.345 3.3128 0.0210346 -5.35467 0 3 0 0 -4.5083  -5.44081 0 2.73664 0 0 -4.63466  -0.0235356 0 0.0364904 0 0 -0.0241327  0.109672 0 0.226869 0 0 0.150489  0 0 0 0 0 0  
136.973 3.32621 0.021736 -5.41492 0 3 0 0 -4.50131  -5.50239 0 2.72873 0 0 -4.62809  -0.025188 0 0.0353063 0 0 -0.0274025  0.112659 0 0.235965 0 0 0.154183  0 0 0 0 0 0  
137.602 3.34006 0.0220981 -5.38107 0 3 0 0 -4.52074  -5.47023 0 2.73241 0 0 -4.63852  -0.0205208 0 0.0393149 0 0 -0.0258399  0.109678 0 0.228273 0 0 0.143618  0 0 0 0 0 0  
138.23 3.35411 0.0231236 -5.28746 0 3 0 0 -4.56685  -5.38349 0 2.72379 0 0 -4.6973  -0.0214538 0 0.0418001 0 0 -0.0233619  0.117488 0 0.234407 0 0 0.153816  0 0 0 0 0 0  
138.858 3.36819 0.0218508 -5.20909 0 3 0 0 -4.63536  -5.30343 0 2.74159 0 0 -4.75041  -0.0223543 0 0.0387233 0 0 -0.0192278  0.116694 0 0.219687 0 0 0.134278  0 0 0 0 0 0  
139.487 3.38183 0.0216811 -5.00278 0 3 0 0 -4.57479  -5.08523 0 2.74881 0 0 -4.6816  -0.0221241 0 0.0361415 0 0 -0.0156343  0.104573 0 0.21505 0 0 0.12244  0 0 0 0 0 0  
140.115 3.39564 0.0223041 -4.77247 0 3 0 0 -4.45279  -4.88165 0 2.7302 0 0 -4.58058  -0.022608 0 0.0384342 0 0 -0.0196794  0.131781 0 0.231366 0 0 0.147475  0 0 0 0 0 0  
140.743 3.40948 0.0217563 -4.52532 0 3 0 0 -4.38182  -4.6481 0 2.71062 0 0 -4.522  -0.0286623 0 0.0348784 0 0 -0.0259423  0.151446 0 0.254506 0 0 0.166117  0 0 0 0 0 0  
141.372 3.42298 0.0213064 -4.41338 0 3 0 0 -4.38642  -4.52895 0 2.71923 0 0 -4.53348  -0.0207923 0 0.0331539 0 0 -0.0215485  0.136361 0 0.247614 0 0 0.168607  0 0 0 0 0 0  
142 3.43652 0.0220567 -4.3586 0 3 0 0 -4.40143  -4.46907 0 2.71115 0 0 -4.55703  -0.0236473 0 0.0339968 0 0 -0.0168615  0.134117 0 0.254856 0 0 0.172464  0 0 0 0 0 0  
142.628 3.45079 0.0235264 -4.28125 0 3 0 0 -4.38438  -4.3763 0 2.69529 0 0 -4.53224  -0.0274793 0 0.0350787 0 0 -0.0181903  0.122532 0 0.269632 0 0 0.166056  0 0 0 0 0 0  
143.257 3.46601 0.0251961 -4.24973 0 3 0 0 -4.42345  -4.35912 0 2.6539 0 0 -4.59847  -0.0346586 0 0.0354693 0 0 -0.0331101  0.144051 0 0.310626 0 0 0.208125  0 0 0 0 0 0  
143.885 3.48225 0.0265443 -4.23218 0 3 0 0 -4.43125  -4.34759 0 2.63871 0 0 -4.60866  -0.0352407 0 0.0369735 0 0 -0.0374916  0.150655 0 0.324316 0 0 0.214908  0 0 0 0 0 0  
144.513 3.49899 0.0259447 -4.35146 0 3 0 0 -4.44823  -4.45966 0 2.64752 0 0 -4.6245  -0.044942 0 0.0354118 0 0 -0.0495016  0.153147 0 0.317065 0 0 0.225766  0 0 0 0 0 0  
145.142 3.51502 0.0250269 -4.49843 0 3 0 0 -4.50759  -4.59212 0 2.67742 0 0 -4.65748  -0.0405805 0 0.0352864 0 0 -0.0401802  0.134268 0 0.287292 0 0 0.190066  0 0 0 0 0 0  
145.77 3.53057 0.0238958 -4.62375 0 3 0 0 -4.56019  -4.7187 0 2.68839 0 0 -4.71799  -0.0363914 0 0.0271393 0 0 -0.0398666  0.131341 0 0.28447 0 0 0.197665  0 0 0 0 0 0  
146.398 3.54567 0.0240533 -4.71538 0 3 0 0 -4.54165  -4.81071 0 2.69102 0 0 -4.70558  -0.0341941 0 0.0299893 0 0 -0.0293629  0.129525 0 0.278992 0 0 0.193294  0 0 0 0 0 0  
147.027 3.56122 0.0252395 -4.72597 0 3 0 0 -4.43695  -4.81133 0 2.68396 0 0 -4.59184  -0.0294168 0 0.0378276 0 0 -0.0238981  0.11478 0 0.278217 0 0 0.178784  0 0 0 0 0 0  
147.655 3.57743 0.0264979 -4.67301 0 3 0 0 -4.35385  -4.76741 0 2.66637 0 0 -4.51566  -0.0336124 0 0.0414384 0 0 -0.0289763  0.128011 0 0.292193 0 0 0.190787  0 0 0 0 0 0  
148.283 3.59463 0.0281881 -4.63237 0 3 0 0 -4.14616  -4.72897 0 2.61773 0 0 -4.30892  -0.0501071 0 0.0456704 0 0 -0.0432123  0.146711 0 0.336602 0 0 0.205979  0 0 0 0 0 0  
148.911 3.61286 0.0292877 -4.53004 0 3 0 0 -4.03585  -4.62951 0 2.5972 0 0 -4.21544  -0.0487561 0 0.0465331 0 0 -0.0433129  0.148227 0 0.356268 0 0 0.222899  0 0 0 0 0 0  
149.54 3.63117 0.0285033 -4.55615 0 3 0 0 -3.94996  -4.67314 0 2.60386 0 0 -4.15224  -0.0515978 0 0.041553 0 0 -0.0449385  0.168591 0 0.354589 0 0 0.247223  0 0 0 0 0 0  
150.168 3.64953 0.0291792 -4.60738 0 3 0 0 -3.91438  -4.72232 0 2.60588 0 0 -4.11413  -0.0551943 0 0.0392254 0 0 -0.0435921  0.17013 0 0.354894 0 0 0.243341  0 0 0 0 0 0  
150.796 3.66762 0.0285538 -4.53447 0 3 0 0 -3.90975  -4.64203 0 2.61247 0 0 -4.10004  -0.0505137 0 0.0371367 0 0 -0.0477903  0.158068 0 0.350393 0 0 0.238083  0 0 0 0 0 0  
151.425 3.68546 0.0284466 -4.46325 0 3 0 0 -3.94507  -4.58146 0 2.61676 0 0 -4.14048  -0.0525209 0 0.0309305 0 0 -0.0352624  0.170728 0 0.352306 0 0 0.230668  0 0 0 0 0 0  
152.053 3.7039 0.0305315 -4.33532 0 3 0 0 -3.85612  -4.48808 0 2.58632 0 0 -4.08698  -0.0699333 0 0.0306687 0 0 -0.0460349  0.222702 0 0.383016 0 0 0.276899  0 0 0 0 0 0  
152.681 3.72305 0.0308807 -4.23748 0 3 0 0 -3.86605  -4.401 0 2.54361 0 0 -4.09445  -0.0752992 0 0.0352455 0 0 -0.065079  0.238827 0 0.421143 0 0 0.293476  0 0 0 0 0 0  
153.31 3.74235 0.0296193 -4.33383 0 3 0 0 -3.81242  -4.50372 0 2.56671 0 0 -4.03109  -0.0676729 0 0.0322462 0 0 -0.0579362  0.237564 0 0.401043 0 0 0.276607  0 0 0 0 0 0  
153.938 3.76035 0.0284996 -4.44735 0 3 0 0 -3.88519  -4.59197 0 2.59226 0 0 -4.07932  -0.0558243 0 0.038196 0 0 -0.0570229  0.200441 0 0.369542 0 0 0.251153  0 0 0 0 0 0  
154.566 3.7773 0.0253743 -4.67657 0 3 0 0 -4.07076  -4.80273 0 2.63904 0 0 -4.2344  -0.056489 0 0.0369678 0 0 -0.0584146  0.182649 0 0.323993 0 0 0.222062  0 0 0 0 0 0  
155.195 3.79288 0.023316 -4.79406 0 3 0 0 -4.34072  -4.89951 0 2.69476 0 0 -4.48255  -0.0458935 0 0.0326764 0 0 -0.0453556  0.151346 0 0.272563 0 0 0.187179  0 0 0 0 0 0  
155.823 3.80681 0.0212297 -4.9189 0 3 0 0 -4.51077  -4.99928 0 2.738 0 0 -4.62416  -0.0371382 0 0.0299862 0 0 -0.0330612  0.117521 0 0.232011 0 0 0.146452  0 0 0 0 0 0  
156.451 3.81997 0.0205431 -4.97045 0 3 0 0 -4.6465  -5.04717 0 2.74579 0 0 -4.74191  -0.0341887 0 0.0304594 0 0 -0.0301772  0.110914 0 0.223752 0 0 0.125582  0 0 0 0 0 0  
157.08 3.83291 0.0204116 -4.9823 0 3 0 0 -4.72888  -5.05131 0 2.75389 0 0 -4.82267  -0.0276976 0 0.0303925 0 0 -0.0234062  0.096716 0 0.215717 0 0 0.117199  0 0 0 0 0 0  
157.708 3.84538 0.0196071 -4.95241 0 3 0 0 -4.68832  -5.00188 0 2.76694 0 0 -4.76995  -0.0253906 0 0.0320103 0 0 -0.0210968  0.0748575 0 0.201054 0 0 0.102728  0 0 0 0 0 0  
158.336 3.85806 0.0208583 -4.94182 0 3 0 0 -4.71638  -5.00005 0 2.75557 0 0 -4.80531  -0.022081 0 0.0305773 0 0 -0.0212322  0.0803118 0 0.213849 0 0 0.110166  0 0 0 0 0 0  
158.965 3.87132 0.0209946 -4.95914 0 3 0 0 -4.72279  -5.01842 0 2.75231 0 0 -4.81774  -0.0250378 0 0.0312507 0 0 -0.0221211  0.0843196 0 0.216436 0 0 0.117075  0 0 0 0 0 0  
159.593 3.88476 0.0220215 -4.96041 0 3 0 0 -4.73682  -5.01963 0 2.73814 0 0 -4.82792  -0.0267445 0 0.0333203 0 0 -0.0242196  0.0859637 0 0.228535 0 0 0.115318  0 0 0 0 0 0  
160.221 3.89902 0.0236968 -4.99169 0 3 0 0 -4.71029  -5.05148 0 2.71889 0 0 -4.81458  -0.0370762 0 0.036327 0 0 -0.029516  0.0968696 0 0.24478 0 0 0.133809  0 0 0 0 0 0  
160.85 3.91378 0.023829 -5.04499 0 3 0 0 -4.79215  -5.10457 0 2.7182 0 0 -4.90035  -0.036391 0 0.0338967 0 0 -0.0278451  0.0959774 0 0.247906 0 0 0.136049  0 0 0 0 0 0  
161.478 3.92887 0.0240052 -5.08367 0 3 0 0 -4.84068  -5.14712 0 2.70974 0 0 -4.9336  -0.0395299 0 0.038485 0 0 -0.035543  0.102983 0 0.251775 0 0 0.128471  0 0 0 0 0 0  
162.106 3.94365 0.0232402 -5.03811 0 3 0 0 -4.84352  -5.10988 0 2.70663 0 0 -4.95706  -0.0461787 0 0.0333763 0 0 -0.0451271  0.117951 0 0.259991 0 0 0.158661  0 0 0 0 0 0  
162.734 3.95793 0.0223012 -4.96445 0 3 0 0 -4.74225  -5.02891 0 2.71522 0 0 -4.8568  -0.0448721 0 0.0330645 0 0 -0.0365664  0.109323 0 0.251717 0 0 0.151119  0 0 0 0 0 0  
163.363 3.97191 0.0218201 -4.93448 0 3 0 0 -4.66414  -5.01726 0 2.72392 0 0 -4.78092  -0.0336627 0 0.0324832 0 0 -0.0332305  0.116439 0 0.243595 0 0 0.15001  0 0 0 0 0 0  
163.991 3.98528 0.0206613 -4.84505 0 3 0 0 -4.69935  -4.9277 0 2.74005 0 0 -4.80123  -0.0306877 0 0.0318299 0 0 -0.0311116  0.113333 0 0.228121 0 0 0.132995  0 0 0 0 0 0  
164.619 3.99776 0.0198532 -4.79834 0 3 0 0 -4.67815  -4.87536 0 2.74894 0 0 -4.78487  -0.0266999 0 0.031629 0 0 -0.0242398  0.103729 0 0.219436 0 0 0.130958  0 0 0 0 0 0  
165.248 4.01048 0.0213606 -4.74117 0 3 0 0 -4.79643  -4.81667 0 2.73132 0 0 -4.913  -0.0308522 0 0.0324315 0 0 -0.0286171  0.106353 0 0.236253 0 0 0.145182  0 0 0 0 0 0  
165.876 4.02394 0.0213831 -4.73035 0 3 0 0 -4.90695  -4.79847 0 2.73647 0 0 -5.02693  -0.0303078 0 0.0335631 0 0 -0.0237181  0.0984354 0 0.229966 0 0 0.143702  0 0 0 0 0 0  
166.504 4.03755 0.0217062 -4.79178 0 3 0 0 -5.07442  -4.85371 0 2.74537 0 0 -5.18064  -0.0223887 0 0.035762 0 0 -0.0204676  0.0843207 0 0.218867 0 0 0.126692  0 0 0 0 0 0  
167.133 4.05131 0.0219522 -4.85535 0 3 0 0 -5.17907  -4.92511 0 2.75038 0 0 -5.28204  -0.0189456 0 0.0357706 0 0 -0.0207266  0.0887103 0 0.213847 0 0 0.123698  0 0 0 0 0 0  
167.761 4.06513 0.0217646 -4.97118 0 3 0 0 -5.34587  -5.04184 0 2.74572 0 0 -5.45103  -0.0261819 0 0.0319713 0 0 -0.0273304  0.0968343 0 0.222314 0 0 0.132488  0 0 0 0 0 0  
168.389 4.07896 0.022127 -5.10948 0 3 0 0 -5.43643  -5.18976 0 2.74254 0 0 -5.54781  -0.0189895 0 0.0327521 0 0 -0.0198562  0.0992686 0 0.224703 0 0 0.13124  0 0 0 0 0 0  
169.018 4.09278 0.0217623 -5.29875 0 3 0 0 -5.43119  -5.37769 0 2.73981 0 0 -5.5394  -0.0219327 0 0.0318275 0 0 -0.025285  0.100873 0 0.228364 0 0 0.133495  0 0 0 0 0 0  
169.646 4.1064 0.0213704 -5.37482 0 3 0 0 -5.42426  -5.4499 0 2.74559 0 0 -5.54167  -0.0248507 0 0.0293524 0 0 -0.0212356  0.099932 0 0.225053 0 0 0.138649  0 0 0 0 0 0  
170.274 4.11986 0.0211089 -5.42171 0 3 0 0 -5.42075  -5.4849 0 2.75559 0 0 -5.53096  -0.0227918 0 0.0299339 0 0 -0.0159318  0.0859806 0 0.214477 0 0 0.126139  0 0 0 0 0 0  
170.903 4.1332 0.0215976 -5.43666 0 3 0 0 -5.38114  -5.49256 0 2.74913 0 0 -5.49736  -0.025231 0 0.0300849 0 0 -0.022963  0.0811396 0 0.220785 0 0 0.139182  0 0 0 0 0 0  
171.531 4.14736 0.0232963 -5.36622 0 3 0 0 -5.33086  -5.4251 0 2.73072 0 0 -5.44987  -0.030786 0 0.0318338 0 0 -0.030647  0.0896683 0 0.237447 0 0 0.149659  0 0 0 0 0 0  
172.159 4.16209 0.0232852 -5.39423 0 3 0 0 -5.24794  -5.44679 0 2.71556 0 0 -5.37099  -0.0320885 0 0.0363354 0 0 -0.0223247  0.0846478 0 0.248103 0 0 0.145381  0 0 0 0 0 0  
172.788 4.17668 0.0229246 -5.53981 0 3 0 0 -5.23958  -5.6 0 2.73344 0 0 -5.35408  -0.0297317 0 0.0354741 0 0 -0.0203434  0.0899236 0 0.231084 0 0 0.134846  0 0 0 0 0 0  
173.416 4.19112 0.0224999 -5.46741 0 3 0 0 -5.23444  -5.52318 0 2.73453 0 0 -5.3368  -0.0331389 0 0.0373401 0 0 -0.0252729  0.0889135 0 0.228134 0 0 0.127632  0 0 0 0 0 0  
174.044 4.20525 0.0227784 -5.41082 0 3 0 0 -5.26762  -5.46193 0 2.73113 0 0 -5.36521  -0.0321996 0 0.0387861 0 0 -0.0292783  0.0833134 0 0.230085 0 0 0.126862  0 0 0 0 0 0  
174.673 4.21934 0.0219783 -5.20825 0 3 0 0 -5.29596  -5.25891 0 2.73434 0 0 -5.39388  -0.0333606 0 0.0386473 0 0 -0.0265615  0.0840254 0 0.227009 0 0 0.124486  0 0 0 0 0 0  
175.301 4.23309 0.0220434 -5.06735 0 3 0 0 -5.23159  -5.14559 0 2.72837 0 0 -5.34851  -0.031415 0 0.035402 0 0 -0.0211523  0.109652 0 0.236228 0 0 0.138078  0 0 0 0 0 0  
175.929 4.2474 0.0231442 -5.0444 0 3 0 0 -5.12556  -5.1287 0 2.7079 0 0 -5.26402  -0.0347724 0 0.0334525 0 0 -0.0297  0.119071 0 0.258644 0 0 0.168157  0 0 0 0 0 0  
176.558 4.26202 0.0238215 -5.01999 0 3 0 0 -4.99214  -5.12162 0 2.68392 0 0 -5.15019  -0.0334197 0 0.0323997 0 0 -0.0300117  0.13505 0 0.28368 0 0 0.188062  0 0 0 0 0 0  
177.186 4.27708 0.0248163 -5.05169 0 3 0 0 -4.87119  -5.17244 0 2.65444 0 0 -5.05842  -0.0333854 0 0.0336657 0 0 -0.0295574  0.154139 0 0.311892 0 0 0.21678  0 0 0 0 0 0  
177.814 4.29284 0.0254963 -5.06686 0 3 0 0 -4.83974  -5.18595 0 2.64467 0 0 -5.03666  -0.0370628 0 0.0332567 0 0 -0.0317596  0.156153 0 0.322074 0 0 0.228679  0 0 0 0 0 0  
178.442 4.30899 0.0263254 -5.11532 0 3 0 0 -4.86294  -5.2309 0 2.63785 0 0 -5.0569  -0.0375585 0 0.0332412 0 0 -0.0322738  0.153139 0 0.328913 0 0 0.226237  0 0 0 0 0 0  
179.071 4.32569 0.0269635 -5.17324 0 3 0 0 -4.89152  -5.26774 0 2.63556 0 0 -5.05835  -0.024805 0 0.0383209 0 0 -0.0169293  0.119306 0 0.326117 0 0 0.183754  0 0 0 0 0 0  
179.699 4.34277 0.0272649 -5.24128 0 3 0 0 -4.95163  -5.33317 0 2.62937 0 0 -5.10925  -0.0333409 0 0.0430595 0 0 -0.0224635  0.125232 0 0.327574 0 0 0.180086  0 0 0 0 0 0  
180.327 4.35981 0.0264217 -5.19966 0 3 0 0 -5.00525  -5.29658 0 2.63907 0 0 -5.16476  -0.0338673 0 0.0426152 0 0 -0.0237509  0.130785 0 0.318318 0 0 0.183265  0 0 0 0 0 0  
180.956 4.37604 0.0250071 -5.27934 0 3 0 0 -5.12438  -5.36004 0 2.65837 0 0 -5.25416  -0.0354255 0 0.0436468 0 0 -0.025264  0.11612 0 0.297988 0 0 0.155044  0 0 0 0 0 0  
181.584 4.39175 0.0249466 -5.15811 0 3 0 0 -5.15097  -5.25814 0 2.66 0 0 -5.3014  -0.0359834 0 0.0399327 0 0 -0.0256023  0.136013 0 0.30007 0 0 0.176037  0 0 0 0 0 0  
182.212 4.40724 0.0242605 -5.06513 0 3 0 0 -5.15666  -5.15845 0 2.66088 0 0 -5.30906  -0.0378365 0 0.0406269 0 0 -0.0276565  0.131154 0 0.298491 0 0 0.180054  0 0 0 0 0 0  
182.841 4.42238 0.0242708 -4.9549 0 3 0 0 -5.13373  -5.0334 0 2.66481 0 0 -5.2733  -0.032398 0 0.0425352 0 0 -0.0292285  0.110899 0 0.292655 0 0 0.168794  0 0 0 0 0 0  
183.469 4.43737 0.0236086 -5.04823 0 3 0 0 -5.19563  -5.11813 0 2.68333 0 0 -5.31508  -0.0359877 0 0.0391014 0 0 -0.035252  0.105886 0 0.27757 0 0 0.154705  0 0 0 0 0 0  
184.097 4.45222 0.023719 -5.09351 0 3 0 0 -5.18823  -5.16517 0 2.69744 0 0 -5.31154  -0.0331941 0 0.0403141 0 0 -0.0286932  0.104852 0 0.262241 0 0 0.151997  0 0 0 0 0 0  
184.726 4.46654 0.0224133 -5.10822 0 3 0 0 -5.14189  -5.17351 0 2.71945 0 0 -5.26246  -0.0329934 0 0.0348151 0 0 -0.0261785  0.0982847 0 0.245733 0 0 0.146748  0 0 0 0 0 0  
185.354 4.4806 0.0222018 -4.92679 0 3 0 0 -5.00058  -4.99751 0 2.71959 0 0 -5.12408  -0.0333057 0 0.0328214 0 0 -0.0276492  0.104026 0 0.247585 0 0 0.15114  0 0 0 0 0 0  
185.982 4.49489 0.0230391 -4.65942 0 3 0 0 -4.85646  -4.74778 0 2.69683 0 0 -5.00671  -0.0438943 0 0.0320756 0 0 -0.0258622  0.132251 0 0.271091 0 0 0.176119  0 0 0 0 0 0  
186.611 4.51008 0.0248126 -4.41319 0 3 0 0 -4.70251  -4.51857 0 2.66924 0 0 -4.87141  -0.0487764 0 0.0351361 0 0 -0.0274113  0.154152 0 0.295627 0 0 0.196316  0 0 0 0 0 0  
187.239 4.52603 0.0258177 -4.22919 0 3 0 0 -4.61942  -4.34294 0 2.6487 0 0 -4.80975  -0.0437652 0 0.0389064 0 0 -0.0308971  0.157508 0 0.312394 0 0 0.221221  0 0 0 0 0 0  
187.867 4.54259 0.0262756 -4.17836 0 3 0 0 -4.74521  -4.28872 0 2.6484 0 0 -4.91569  -0.0481722 0 0.0432876 0 0 -0.0243822  0.158532 0 0.308309 0 0 0.194858  0 0 0 0 0 0  
188.496 4.55896 0.0252753 -4.28822 0 3 0 0 -4.81479  -4.40524 0 2.65895 0 0 -4.99344  -0.0445338 0 0.0382735 0 0 -0.0252516  0.161557 0 0.302774 0 0 0.203905  0 0 0 0 0 0  
189.124 4.57456 0.0242494 -4.27191 0 3 0 0 -4.8198  -4.40446 0 2.66977 0 0 -5.00049  -0.049665 0 0.0358631 0 0 -0.0312426  0.182216 0 0.29437 0 0 0.211937  0 0 0 0 0 0  
189.752 4.58989 0.0252421 -4.42103 0 3 0 0 -4.86203  -4.54695 0 2.66359 0 0 -5.03423  -0.0455026 0 0.0380679 0 0 -0.0259717  0.171422 0 0.298345 0 0 0.198169  0 0 0 0 0 0  
190.381 4.60576 0.0252704 -4.5111 0 3 0 0 -4.88987  -4.62625 0 2.65001 0 0 -5.07071  -0.0533605 0 0.0387199 0 0 -0.0268213  0.168503 0 0.311272 0 0 0.207664  0 0 0 0 0 0  
191.009 4.62144 0.0246584 -4.55863 0 3 0 0 -4.8521  -4.67418 0 2.66102 0 0 -5.0148  -0.0373981 0 0.0401018 0 0 -0.0202045  0.152949 0 0.298881 0 0 0.18291  0 0 0 0 0 0  
191.637 4.63693 0.0244185 -4.61698 0 3 0 0 -4.82985  -4.73118 0 2.65877 0 0 -4.99083  -0.0419332 0 0.0403834 0 0 -0.0265472  0.156132 0 0.300846 0 0 0.187531  0 0 0 0 0 0  
192.265 4.65261 0.025243 -4.61682 0 3 0 0 -4.77135  -4.73713 0 2.662 0 0 -4.94195  -0.0370228 0 0.0367673 0 0 -0.0238517  0.157325 0 0.301231 0 0 0.19445  0 0 0 0 0 0  
192.894 4.66853 0.025455 -4.79135 0 3 0 0 -4.72418  -4.89649 0 2.66981 0 0 -4.86772  -0.037695 0 0.0387676 0 0 -0.0304289  0.142836 0 0.291426 0 0 0.173971  0 0 0 0 0 0  
193.522 4.68448 0.0257619 -5.02749 0 3 0 0 -4.67129  -5.11558 0 2.65721 0 0 -4.80902  -0.0435715 0 0.0402584 0 0 -0.0404055  0.131666 0 0.302528 0 0 0.178136  0 0 0 0 0 0  
194.15 4.70029 0.0247323 -5.15844 0 3 0 0 -4.72962  -5.23022 0 2.68938 0 0 -4.84941  -0.0363461 0 0.0404548 0 0 -0.0254941  0.108121 0 0.270169 0 0 0.145277  0 0 0 0 0 0  
194.779 4.71619 0.0253688 -5.2462 0 3 0 0 -4.76294  -5.31671 0 2.67474 0 0 -4.88671  -0.0404144 0 0.0440303 0 0 -0.0302411  0.110924 0 0.281232 0 0 0.154015  0 0 0 0 0 0  
195.407 4.7316 0.0232602 -5.38263 0 3 0 0 -4.833  -5.44786 0 2.705 0 0 -4.94647  -0.0400686 0 0.0402485 0 0 -0.0267339  0.105298 0 0.254753 0 0 0.140208  0 0 0 0 0 0  
196.035 4.74551 0.0210484 -5.51033 0 3 0 0 -4.92619  -5.56852 0 2.74467 0 0 -5.02373  -0.0278521 0 0.037031 0 0 -0.0186408  0.0860472 0 0.2183 0 0 0.116185  0 0 0 0 0 0  
196.664 4.75821 0.0201667 -5.49044 0 3 0 0 -4.83913  -5.55239 0 2.76246 0 0 -4.94632  -0.0236173 0 0.0324491 0 0 -0.0134269  0.0855709 0 0.205093 0 0 0.120613  0 0 0 0 0 0  
197.292 4.77093 0.0205455 -5.31927 0 3 0 0 -4.72995  -5.38776 0 2.75435 0 0 -4.84093  -0.0264215 0 0.0319472 0 0 -0.0168659  0.0949081 0 0.213702 0 0 0.127849  0 0 0 0 0 0  
197.92 4.78411 0.0218563 -5.0404 0 3 0 0 -4.57045  -5.12203 0 2.72296 0 0 -4.71075  -0.0270444 0 0.0342694 0 0 -0.0229453  0.108676 0 0.242773 0 0 0.163245  0 0 0 0 0 0  
198.549 4.79814 0.022532 -4.93379 0 3 0 0 -4.44434  -5.02527 0 2.70586 0 0 -4.59845  -0.0290306 0 0.0357699 0 0 -0.0219302  0.120513 0 0.258368 0 0 0.176038  0 0 0 0 0 0  
199.177 4.8123 0.0228076 -4.87497 0 3 0 0 -4.46891  -4.96867 0 2.70339 0 0 -4.6297  -0.0295874 0 0.0376862 0 0 -0.0185095  0.123283 0 0.258926 0 0 0.1793  0 0 0 0 0 0  
199.805 4.82686 0.022791 -5.02235 0 3 0 0 -4.50884  -5.11401 0 2.70645 0 0 -4.66418  -0.032869 0 0.0341677 0 0 -0.0176709  0.124533 0 0.259384 0 0 0.173007  0 0 0 0 0 0  
200.434 4.84076 0.0220957 -5.23468 0 3 0 0 -4.55029  -5.30259 0 2.7218 0 0 -4.67805  -0.0280728 0 0.0346302 0 0 -0.00814886  0.0959818 0 0.243574 0 0 0.135905  0 0 0 0 0 0  
201.062 4.85436 0.0218106 -5.31839 0 3 0 0 -4.60327  -5.38686 0 2.72508 0 0 -4.72726  -0.0269166 0 0.0360753 0 0 -0.0123278  0.0953916 0 0.238845 0 0 0.136325  0 0 0 0 0 0  
201.69 4.86818 0.0223853 -5.288 0 3 0 0 -4.72706  -5.35751 0 2.71928 0 0 -4.84067  -0.0277266 0 0.0402263 0 0 -0.0183009  0.0972364 0 0.240494 0 0 0.131912  0 0 0 0 0 0  
202.319 4.882 0.021438 -5.22834 0 3 0 0 -4.79157  -5.29229 0 2.73226 0 0 -4.90018  -0.029738 0 0.0411717 0 0 -0.0217903  0.0936938 0 0.226568 0 0 0.130401  0 0 0 0 0 0  
202.947 4.89552 0.0212836 -5.09256 0 3 0 0 -4.77669  -5.16823 0 2.74189 0 0 -4.88591  -0.0241185 0 0.0386791 0 0 -0.0210585  0.0997835 0 0.219435 0 0 0.130282  0 0 0 0 0 0  
203.575 4.90909 0.0223381 -4.95929 0 3 0 0 -4.75919  -5.04539 0 2.71672 0 0 -4.88435  -0.0313966 0 0.0383621 0 0 -0.0226507  0.117501 0 0.24492 0 0 0.147815  0 0 0 0 0 0  
204.204 4.92326 0.0229128 -4.89366 0 3 0 0 -4.89141  -4.98005 0 2.7039 0 0 -5.01114  -0.0322398 0 0.0385641 0 0 -0.0241725  0.118631 0 0.25754 0 0 0.143904  0 0 0 0 0 0  
204.832 4.93769 0.0225881 -4.88556 0 3 0 0 -5.10708  -4.97504 0 2.70322 0 0 -5.22389  -0.0345612 0 0.0368704 0 0 -0.0372149  0.124039 0 0.259908 0 0 0.154019  0 0 0 0 0 0  
205.46 4.95174 0.0219499 -4.86767 0 3 0 0 -5.22421  -4.94669 0 2.71007 0 0 -5.3346  -0.0354904 0 0.0362405 0 0 -0.0299985  0.11451 0 0.253687 0 0 0.140388  0 0 0 0 0 0  
206.088 4.96546 0.0212139 -4.93461 0 3 0 0 -5.28698  -5.00261 0 2.72277 0 0 -5.40338  -0.0376198 0 0.0353349 0 0 -0.021036  0.105621 0 0.241893 0 0 0.137433  0 0 0 0 0 0  
206.717 4.97853 0.0203822 -4.96103 0 3 0 0 -5.36332  -5.02729 0 2.73513 0 0 -5.47175  -0.0326134 0 0.0339934 0 0 -0.0215926  0.0988789 0 0.230879 0 0 0.130029  0 0 0 0 0 0  
207.345 4.99165 0.0213429 -5.05959 0 3 0 0 -5.35618  -5.12337 0 2.72918 0 0 -5.45171  -0.0339802 0 0.0345818 0 0 -0.0191335  0.0977668 0 0.236241 0 0 0.114663  0 0 0 0 0 0  
207.973 5.0053 0.0223723 -5.03498 0 3 0 0 -5.32748  -5.10906 0 2.71318 0 0 -5.42676  -0.0284192 0 0.035075 0 0 -0.0182987  0.102506 0 0.25174 0 0 0.117587  0 0 0 0 0 0  
