# LF_DEM version v3.0-126-gb72fb1a
# np 1000
# VF 0.76
# Lx 73.993
# Ly 0
# Lz 73.993
# flow_type shear
# data in cl units.
#1: time
#2: cumulated strain
#3: shear rate
#4-9: total stress tensor (xx, xy, xz, yz, yy, zz)
#10-15: contact stress tensor (xx, xy, xz, yz, yy, zz)
#16-21: dashpot stress tensor (xx, xy, xz, yz, yy, zz)
#22-27: hydro stress tensor (xx, xy, xz, yz, yy, zz)
#28-33: repulsion stress tensor (xx, xy, xz, yz, yy, zz)

0.00471239 0.000448357 0.0951443 -5.24762 0 4 0 0 -4.54022  -5.72137 0 2.71747 0 0 -5.31553  -0.207227 0 0.0996726 0 0 -0.204878  0.680981 0 1.18286 0 0 0.98019  0 0 0 0 0 0  
0.471239 0.0263597 0.0486947 -5.62213 0 4 0 0 -4.97623  -5.83396 0 3.36125 0 0 -5.31294  -0.0851912 0 0.0564019 0 0 -0.1  0.297017 0 0.582346 0 0 0.436714  0 0 0 0 0 0  
0.942478 0.0481336 0.0447566 -5.71304 0 4 0 0 -5.53248  -5.88155 0 3.43089 0 0 -5.80275  -0.0721731 0 0.0540944 0 0 -0.0719734  0.240687 0 0.515018 0 0 0.342236  0 0 0 0 0 0  
1.41372 0.069026 0.0440716 -5.75054 0 4 0 0 -5.78042  -5.90327 0 3.44829 0 0 -6.00881  -0.0673061 0 0.0543811 0 0 -0.0607441  0.220036 0 0.497333 0 0 0.28913  0 0 0 0 0 0  
1.88496 0.0890877 0.0416341 -5.94301 0 4 0 0 -5.72527  -6.0771 0 3.47131 0 0 -5.93964  -0.0522712 0 0.0561566 0 0 -0.0466964  0.186362 0 0.472536 0 0 0.261065  0 0 0 0 0 0  
2.35619 0.108826 0.0412377 -6.13738 0 4 0 0 -5.62898  -6.25066 0 3.4802 0 0 -5.85202  -0.0481333 0 0.0534669 0 0 -0.0572369  0.161416 0 0.466338 0 0 0.280278  0 0 0 0 0 0  
2.82743 0.128292 0.041784 -6.41227 0 4 0 0 -5.61279  -6.50185 0 3.47196 0 0 -5.83178  -0.0582334 0 0.0646749 0 0 -0.0578539  0.147816 0 0.46336 0 0 0.276838  0 0 0 0 0 0  
3.29867 0.14813 0.0418058 -6.69115 0 4 0 0 -5.6174  -6.80455 0 3.48541 0 0 -5.8285  -0.0583889 0 0.0609498 0 0 -0.0711129  0.171784 0 0.45364 0 0 0.282216  0 0 0 0 0 0  
3.76991 0.166855 0.0379545 -6.99281 0 4 0 0 -5.67684  -7.08658 0 3.52306 0 0 -5.872  -0.0449596 0 0.0578015 0 0 -0.0708792  0.138724 0 0.419138 0 0 0.266041  0 0 0 0 0 0  
4.24115 0.184491 0.0361471 -7.13393 0 4 0 0 -5.87606  -7.22539 0 3.56674 0 0 -6.0606  -0.0387619 0 0.0521166 0 0 -0.0608207  0.130218 0 0.381146 0 0 0.245366  0 0 0 0 0 0  
4.71239 0.201445 0.0353065 -7.18778 0 4 0 0 -6.00088  -7.28025 0 3.56628 0 0 -6.17704  -0.0477232 0 0.047379 0 0 -0.057717  0.140194 0 0.386338 0 0 0.233877  0 0 0 0 0 0  
5.18363 0.21809 0.0350311 -7.23397 0 4 0 0 -6.07207  -7.30625 0 3.55853 0 0 -6.21044  -0.0574944 0 0.0524748 0 0 -0.0566152  0.129772 0 0.388999 0 0 0.194982  0 0 0 0 0 0  
5.65487 0.234317 0.0331867 -7.24673 0 4 0 0 -5.96524  -7.30771 0 3.57688 0 0 -6.10617  -0.0561933 0 0.0498133 0 0 -0.0479112  0.117169 0 0.373308 0 0 0.188838  0 0 0 0 0 0  
6.12611 0.250143 0.0335021 -7.00807 0 4 0 0 -5.77491  -7.09291 0 3.5765 0 0 -5.94468  -0.063795 0 0.0443846 0 0 -0.0527777  0.148641 0 0.37912 0 0 0.222546  0 0 0 0 0 0  
6.59734 0.265676 0.0339442 -6.82253 0 4 0 0 -5.62783  -6.9461 0 3.56301 0 0 -5.82287  -0.0563338 0 0.0473546 0 0 -0.0491498  0.179905 0 0.389639 0 0 0.244191  0 0 0 0 0 0  
7.06858 0.281676 0.0340629 -6.82447 0 4 0 0 -5.70697  -6.94916 0 3.57017 0 0 -5.88815  -0.0329848 0 0.0493584 0 0 -0.0358442  0.157678 0 0.380467 0 0 0.217025  0 0 0 0 0 0  
7.53982 0.297469 0.0338963 -6.77711 0 4 0 0 -5.70053  -6.91968 0 3.56329 0 0 -5.8848  -0.0468113 0 0.0452299 0 0 -0.0459412  0.189373 0 0.391477 0 0 0.230209  0 0 0 0 0 0  
8.01106 0.313783 0.0357682 -6.83272 0 4 0 0 -5.75333  -6.9898 0 3.54507 0 0 -5.94483  -0.0466841 0 0.0440738 0 0 -0.0549864  0.203762 0 0.410859 0 0 0.24649  0 0 0 0 0 0  
8.4823 0.330775 0.0361379 -6.92579 0 4 0 0 -5.72127  -7.07697 0 3.54062 0 0 -5.91542  -0.0552388 0 0.0433409 0 0 -0.0587358  0.206426 0 0.416035 0 0 0.252891  0 0 0 0 0 0  
8.95354 0.347526 0.0356106 -6.92234 0 4 0 0 -5.96466  -7.04396 0 3.54775 0 0 -6.13174  -0.0583387 0 0.0501267 0 0 -0.0593145  0.179954 0 0.402125 0 0 0.226397  0 0 0 0 0 0  
9.42478 0.36431 0.0350685 -6.95306 0 4 0 0 -6.03089  -7.05466 0 3.54209 0 0 -6.20751  -0.0568093 0 0.055886 0 0 -0.0559696  0.158403 0 0.402021 0 0 0.232587  0 0 0 0 0 0  
9.89602 0.380444 0.0339414 -6.88862 0 4 0 0 -6.08578  -6.99987 0 3.54159 0 0 -6.25935  -0.0486671 0 0.0524266 0 0 -0.0614466  0.159914 0 0.405982 0 0 0.235011  0 0 0 0 0 0  
10.3673 0.395979 0.0316649 -6.90844 0 4 0 0 -6.31675  -7.00759 0 3.58586 0 0 -6.47848  -0.056329 0 0.0496119 0 0 -0.058339  0.15548 0 0.36453 0 0 0.220064  0 0 0 0 0 0  
10.8385 0.410156 0.028662 -6.98927 0 4 0 0 -6.41947  -7.09361 0 3.63454 0 0 -6.55874  -0.0381797 0 0.0423518 0 0 -0.0499656  0.142516 0 0.323106 0 0 0.189228  0 0 0 0 0 0  
11.3097 0.423191 0.0270133 -7.03739 0 4 0 0 -6.43334  -7.13835 0 3.66273 0 0 -6.55608  -0.0340002 0 0.0376936 0 0 -0.0412339  0.13496 0 0.299576 0 0 0.16397  0 0 0 0 0 0  
11.781 0.435857 0.0272626 -6.96759 0 4 0 0 -6.33304  -7.06473 0 3.66145 0 0 -6.45932  -0.0386251 0 0.0348707 0 0 -0.0441928  0.135769 0 0.303677 0 0 0.170475  0 0 0 0 0 0  
12.2522 0.448613 0.0272138 -7.06315 0 4 0 0 -6.28285  -7.15611 0 3.67248 0 0 -6.40324  -0.0341281 0 0.0336353 0 0 -0.043487  0.127088 0 0.293887 0 0 0.163869  0 0 0 0 0 0  
12.7235 0.461538 0.0273839 -7.02486 0 4 0 0 -6.36352  -7.11617 0 3.67207 0 0 -6.49396  -0.0396174 0 0.0374036 0 0 -0.0449475  0.130931 0 0.290524 0 0 0.175389  0 0 0 0 0 0  
13.1947 0.474367 0.0273003 -7.02836 0 4 0 0 -6.41316  -7.12311 0 3.6709 0 0 -6.5443  -0.0426575 0 0.0357486 0 0 -0.0480528  0.13741 0 0.293349 0 0 0.179195  0 0 0 0 0 0  
13.6659 0.487057 0.0265709 -7.06937 0 4 0 0 -6.6155  -7.14307 0 3.68105 0 0 -6.71168  -0.0418755 0 0.0370827 0 0 -0.0432456  0.115573 0 0.281866 0 0 0.139425  0 0 0 0 0 0  
14.1372 0.499213 0.0250605 -7.09606 0 4 0 0 -6.74882  -7.15251 0 3.70616 0 0 -6.82807  -0.0414183 0 0.0369822 0 0 -0.0401997  0.0978695 0 0.256857 0 0 0.119454  0 0 0 0 0 0  
14.6084 0.510809 0.0245655 -7.15113 0 4 0 0 -6.71042  -7.19228 0 3.71425 0 0 -6.80025  -0.0407922 0 0.0368034 0 0 -0.0306802  0.0819469 0 0.248952 0 0 0.120513  0 0 0 0 0 0  
15.0796 0.522241 0.0245539 -7.30834 0 4 0 0 -6.77316  -7.34997 0 3.71057 0 0 -6.86702  -0.0364664 0 0.0373221 0 0 -0.0399758  0.0780928 0 0.252103 0 0 0.133839  0 0 0 0 0 0  
15.5509 0.533826 0.0244936 -7.43668 0 4 0 0 -6.93728  -7.48004 0 3.71225 0 0 -7.02756  -0.037038 0 0.0381107 0 0 -0.0372484  0.0803975 0 0.249642 0 0 0.12752  0 0 0 0 0 0  
16.0221 0.545404 0.0244358 -7.62226 0 4 0 0 -7.04404  -7.66532 0 3.71413 0 0 -7.1258  -0.033161 0 0.0403209 0 0 -0.0311124  0.0762137 0 0.245552 0 0 0.112874  0 0 0 0 0 0  
16.4934 0.55685 0.0233476 -7.68564 0 4 0 0 -7.08044  -7.72154 0 3.73502 0 0 -7.14737  -0.0279234 0 0.0392543 0 0 -0.0228713  0.0638217 0 0.225729 0 0 0.0897966  0 0 0 0 0 0  
16.9646 0.567823 0.0227582 -7.62066 0 4 0 0 -7.00659  -7.66613 0 3.74351 0 0 -7.08669  -0.0298373 0 0.032743 0 0 -0.0242646  0.0753102 0 0.223743 0 0 0.104372  0 0 0 0 0 0  
17.4358 0.578686 0.0231572 -7.48966 0 4 0 0 -6.93264  -7.52632 0 3.73738 0 0 -7.00925  -0.0279392 0 0.0351133 0 0 -0.02128  0.0645913 0 0.227507 0 0 0.097895  0 0 0 0 0 0  
17.9071 0.589581 0.0237043 -7.46132 0 4 0 0 -6.88422  -7.49154 0 3.72462 0 0 -6.95868  -0.0282667 0 0.0364682 0 0 -0.0263744  0.0584896 0 0.23891 0 0 0.100827  0 0 0 0 0 0  
18.3783 0.600912 0.0239857 -7.34159 0 4 0 0 -6.8823  -7.36764 0 3.72347 0 0 -6.96336  -0.0322868 0 0.0387665 0 0 -0.0190867  0.0583282 0 0.237766 0 0 0.100143  0 0 0 0 0 0  
18.8496 0.61235 0.0249176 -7.32174 0 4 0 0 -6.82143  -7.33703 0 3.70193 0 0 -6.90356  -0.0450328 0 0.0442268 0 0 -0.0213589  0.0603195 0 0.253847 0 0 0.103487  0 0 0 0 0 0  
19.3208 0.62411 0.0250076 -7.13498 0 4 0 0 -6.67625  -7.15895 0 3.70028 0 0 -6.78542  -0.0421356 0 0.0435048 0 0 -0.0205045  0.0661138 0 0.256219 0 0 0.12968  0 0 0 0 0 0  
19.792 0.635489 0.0229353 -6.98884 0 4 0 0 -6.5498  -7.01335 0 3.72525 0 0 -6.65737  -0.0348881 0 0.035641 0 0 -0.0201763  0.0593933 0 0.239111 0 0 0.127745  0 0 0 0 0 0  
20.2633 0.6463 0.0227466 -6.73215 0 4 0 0 -6.29998  -6.76705 0 3.71187 0 0 -6.41361  -0.0398735 0 0.0374163 0 0 -0.0195191  0.0747725 0 0.250715 0 0 0.133148  0 0 0 0 0 0  
20.7345 0.657612 0.0245291 -6.49353 0 4 0 0 -6.17817  -6.53249 0 3.69071 0 0 -6.29792  -0.0338076 0 0.0381365 0 0 -0.0144774  0.0727616 0 0.271157 0 0 0.134221  0 0 0 0 0 0  
21.2058 0.669311 0.0248184 -6.28681 0 4 0 0 -6.03965  -6.34113 0 3.65624 0 0 -6.19794  -0.0362299 0 0.0412593 0 0 -0.0197421  0.0905486 0 0.3025 0 0 0.178025  0 0 0 0 0 0  
21.677 0.680833 0.0240996 -6.27129 0 4 0 0 -6.0369  -6.32241 0 3.65388 0 0 -6.19825  -0.0419104 0 0.0434211 0 0 -0.0208007  0.0930302 0 0.302701 0 0 0.182153  0 0 0 0 0 0  
22.1482 0.692189 0.0240234 -6.29526 0 4 0 0 -6.08439  -6.33392 0 3.66702 0 0 -6.22363  -0.0460238 0 0.0406914 0 0 -0.0274392  0.0846917 0 0.292285 0 0 0.166678  0 0 0 0 0 0  
22.6195 0.703697 0.0248226 -6.26207 0 4 0 0 -6.06367  -6.31462 0 3.66095 0 0 -6.20479  -0.0485694 0 0.037093 0 0 -0.0260907  0.101113 0 0.301953 0 0 0.167209  0 0 0 0 0 0  
23.0907 0.715634 0.0255939 -6.17675 0 4 0 0 -6.04381  -6.23923 0 3.65456 0 0 -6.18777  -0.0502904 0 0.0374928 0 0 -0.0288952  0.112774 0 0.307945 0 0 0.172857  0 0 0 0 0 0  
23.5619 0.727524 0.0257725 -6.11096 0 4 0 0 -6.16037  -6.19011 0 3.66315 0 0 -6.30498  -0.0545552 0 0.0344998 0 0 -0.0406584  0.133704 0 0.302355 0 0 0.185264  0 0 0 0 0 0  
24.0332 0.7397 0.0260105 -6.04406 0 4 0 0 -6.24336  -6.12026 0 3.66252 0 0 -6.37879  -0.0466643 0 0.0357798 0 0 -0.0368386  0.122863 0 0.301702 0 0 0.17227  0 0 0 0 0 0  
24.5044 0.752214 0.026355 -6.08213 0 4 0 0 -6.36662  -6.14961 0 3.65601 0 0 -6.49939  -0.0555678 0 0.0384598 0 0 -0.0380144  0.123045 0 0.305531 0 0 0.170786  0 0 0 0 0 0  
24.9757 0.764368 0.0251814 -6.21634 0 4 0 0 -6.58481  -6.27281 0 3.68245 0 0 -6.70697  -0.0540197 0 0.0376496 0 0 -0.0398295  0.110499 0 0.279902 0 0 0.161994  0 0 0 0 0 0  
25.4469 0.776084 0.0245091 -6.3653 0 4 0 0 -6.70463  -6.40965 0 3.69936 0 0 -6.81748  -0.0536474 0 0.035254 0 0 -0.0354709  0.0980035 0 0.265386 0 0 0.14832  0 0 0 0 0 0  
25.9181 0.787576 0.0242651 -6.45733 0 4 0 0 -6.84811  -6.49424 0 3.71374 0 0 -6.9398  -0.0511864 0 0.0359582 0 0 -0.0376028  0.0880937 0 0.250306 0 0 0.129288  0 0 0 0 0 0  
26.3894 0.798972 0.0240506 -6.63759 0 4 0 0 -6.87  -6.67329 0 3.72484 0 0 -6.94815  -0.0430117 0 0.0304405 0 0 -0.0332502  0.0787068 0 0.244716 0 0 0.111401  0 0 0 0 0 0  
26.8606 0.810494 0.0247837 -6.69104 0 4 0 0 -6.98331  -6.7237 0 3.71681 0 0 -7.06393  -0.0380929 0 0.0309423 0 0 -0.029747  0.0707512 0 0.252249 0 0 0.110365  0 0 0 0 0 0  
27.3319 0.822161 0.0245948 -6.75545 0 4 0 0 -7.0732  -6.76913 0 3.71165 0 0 -7.13809  -0.0402682 0 0.0379945 0 0 -0.0289598  0.0539552 0 0.250358 0 0 0.0938559  0 0 0 0 0 0  
27.8031 0.833775 0.0249601 -6.86234 0 4 0 0 -7.0924  -6.87895 0 3.7023 0 0 -7.17308  -0.0496645 0 0.0432453 0 0 -0.0289188  0.0662686 0 0.254457 0 0 0.109601  0 0 0 0 0 0  
28.2743 0.845369 0.0242082 -6.9708 0 4 0 0 -7.11754  -6.99998 0 3.71639 0 0 -7.20542  -0.0421767 0 0.0393254 0 0 -0.0215955  0.0713556 0 0.244282 0 0 0.109479  0 0 0 0 0 0  
28.7456 0.857092 0.0249904 -7.07043 0 4 0 0 -7.07696  -7.11839 0 3.71613 0 0 -7.16741  -0.0401789 0 0.0367042 0 0 -0.020177  0.0881447 0 0.24717 0 0 0.110631  0 0 0 0 0 0  
29.2168 0.868707 0.0243698 -7.08187 0 4 0 0 -6.97964  -7.12818 0 3.71928 0 0 -7.07138  -0.037512 0 0.0379957 0 0 -0.0147156  0.083819 0 0.242721 0 0 0.10645  0 0 0 0 0 0  
29.6881 0.88045 0.0255349 -6.94477 0 4 0 0 -6.75661  -7.01231 0 3.69528 0 0 -6.87951  -0.0436751 0 0.0368406 0 0 -0.019349  0.111215 0 0.267874 0 0 0.142251  0 0 0 0 0 0  
30.1593 0.892525 0.0255343 -6.84011 0 4 0 0 -6.60244  -6.90394 0 3.69617 0 0 -6.72955  -0.0442519 0 0.0379193 0 0 -0.0218163  0.108084 0 0.265906 0 0 0.148933  0 0 0 0 0 0  
30.6305 0.904748 0.0258384 -6.89968 0 4 0 0 -6.59018  -6.9566 0 3.69833 0 0 -6.70129  -0.0389522 0 0.0437923 0 0 -0.0193346  0.0958725 0 0.257878 0 0 0.130442  0 0 0 0 0 0  
31.1018 0.916993 0.0265036 -6.90236 0 4 0 0 -6.50338  -6.96426 0 3.68397 0 0 -6.61543  -0.0331446 0 0.0450936 0 0 -0.0204572  0.0950516 0 0.270941 0 0 0.132516  0 0 0 0 0 0  
31.573 0.929426 0.0273401 -6.85528 0 4 0 0 -6.28569  -6.92752 0 3.67365 0 0 -6.39951  -0.0306554 0 0.0500156 0 0 -0.0281535  0.102901 0 0.276338 0 0 0.141969  0 0 0 0 0 0  
32.0442 0.942203 0.0279352 -6.7098 0 4 0 0 -5.95303  -6.83257 0 3.63729 0 0 -6.12362  -0.041209 0 0.0507734 0 0 -0.0348082  0.163979 0 0.311938 0 0 0.205389  0 0 0 0 0 0  
32.5155 0.955289 0.0278015 -6.71204 0 4 0 0 -5.83018  -6.82324 0 3.62999 0 0 -5.98692  -0.0410921 0 0.0469803 0 0 -0.0330303  0.152287 0 0.323028 0 0 0.189772  0 0 0 0 0 0  
32.9867 0.968541 0.0286646 -6.62121 0 4 0 0 -5.84894  -6.73372 0 3.62522 0 0 -6.00059  -0.0408116 0 0.0491065 0 0 -0.0388736  0.15332 0 0.325671 0 0 0.190524  0 0 0 0 0 0  
33.458 0.982312 0.0294784 -6.43433 0 4 0 0 -6.02279  -6.56156 0 3.62358 0 0 -6.17966  -0.0387764 0 0.0469654 0 0 -0.0392552  0.166001 0 0.329456 0 0 0.196126  0 0 0 0 0 0  
33.9292 0.996202 0.0290986 -6.34018 0 4 0 0 -6.17661  -6.45703 0 3.62342 0 0 -6.30454  -0.0435829 0 0.051334 0 0 -0.0425707  0.160435 0 0.325242 0 0 0.1705  0 0 0 0 0 0  
34.4004 1.00988 0.0286194 -6.28665 0 4 0 0 -6.26007  -6.41339 0 3.63879 0 0 -6.38664  -0.0366216 0 0.0463799 0 0 -0.0405249  0.163356 0 0.314833 0 0 0.167099  0 0 0 0 0 0  
34.8717 1.02333 0.0281638 -6.20595 0 4 0 0 -6.37508  -6.32202 0 3.64145 0 0 -6.49202  -0.036174 0 0.0460969 0 0 -0.0493864  0.152241 0 0.312449 0 0 0.166328  0 0 0 0 0 0  
35.3429 1.03639 0.0274877 -6.24099 0 4 0 0 -6.50969  -6.33698 0 3.65845 0 0 -6.61198  -0.0372212 0 0.0445831 0 0 -0.0482104  0.133208 0 0.296968 0 0 0.1505  0 0 0 0 0 0  
35.8142 1.04903 0.026436 -6.40572 0 4 0 0 -6.49629  -6.49549 0 3.67064 0 0 -6.59326  -0.0410896 0 0.0440833 0 0 -0.0454785  0.130861 0 0.285273 0 0 0.142447  0 0 0 0 0 0  
36.2854 1.06127 0.0256189 -6.39553 0 4 0 0 -6.5421  -6.469 0 3.69352 0 0 -6.6169  -0.037349 0 0.0442519 0 0 -0.0404019  0.110816 0 0.262229 0 0 0.115203  0 0 0 0 0 0  
36.7566 1.07322 0.0249603 -6.43907 0 4 0 0 -6.59852  -6.52541 0 3.70348 0 0 -6.68484  -0.0283264 0 0.0420695 0 0 -0.0365175  0.114673 0 0.254449 0 0 0.122836  0 0 0 0 0 0  
37.2279 1.08518 0.0255389 -6.48579 0 4 0 0 -6.81024  -6.58243 0 3.70548 0 0 -6.91596  -0.0273271 0 0.0404354 0 0 -0.0312325  0.123969 0 0.254087 0 0 0.136952  0 0 0 0 0 0  
37.6991 1.09704 0.0247785 -6.58478 0 4 0 0 -7.07278  -6.67783 0 3.71205 0 0 -7.17129  -0.0283147 0 0.0364664 0 0 -0.0258883  0.121358 0 0.25148 0 0 0.124399  0 0 0 0 0 0  
38.1704 1.10868 0.0241313 -6.73558 0 4 0 0 -7.14763  -6.8122 0 3.72859 0 0 -7.24007  -0.0303247 0 0.0359619 0 0 -0.0225354  0.106942 0 0.235451 0 0 0.114976  0 0 0 0 0 0  
38.6416 1.12011 0.0242385 -6.81284 0 4 0 0 -7.02167  -6.88534 0 3.73659 0 0 -7.11963  -0.0340075 0 0.0365024 0 0 -0.0198613  0.106508 0 0.226904 0 0 0.117821  0 0 0 0 0 0  
39.1128 1.13183 0.0253388 -6.80842 0 4 0 0 -6.77129  -6.89666 0 3.71445 0 0 -6.88576  -0.0373391 0 0.034762 0 0 -0.0256971  0.125581 0 0.250785 0 0 0.140162  0 0 0 0 0 0  
39.5841 1.14371 0.0255221 -6.86445 0 4 0 0 -6.63493  -6.95212 0 3.70565 0 0 -6.75625  -0.0370164 0 0.034214 0 0 -0.0291959  0.124687 0 0.260134 0 0 0.150516  0 0 0 0 0 0  
40.0553 1.15542 0.0243777 -7.01186 0 4 0 0 -6.63246  -7.08216 0 3.72159 0 0 -6.72636  -0.0304961 0 0.0370519 0 0 -0.025018  0.100798 0 0.241361 0 0 0.118912  0 0 0 0 0 0  
40.5265 1.16684 0.0245525 -7.20066 0 4 0 0 -6.70363  -7.26858 0 3.72432 0 0 -6.80473  -0.0317389 0 0.0390731 0 0 -0.0256607  0.0996554 0 0.236606 0 0 0.126758  0 0 0 0 0 0  
40.9978 1.17795 0.022788 -7.3877 0 4 0 0 -6.99578  -7.4446 0 3.74248 0 0 -7.08544  -0.0346667 0 0.0388415 0 0 -0.0255203  0.0915675 0 0.218679 0 0 0.115189  0 0 0 0 0 0  
41.469 1.18856 0.0218448 -7.56114 0 4 0 0 -7.21653  -7.62037 0 3.75317 0 0 -7.29444  -0.0277792 0 0.0363025 0 0 -0.0238723  0.0870085 0 0.210529 0 0 0.101776  0 0 0 0 0 0  
41.9403 1.19869 0.021831 -7.66678 0 4 0 0 -7.26768  -7.73111 0 3.74883 0 0 -7.35766  -0.0265131 0 0.0348194 0 0 -0.021039  0.0908405 0 0.216353 0 0 0.11102  0 0 0 0 0 0  
42.4115 1.20888 0.0219315 -7.70997 0 4 0 0 -7.33474  -7.77116 0 3.75009 0 0 -7.41909  -0.0255806 0 0.0354555 0 0 -0.021848  0.0867696 0 0.214457 0 0 0.106194  0 0 0 0 0 0  
42.8827 1.21923 0.0219402 -7.68308 0 4 0 0 -7.31701  -7.73876 0 3.73793 0 0 -7.40186  -0.0274787 0 0.0369022 0 0 -0.0249425  0.0831595 0 0.225168 0 0 0.109794  0 0 0 0 0 0  
43.354 1.22971 0.0222746 -7.61894 0 4 0 0 -7.29405  -7.66418 0 3.74439 0 0 -7.36737  -0.0257596 0 0.0355557 0 0 -0.0249051  0.0710015 0 0.220058 0 0 0.0982318  0 0 0 0 0 0  
43.8252 1.24047 0.0227557 -7.57103 0 4 0 0 -7.33914  -7.60882 0 3.74099 0 0 -7.40066  -0.0301234 0 0.037948 0 0 -0.0248083  0.0679075 0 0.221061 0 0 0.0863254  0 0 0 0 0 0  
44.2965 1.25094 0.021795 -7.48213 0 4 0 0 -7.37721  -7.51866 0 3.74994 0 0 -7.44428  -0.0307636 0 0.0382192 0 0 -0.0277263  0.0672866 0 0.211845 0 0 0.0948019  0 0 0 0 0 0  
44.7677 1.26071 0.0201281 -7.45589 0 4 0 0 -7.21948  -7.49323 0 3.74804 0 0 -7.2976  -0.0298647 0 0.0340414 0 0 -0.0325381  0.0672063 0 0.217915 0 0 0.110661  0 0 0 0 0 0  
45.2389 1.27001 0.0194051 -7.48797 0 4 0 0 -7.10151  -7.52812 0 3.75942 0 0 -7.17766  -0.027728 0 0.0334573 0 0 -0.0292695  0.0678796 0 0.20712 0 0 0.105414  0 0 0 0 0 0  
45.7102 1.27914 0.0193449 -7.40046 0 4 0 0 -6.96331  -7.44517 0 3.76071 0 0 -7.03808  -0.0277103 0 0.0328747 0 0 -0.0291652  0.0724212 0 0.206417 0 0 0.103932  0 0 0 0 0 0  
46.1814 1.28816 0.0195982 -7.35084 0 4 0 0 -6.82685  -7.39478 0 3.76676 0 0 -6.91188  -0.023844 0 0.0357967 0 0 -0.0210497  0.067783 0 0.197446 0 0 0.10608  0 0 0 0 0 0  
46.6527 1.29727 0.0190921 -7.35592 0 4 0 0 -6.57567  -7.405 0 3.77132 0 0 -6.66273  -0.0227714 0 0.0350928 0 0 -0.020999  0.0718477 0 0.193588 0 0 0.10806  0 0 0 0 0 0  
47.1239 1.30608 0.0187222 -7.29987 0 4 0 0 -6.33813  -7.34918 0 3.77621 0 0 -6.42213  -0.0195102 0 0.0320327 0 0 -0.0152057  0.0688186 0 0.191761 0 0 0.0992085  0 0 0 0 0 0  
47.5951 1.31495 0.0193916 -7.22003 0 4 0 0 -6.24844  -7.26704 0 3.76549 0 0 -6.33622  -0.0197948 0 0.0309104 0 0 -0.0115909  0.0668054 0 0.203601 0 0 0.0993637  0 0 0 0 0 0  
48.0664 1.32408 0.0195319 -7.21804 0 4 0 0 -6.26523  -7.2583 0 3.75162 0 0 -6.36387  -0.0262112 0 0.032168 0 0 -0.0126578  0.0664738 0 0.216212 0 0 0.111304  0 0 0 0 0 0  
48.5376 1.33316 0.0190987 -7.33588 0 4 0 0 -6.34856  -7.36954 0 3.76257 0 0 -6.42785  -0.028846 0 0.0332643 0 0 -0.0135259  0.0625044 0 0.204171 0 0 0.0928111  0 0 0 0 0 0  
49.0088 1.34244 0.0200799 -7.43181 0 4 0 0 -6.57068  -7.47683 0 3.75744 0 0 -6.65576  -0.030815 0 0.0324452 0 0 -0.0154198  0.0758391 0 0.210116 0 0 0.100509  0 0 0 0 0 0  
49.4801 1.35193 0.020321 -7.59299 0 4 0 0 -6.71438  -7.64469 0 3.75964 0 0 -6.80144  -0.0299514 0 0.0330891 0 0 -0.0205947  0.0816495 0 0.207276 0 0 0.107656  0 0 0 0 0 0  
49.9513 1.36186 0.021832 -7.6942 0 4 0 0 -6.82865  -7.74221 0 3.74258 0 0 -6.90915  -0.0301752 0 0.0365197 0 0 -0.0251454  0.0781887 0 0.220898 0 0 0.105652  0 0 0 0 0 0  
50.4226 1.37226 0.0222077 -7.8343 0 4 0 0 -6.89556  -7.88627 0 3.75037 0 0 -6.97999  -0.0256413 0 0.0363366 0 0 -0.025134  0.0776018 0 0.213296 0 0 0.109563  0 0 0 0 0 0  
50.8938 1.38261 0.0216701 -7.99778 0 4 0 0 -7.0393  -8.04856 0 3.74793 0 0 -7.11305  -0.0226354 0 0.0345678 0 0 -0.031095  0.073407 0 0.217507 0 0 0.104842  0 0 0 0 0 0  
51.365 1.39286 0.0219935 -8.0219 0 4 0 0 -7.21536  -8.07104 0 3.7496 0 0 -7.2937  -0.0207904 0 0.0372783 0 0 -0.0228256  0.0699355 0 0.213117 0 0 0.101166  0 0 0 0 0 0  
51.8363 1.40291 0.0207612 -8.09406 0 4 0 0 -7.32965  -8.1265 0 3.76569 0 0 -7.39726  -0.0210046 0 0.0355051 0 0 -0.0193715  0.0534489 0 0.198808 0 0 0.0869744  0 0 0 0 0 0  
52.3075 1.41271 0.0207122 -8.08777 0 4 0 0 -7.38494  -8.12158 0 3.76836 0 0 -7.45543  -0.026466 0 0.0363909 0 0 -0.0221199  0.0602793 0 0.195251 0 0 0.0926149  0 0 0 0 0 0  
52.7788 1.42262 0.0212205 -8.05481 0 4 0 0 -7.34413  -8.09273 0 3.76042 0 0 -7.41502  -0.0252681 0 0.0378002 0 0 -0.0247259  0.0631902 0 0.201782 0 0 0.0956073  0 0 0 0 0 0  
53.25 1.43245 0.0208217 -8.03178 0 4 0 0 -7.2995  -8.06576 0 3.7623 0 0 -7.36197  -0.026265 0 0.0384388 0 0 -0.0264618  0.0602536 0 0.199263 0 0 0.0889313  0 0 0 0 0 0  
53.7212 1.44234 0.0211107 -7.96547 0 4 0 0 -7.3036  -8.01305 0 3.74903 0 0 -7.37181  -0.0250666 0 0.0401534 0 0 -0.0344331  0.0726434 0 0.210819 0 0 0.102645  0 0 0 0 0 0  
54.1925 1.45201 0.0201317 -7.80693 0 4 0 0 -7.28032  -7.8613 0 3.75654 0 0 -7.34551  -0.0268462 0 0.0378987 0 0 -0.0326284  0.0812152 0 0.205559 0 0 0.0978213  0 0 0 0 0 0  
54.6637 1.46152 0.0204993 -7.75294 0 4 0 0 -7.39161  -7.81907 0 3.74907 0 0 -7.46263  -0.022562 0 0.039255 0 0 -0.0235295  0.0886861 0 0.211679 0 0 0.0945479  0 0 0 0 0 0  
55.135 1.47065 0.0184291 -7.7844 0 4 0 0 -7.72256  -7.85876 0 3.76745 0 0 -7.79255  -0.0223643 0 0.0384067 0 0 -0.0201467  0.0967239 0 0.194147 0 0 0.0901358  0 0 0 0 0 0  
55.6062 1.47887 0.0165062 -7.81862 0 4 0 0 -7.94928  -7.88386 0 3.80013 0 0 -8.01541  -0.0173489 0 0.0328524 0 0 -0.0175177  0.0825843 0 0.167017 0 0 0.0836496  0 0 0 0 0 0  
56.0774 1.48645 0.0157657 -7.86005 0 4 0 0 -8.12378  -7.91632 0 3.81865 0 0 -8.18033  -0.0158588 0 0.0297523 0 0 -0.0149243  0.0721252 0 0.151599 0 0 0.0714736  0 0 0 0 0 0  
56.5487 1.49383 0.0156465 -7.96783 0 4 0 0 -8.27215  -8.01474 0 3.8299 0 0 -8.32469  -0.0143514 0 0.0284324 0 0 -0.0126979  0.0612594 0 0.141663 0 0 0.0652352  0 0 0 0 0 0  
57.0199 1.50127 0.0158617 -7.98326 0 4 0 0 -8.32527  -8.02221 0 3.82568 0 0 -8.37345  -0.0174791 0 0.0283903 0 0 -0.0151909  0.0564329 0 0.145929 0 0 0.0633716  0 0 0 0 0 0  
57.4911 1.50883 0.0160234 -7.98049 0 4 0 0 -8.41628  -8.01573 0 3.82706 0 0 -8.46473  -0.016684 0 0.0284905 0 0 -0.0171658  0.0519249 0 0.144448 0 0 0.0656138  0 0 0 0 0 0  
57.9624 1.51643 0.0162383 -8.00115 0 4 0 0 -8.60371  -8.03505 0 3.82548 0 0 -8.65476  -0.0171354 0 0.0294507 0 0 -0.0193741  0.0510389 0 0.145074 0 0 0.0704188  0 0 0 0 0 0  
58.4336 1.52405 0.0158918 -8.00673 0 4 0 0 -8.72002  -8.04088 0 3.83135 0 0 -8.78173  -0.0173956 0 0.0295562 0 0 -0.0126721  0.051555 0 0.139091 0 0 0.074389  0 0 0 0 0 0  
58.9049 1.5315 0.0155239 -7.91073 0 4 0 0 -8.81107  -7.96159 0 3.82456 0 0 -8.87992  -0.0151428 0 0.0278684 0 0 -0.015408  0.0659972 0 0.147571 0 0 0.0842653  0 0 0 0 0 0  
59.3761 1.53888 0.0160705 -7.86666 0 4 0 0 -8.85002  -7.92271 0 3.81884 0 0 -8.92196  -0.0121356 0 0.029823 0 0 -0.0116107  0.0681825 0 0.151333 0 0 0.0835593  0 0 0 0 0 0  
59.8473 1.54656 0.016598 -7.90876 0 4 0 0 -8.83145  -7.96638 0 3.81522 0 0 -8.91001  -0.0140055 0 0.0273539 0 0 -0.0120745  0.071625 0 0.157429 0 0 0.0906336  0 0 0 0 0 0  
60.3186 1.55444 0.0166845 -8.04624 0 4 0 0 -8.89815  -8.10115 0 3.81215 0 0 -8.9794  -0.0150368 0 0.0276944 0 0 -0.0102295  0.0699494 0 0.160159 0 0 0.0914784  0 0 0 0 0 0  
60.7898 1.56237 0.0165698 -8.14135 0 4 0 0 -8.8364  -8.20202 0 3.81139 0 0 -8.92545  -0.0190158 0 0.0261207 0 0 -0.0126597  0.079683 0 0.162489 0 0 0.101706  0 0 0 0 0 0  
61.2611 1.57039 0.0174063 -8.1394 0 4 0 0 -8.82855  -8.20843 0 3.80003 0 0 -8.92227  -0.0192026 0 0.0277633 0 0 -0.0153058  0.0882363 0 0.172209 0 0 0.109022  0 0 0 0 0 0  
61.7323 1.57888 0.0187304 -8.19411 0 4 0 0 -8.77511  -8.26295 0 3.78966 0 0 -8.86797  -0.0217044 0 0.0294017 0 0 -0.0152125  0.0905423 0 0.18094 0 0 0.108068  0 0 0 0 0 0  
62.2035 1.58791 0.0195627 -8.13299 0 4 0 0 -8.69894  -8.19548 0 3.77543 0 0 -8.79567  -0.0247067 0 0.0313986 0 0 -0.0131229  0.0871927 0 0.193168 0 0 0.109849  0 0 0 0 0 0  
62.6748 1.59748 0.0205497 -8.05052 0 4 0 0 -8.42825  -8.11607 0 3.76283 0 0 -8.52904  -0.0228612 0 0.0318647 0 0 -0.0135995  0.0884181 0 0.205301 0 0 0.114396  0 0 0 0 0 0  
63.146 1.60753 0.0219931 -7.87497 0 4 0 0 -8.15538  -7.93307 0 3.74843 0 0 -8.24316  -0.0229229 0 0.0397528 0 0 -0.0158254  0.0810289 0 0.211814 0 0 0.103605  0 0 0 0 0 0  
63.6173 1.61787 0.0216702 -7.68656 0 4 0 0 -8.1402  -7.74349 0 3.7441 0 0 -8.22889  -0.0207598 0 0.0401174 0 0 -0.0137704  0.0776853 0 0.215784 0 0 0.102463  0 0 0 0 0 0  
64.0885 1.62822 0.0215303 -7.61325 0 4 0 0 -8.1063  -7.67981 0 3.74674 0 0 -8.19942  -0.0167067 0 0.0374332 0 0 -0.00865989  0.0832671 0 0.21583 0 0 0.101777  0 0 0 0 0 0  
64.5597 1.63837 0.0213177 -7.63058 0 4 0 0 -8.04874  -7.69464 0 3.74884 0 0 -8.1441  -0.0161119 0 0.0345052 0 0 -0.01111  0.0801659 0 0.216657 0 0 0.106462  0 0 0 0 0 0  
65.031 1.64851 0.0213395 -7.65619 0 4 0 0 -8.12383  -7.71987 0 3.74051 0 0 -8.22605  -0.0219673 0 0.0369826 0 0 -0.0150195  0.0856531 0 0.222511 0 0 0.117237  0 0 0 0 0 0  
65.5022 1.6587 0.0212591 -7.83393 0 4 0 0 -8.28708  -7.88739 0 3.74142 0 0 -8.37718  -0.0191588 0 0.0393118 0 0 -0.0115149  0.0726178 0 0.219265 0 0 0.101615  0 0 0 0 0 0  
65.9734 1.66864 0.021394 -7.93383 0 4 0 0 -8.45214  -7.98896 0 3.74952 0 0 -8.54737  -0.0194538 0 0.0389158 0 0 -0.0107574  0.0745792 0 0.211565 0 0 0.105984  0 0 0 0 0 0  
66.4447 1.67886 0.0220018 -7.89284 0 4 0 0 -8.36447  -7.95683 0 3.74303 0 0 -8.47146  -0.0161615 0 0.0403858 0 0 -0.00562777  0.0801492 0 0.216579 0 0 0.112608  0 0 0 0 0 0  
66.9159 1.68959 0.0232257 -7.87175 0 4 0 0 -8.25892  -7.93882 0 3.72342 0 0 -8.37303  -0.0146158 0 0.0409059 0 0 -0.00669991  0.0816835 0 0.23567 0 0 0.120804  0 0 0 0 0 0  
67.3872 1.7004 0.0222721 -7.6563 0 4 0 0 -7.96052  -7.72335 0 3.72845 0 0 -8.06553  -0.0186213 0 0.0415058 0 0 -0.00557365  0.0856767 0 0.230039 0 0 0.110585  0 0 0 0 0 0  
67.8584 1.71084 0.0218527 -7.38379 0 4 0 0 -7.74387  -7.46023 0 3.73319 0 0 -7.84721  -0.0189639 0 0.0437804 0 0 -0.0106021  0.0954028 0 0.223033 0 0 0.113951  0 0 0 0 0 0  
68.3296 1.72117 0.0217199 -7.21835 0 4 0 0 -7.6445  -7.29372 0 3.73824 0 0 -7.74915  -0.0211105 0 0.0409423 0 0 -0.00871907  0.0964793 0 0.220821 0 0 0.113366  0 0 0 0 0 0  
68.8009 1.73148 0.0217681 -7.15036 0 4 0 0 -7.56305  -7.23258 0 3.73235 0 0 -7.68556  -0.0235178 0 0.0429361 0 0 -0.00993934  0.105733 0 0.224709 0 0 0.132451  0 0 0 0 0 0  
69.2721 1.74149 0.0204237 -7.06855 0 4 0 0 -7.49553  -7.1397 0 3.75046 0 0 -7.60723  -0.0188905 0 0.0422328 0 0 -0.00517959  0.0900354 0 0.207309 0 0 0.116879  0 0 0 0 0 0  
69.7434 1.75117 0.0209274 -7.07597 0 4 0 0 -7.36829  -7.15195 0 3.74635 0 0 -7.47907  -0.0172159 0 0.040965 0 0 -0.00520744  0.0931978 0 0.212686 0 0 0.115986  0 0 0 0 0 0  
70.2146 1.7608 0.0207935 -6.95838 0 4 0 0 -7.33177  -7.04554 0 3.73986 0 0 -7.45743  -0.0161377 0 0.0397353 0 0 -2.32781e-05  0.103296 0 0.220405 0 0 0.125684  0 0 0 0 0 0  
70.6858 1.77064 0.0215471 -6.92986 0 4 0 0 -7.28635  -7.00866 0 3.71566 0 0 -7.41885  -0.0215496 0 0.0430808 0 0 -0.000482586  0.100343 0 0.241255 0 0 0.132987  0 0 0 0 0 0  
71.1571 1.78109 0.0234318 -6.96391 0 4 0 0 -7.25276  -7.04514 0 3.68799 0 0 -7.38891  -0.023714 0 0.04376 0 0 0.00202154  0.104945 0 0.268253 0 0 0.134126  0 0 0 0 0 0  
71.6283 1.79243 0.02446 -6.92378 0 4 0 0 -7.11819  -7.0138 0 3.65994 0 0 -7.27946  -0.0282362 0 0.0496169 0 0 -0.00549285  0.118259 0 0.29044 0 0 0.166756  0 0 0 0 0 0  
72.0996 1.804 0.0249496 -6.90078 0 4 0 0 -7.01689  -6.99537 0 3.63655 0 0 -7.19635  -0.0374016 0 0.0532224 0 0 -0.0144623  0.131995 0 0.310223 0 0 0.193927  0 0 0 0 0 0  
72.5708 1.81569 0.0250316 -6.84653 0 4 0 0 -6.96946  -6.93486 0 3.64787 0 0 -7.15975  -0.0408363 0 0.0502407 0 0 -0.0143089  0.129166 0 0.301886 0 0 0.2046  0 0 0 0 0 0  
73.042 1.82735 0.0243415 -6.92959 0 4 0 0 -6.93763  -7.02283 0 3.6547 0 0 -7.12114  -0.0385481 0 0.0495474 0 0 -0.0214105  0.131794 0 0.29575 0 0 0.204928  0 0 0 0 0 0  
73.5133 1.83889 0.0247431 -7.03553 0 4 0 0 -6.8797  -7.12043 0 3.66864 0 0 -7.04355  -0.0287053 0 0.0471255 0 0 -0.0155496  0.113603 0 0.284234 0 0 0.179392  0 0 0 0 0 0  
73.9845 1.85006 0.023153 -7.05637 0 4 0 0 -6.85838  -7.13589 0 3.68723 0 0 -7.00149  -0.0340024 0 0.0462872 0 0 -0.0240787  0.113525 0 0.266484 0 0 0.167187  0 0 0 0 0 0  
74.4557 1.86108 0.0241696 -7.0908 0 4 0 0 -6.73177  -7.18401 0 3.6893 0 0 -6.87088  -0.0273939 0 0.044685 0 0 -0.0251083  0.1206 0 0.26602 0 0 0.164222  0 0 0 0 0 0  
74.927 1.87219 0.023369 -7.0367 0 4 0 0 -6.66776  -7.12682 0 3.69683 0 0 -6.80424  -0.0306236 0 0.0456122 0 0 -0.0212718  0.120747 0 0.257553 0 0 0.157749  0 0 0 0 0 0  
75.3982 1.88313 0.0231428 -6.92244 0 4 0 0 -6.62401  -7.00377 0 3.70097 0 0 -6.76069  -0.0352206 0 0.0434112 0 0 -0.0199393  0.116553 0 0.255614 0 0 0.156625  0 0 0 0 0 0  
75.8695 1.89423 0.0242801 -6.81885 0 4 0 0 -6.58987  -6.91107 0 3.68591 0 0 -6.75153  -0.0431693 0 0.0398064 0 0 -0.0261308  0.135392 0 0.274281 0 0 0.187788  0 0 0 0 0 0  
76.3407 1.90535 0.0233172 -6.67876 0 4 0 0 -6.41709  -6.76583 0 3.69772 0 0 -6.57018  -0.0479681 0 0.0380413 0 0 -0.027733  0.135039 0 0.264243 0 0 0.180824  0 0 0 0 0 0  
76.8119 1.91663 0.0244298 -6.48817 0 4 0 0 -6.20267  -6.57778 0 3.67698 0 0 -6.37184  -0.0563483 0 0.0383907 0 0 -0.0353937  0.145959 0 0.284626 0 0 0.204564  0 0 0 0 0 0  
77.2832 1.92808 0.0241378 -6.51647 0 4 0 0 -6.07013  -6.60001 0 3.67721 0 0 -6.23495  -0.0494969 0 0.0405385 0 0 -0.0312626  0.13304 0 0.28225 0 0 0.196075  0 0 0 0 0 0  
77.7544 1.9392 0.0233688 -6.52529 0 4 0 0 -5.9427  -6.6218 0 3.6896 0 0 -6.12333  -0.0385532 0 0.0387112 0 0 -0.0245467  0.135066 0 0.271687 0 0 0.205175  0 0 0 0 0 0  
78.2257 1.9502 0.023043 -6.73874 0 4 0 0 -5.87057  -6.83204 0 3.68944 0 0 -6.05726  -0.0412697 0 0.0390104 0 0 -0.0234701  0.134575 0 0.271549 0 0 0.210157  0 0 0 0 0 0  
78.6969 1.96124 0.0233474 -6.85181 0 4 0 0 -5.92293  -6.93729 0 3.68375 0 0 -6.11175  -0.0429193 0 0.0398416 0 0 -0.030615  0.128395 0 0.276409 0 0 0.219427  0 0 0 0 0 0  
79.1681 1.97212 0.0229363 -7.10058 0 4 0 0 -5.91842  -7.17686 0 3.70083 0 0 -6.07572  -0.0432622 0 0.0392733 0 0 -0.0273908  0.119547 0 0.2599 0 0 0.1847  0 0 0 0 0 0  
79.6394 1.98275 0.0222089 -7.33421 0 4 0 0 -5.99581  -7.40935 0 3.7182 0 0 -6.13972  -0.0358089 0 0.0353928 0 0 -0.0259796  0.110945 0 0.246402 0 0 0.169898  0 0 0 0 0 0  
80.1106 1.99314 0.022072 -7.44404 0 4 0 0 -6.14354  -7.51444 0 3.72618 0 0 -6.2894  -0.0352168 0 0.0371982 0 0 -0.0229047  0.105616 0 0.236622 0 0 0.168759  0 0 0 0 0 0  
80.5819 2.00348 0.0215084 -7.58323 0 4 0 0 -6.20935  -7.65964 0 3.73691 0 0 -6.3602  -0.0347921 0 0.0339092 0 0 -0.0239778  0.111201 0 0.22918 0 0 0.174826  0 0 0 0 0 0  
81.0531 2.01325 0.0212334 -7.61454 0 4 0 0 -6.20391  -7.69535 0 3.73744 0 0 -6.35464  -0.0331064 0 0.0341666 0 0 -0.0170862  0.113914 0 0.228392 0 0 0.167817  0 0 0 0 0 0  
81.5243 2.02321 0.02105 -7.60933 0 4 0 0 -6.20703  -7.68996 0 3.73569 0 0 -6.35129  -0.0358559 0 0.0332446 0 0 -0.0189822  0.116482 0 0.231069 0 0 0.163244  0 0 0 0 0 0  
81.9956 2.03287 0.0202251 -7.6447 0 4 0 0 -6.32749  -7.70911 0 3.74404 0 0 -6.44774  -0.0354219 0 0.0358246 0 0 -0.0200813  0.0998292 0 0.220133 0 0 0.140333  0 0 0 0 0 0  
82.4668 2.04235 0.0197927 -7.71165 0 4 0 0 -6.48335  -7.75984 0 3.75614 0 0 -6.5981  -0.031701 0 0.0364886 0 0 -0.0125374  0.0798927 0 0.207368 0 0 0.127291  0 0 0 0 0 0  
82.938 2.05172 0.0199703 -7.77911 0 4 0 0 -6.6303  -7.82696 0 3.76129 0 0 -6.74078  -0.0289168 0 0.03496 0 0 -0.0120757  0.0767641 0 0.203753 0 0 0.122558  0 0 0 0 0 0  
83.4093 2.06101 0.0194632 -7.85797 0 4 0 0 -6.7801  -7.90051 0 3.76869 0 0 -6.87711  -0.0285997 0 0.0353728 0 0 -0.0149406  0.0711417 0 0.195936 0 0 0.11195  0 0 0 0 0 0  
83.8805 2.07006 0.0190517 -7.91403 0 4 0 0 -6.9107  -7.95322 0 3.78139 0 0 -7.00287  -0.028131 0 0.0313909 0 0 -0.0151904  0.0673178 0 0.187216 0 0 0.107357  0 0 0 0 0 0  
84.3518 2.07889 0.0185183 -7.88727 0 4 0 0 -7.01278  -7.92758 0 3.78511 0 0 -7.09595  -0.0283802 0 0.0312281 0 0 -0.0147184  0.06869 0 0.183665 0 0 0.0978882  0 0 0 0 0 0  
84.823 2.08759 0.0187187 -7.91801 0 4 0 0 -7.0614  -7.96808 0 3.78649 0 0 -7.1544  -0.0256322 0 0.0291193 0 0 -0.0147092  0.0757069 0 0.184392 0 0 0.107715  0 0 0 0 0 0  
85.2942 2.09645 0.0189899 -7.93828 0 4 0 0 -7.05745  -7.98375 0 3.78028 0 0 -7.14393  -0.0279638 0 0.0315033 0 0 -0.0117254  0.0734346 0 0.188212 0 0 0.0982044  0 0 0 0 0 0  
85.7655 2.10542 0.0194052 -7.94085 0 4 0 0 -6.97118  -7.9853 0 3.76601 0 0 -7.06514  -0.0217714 0 0.0314819 0 0 -0.013393  0.0662218 0 0.202513 0 0 0.107359  0 0 0 0 0 0  
86.2367 2.11532 0.0213922 -7.88319 0 4 0 0 -6.87523  -7.9382 0 3.73886 0 0 -6.98256  -0.0208181 0 0.035784 0 0 -0.014249  0.0758301 0 0.225358 0 0 0.121574  0 0 0 0 0 0  
86.708 2.12582 0.0227782 -7.99513 0 4 0 0 -6.7867  -8.04769 0 3.71371 0 0 -6.90482  -0.0266304 0 0.0369039 0 0 -0.0101654  0.0791913 0 0.249384 0 0 0.12829  0 0 0 0 0 0  
87.1792 2.13657 0.0228721 -8.12835 0 4 0 0 -6.84706  -8.18611 0 3.71303 0 0 -6.9682  -0.028201 0 0.0371823 0 0 -0.0106248  0.0859644 0 0.249787 0 0 0.131767  0 0 0 0 0 0  
87.6504 2.14718 0.0222688 -8.13979 0 4 0 0 -6.88111  -8.17992 0 3.72217 0 0 -6.98483  -0.0260235 0 0.0373289 0 0 -0.0051793  0.0661544 0 0.240504 0 0 0.108901  0 0 0 0 0 0  
88.1217 2.15751 0.0218898 -7.99879 0 4 0 0 -6.77193  -8.04076 0 3.72597 0 0 -6.87368  -0.0210129 0 0.0359711 0 0 -0.00354386  0.0629811 0 0.238056 0 0 0.105293  0 0 0 0 0 0  
88.5929 2.16772 0.0213823 -7.76023 0 4 0 0 -6.725  -7.80289 0 3.72277 0 0 -6.82277  -0.0189906 0 0.0365486 0 0 -0.00924436  0.0616597 0 0.240679 0 0 0.107006  0 0 0 0 0 0  
89.0642 2.17807 0.0228888 -7.56223 0 4 0 0 -6.63473  -7.62052 0 3.70195 0 0 -6.73811  -0.0178847 0 0.0372249 0 0 -0.00937145  0.0761792 0 0.260823 0 0 0.112754  0 0 0 0 0 0  
89.5354 2.18892 0.0233462 -7.43421 0 4 0 0 -6.66651  -7.49101 0 3.70847 0 0 -6.76803  -0.0272744 0 0.0393429 0 0 -0.00897982  0.0840731 0 0.252191 0 0 0.110499  0 0 0 0 0 0  
90.0066 2.20003 0.0236101 -7.31462 0 4 0 0 -6.71527  -7.37139 0 3.69612 0 0 -6.82397  -0.0278289 0 0.0409985 0 0 -0.0118394  0.0845927 0 0.262879 0 0 0.120533  0 0 0 0 0 0  
90.4779 2.21117 0.0235877 -7.19137 0 4 0 0 -6.72603  -7.26569 0 3.68748 0 0 -6.85147  -0.0358498 0 0.0398886 0 0 -0.0224521  0.110163 0 0.272633 0 0 0.147892  0 0 0 0 0 0  
90.9491 2.22224 0.0235598 -7.18146 0 4 0 0 -6.69017  -7.24607 0 3.69019 0 0 -6.80433  -0.0385335 0 0.0369777 0 0 -0.0267905  0.103141 0 0.272836 0 0 0.140948  0 0 0 0 0 0  
91.4203 2.23346 0.0238461 -7.16189 0 4 0 0 -6.68655  -7.21592 0 3.69328 0 0 -6.7748  -0.0415612 0 0.0414271 0 0 -0.0262335  0.09559 0 0.265293 0 0 0.114478  0 0 0 0 0 0  
91.8916 2.24473 0.023948 -7.12075 0 4 0 0 -6.59669  -7.17428 0 3.69854 0 0 -6.68025  -0.0417304 0 0.0418653 0 0 -0.0268905  0.0952658 0 0.259593 0 0 0.110449  0 0 0 0 0 0  
92.3628 2.25603 0.0242362 -6.8523 0 4 0 0 -6.37002  -6.93012 0 3.68592 0 0 -6.46647  -0.0432665 0 0.0402948 0 0 -0.0342439  0.121089 0 0.273783 0 0 0.130694  0 0 0 0 0 0  
92.8341 2.26735 0.0237126 -6.80569 0 4 0 0 -6.19075  -6.89781 0 3.68056 0 0 -6.3128  -0.0448745 0 0.0391835 0 0 -0.0447365  0.136991 0 0.280257 0 0 0.166783  0 0 0 0 0 0  
93.3053 2.27851 0.023343 -6.71156 0 4 0 0 -6.21331  -6.79176 0 3.68997 0 0 -6.32812  -0.0439649 0 0.0377034 0 0 -0.0498178  0.124165 0 0.272324 0 0 0.164626  0 0 0 0 0 0  
93.7765 2.28944 0.0238875 -6.71267 0 4 0 0 -6.2569  -6.78678 0 3.68865 0 0 -6.3735  -0.0448845 0 0.0378195 0 0 -0.0484642  0.118996 0 0.273535 0 0 0.165067  0 0 0 0 0 0  
94.2478 2.30031 0.0227266 -6.80034 0 4 0 0 -6.36724  -6.89857 0 3.71585 0 0 -6.49206  -0.0369758 0 0.0327817 0 0 -0.0394569  0.135197 0 0.251369 0 0 0.164276  0 0 0 0 0 0  
94.719 2.3108 0.0217649 -6.95843 0 4 0 0 -6.40493  -7.05965 0 3.7326 0 0 -6.52114  -0.031776 0 0.0312142 0 0 -0.0341053  0.132999 0 0.236185 0 0 0.150319  0 0 0 0 0 0  
95.1903 2.32069 0.0207645 -7.176 0 4 0 0 -6.37368  -7.27867 0 3.74796 0 0 -6.49403  -0.0254298 0 0.0293908 0 0 -0.0219019  0.128101 0 0.22265 0 0 0.142253  0 0 0 0 0 0  
95.6615 2.33037 0.0207858 -7.29247 0 4 0 0 -6.4657  -7.39654 0 3.75236 0 0 -6.5793  -0.0158938 0 0.0308913 0 0 -0.019876  0.119964 0 0.216745 0 0 0.133483  0 0 0 0 0 0  
96.1327 2.34031 0.0215074 -7.27787 0 4 0 0 -6.62512  -7.37133 0 3.74931 0 0 -6.72648  -0.0186555 0 0.0325381 0 0 -0.0279743  0.112115 0 0.218149 0 0 0.129331  0 0 0 0 0 0  
96.604 2.35055 0.0217928 -7.30391 0 4 0 0 -6.63466  -7.39765 0 3.7471 0 0 -6.73098  -0.0251885 0 0.033329 0 0 -0.0265132  0.118924 0 0.219571 0 0 0.122835  0 0 0 0 0 0  
97.0752 2.3611 0.0226322 -7.20199 0 4 0 0 -6.59091  -7.29857 0 3.7296 0 0 -6.67906  -0.0244663 0 0.0355068 0 0 -0.0321718  0.12104 0 0.234894 0 0 0.120322  0 0 0 0 0 0  
97.5465 2.37196 0.0240119 -6.97467 0 4 0 0 -6.44387  -7.08815 0 3.70149 0 0 -6.55607  -0.0276742 0 0.0371485 0 0 -0.0355814  0.141158 0 0.26136 0 0 0.147781  0 0 0 0 0 0  
98.0177 2.38303 0.0233232 -6.75446 0 4 0 0 -6.32605  -6.8565 0 3.71698 0 0 -6.42956  -0.0311786 0 0.0368251 0 0 -0.0385363  0.133214 0 0.246193 0 0 0.142045  0 0 0 0 0 0  
98.4889 2.39426 0.0242652 -6.63043 0 4 0 0 -6.27933  -6.73841 0 3.70507 0 0 -6.38869  -0.0356689 0 0.0381232 0 0 -0.0379233  0.143649 0 0.256811 0 0 0.147286  0 0 0 0 0 0  
98.9602 2.40617 0.0264597 -6.37117 0 4 0 0 -6.28799  -6.48419 0 3.65818 0 0 -6.3996  -0.0455714 0 0.0412636 0 0 -0.0431767  0.158595 0 0.300554 0 0 0.154783  0 0 0 0 0 0  
99.4314 2.41869 0.0261732 -6.35352 0 4 0 0 -6.47466  -6.4602 0 3.65522 0 0 -6.58448  -0.0445729 0 0.0423522 0 0 -0.0534688  0.151248 0 0.302427 0 0 0.163287  0 0 0 0 0 0  
99.9026 2.43141 0.0265108 -6.2914 0 4 0 0 -6.48366  -6.4015 0 3.65199 0 0 -6.61794  -0.0448496 0 0.0387061 0 0 -0.054645  0.154953 0 0.309307 0 0 0.188929  0 0 0 0 0 0  
100.374 2.4438 0.0259819 -6.25587 0 4 0 0 -6.52067  -6.35837 0 3.64258 0 0 -6.66236  -0.0438195 0 0.0350442 0 0 -0.0480792  0.146321 0 0.322376 0 0 0.189769  0 0 0 0 0 0  
100.845 2.45599 0.0256613 -6.27099 0 4 0 0 -6.56938  -6.37875 0 3.66046 0 0 -6.70411  -0.0395674 0 0.0353906 0 0 -0.0401588  0.147329 0 0.304148 0 0 0.174882  0 0 0 0 0 0  
101.316 2.46813 0.0254409 -6.31395 0 4 0 0 -6.67821  -6.41956 0 3.66223 0 0 -6.80925  -0.0379835 0 0.0385338 0 0 -0.0434023  0.143587 0 0.299238 0 0 0.174442  0 0 0 0 0 0  
101.788 2.48034 0.0265123 -6.20612 0 4 0 0 -6.80303  -6.32402 0 3.6585 0 0 -6.94265  -0.0336871 0 0.0415828 0 0 -0.0402161  0.151593 0 0.299917 0 0 0.179839  0 0 0 0 0 0  
102.259 2.49307 0.0275053 -6.25761 0 4 0 0 -6.93716  -6.36447 0 3.64349 0 0 -7.06874  -0.0347096 0 0.0418017 0 0 -0.0368624  0.141564 0 0.314704 0 0 0.168446  0 0 0 0 0 0  
102.73 2.50605 0.0268792 -6.26425 0 4 0 0 -6.99964  -6.36383 0 3.65038 0 0 -7.11515  -0.0396517 0 0.0422742 0 0 -0.0432567  0.139235 0 0.30735 0 0 0.158767  0 0 0 0 0 0  
103.201 2.51854 0.0263467 -6.33831 0 4 0 0 -6.91174  -6.44991 0 3.65351 0 0 -7.03033  -0.0373343 0 0.0432213 0 0 -0.0353867  0.148939 0 0.303271 0 0 0.153969  0 0 0 0 0 0  
103.673 2.53041 0.0237696 -6.41384 0 4 0 0 -6.98517  -6.52357 0 3.69545 0 0 -7.08714  -0.0287778 0 0.0382987 0 0 -0.0399132  0.138505 0 0.266248 0 0 0.141889  0 0 0 0 0 0  
104.144 2.54121 0.0219273 -6.61386 0 4 0 0 -7.11172  -6.71844 0 3.72264 0 0 -7.19096  -0.0277163 0 0.0346688 0 0 -0.0410747  0.132297 0 0.242693 0 0 0.120315  0 0 0 0 0 0  
104.615 2.55133 0.020908 -6.72725 0 4 0 0 -7.17444  -6.82427 0 3.73739 0 0 -7.24867  -0.0280567 0 0.0318685 0 0 -0.031454  0.125085 0 0.230746 0 0 0.105686  0 0 0 0 0 0  
105.086 2.56097 0.0201035 -6.78754 0 4 0 0 -7.238  -6.87584 0 3.75139 0 0 -7.32652  -0.0299252 0 0.0265792 0 0 -0.0266787  0.11823 0 0.22203 0 0 0.115201  0 0 0 0 0 0  
105.558 2.57038 0.020103 -6.83021 0 4 0 0 -7.44231  -6.90552 0 3.75221 0 0 -7.52274  -0.028375 0 0.0292296 0 0 -0.0259773  0.103686 0 0.218565 0 0 0.106403  0 0 0 0 0 0  
106.029 2.57998 0.0200941 -6.97368 0 4 0 0 -7.60026  -7.03394 0 3.76358 0 0 -7.67191  -0.0268594 0 0.030733 0 0 -0.0252785  0.0871183 0 0.205684 0 0 0.0969252  0 0 0 0 0 0  
106.5 2.58926 0.0190704 -7.13256 0 4 0 0 -7.74648  -7.19252 0 3.78023 0 0 -7.81273  -0.0231522 0 0.0288759 0 0 -0.0283842  0.0831157 0 0.190899 0 0 0.0946306  0 0 0 0 0 0  
106.971 2.59809 0.0186912 -7.32463 0 4 0 0 -7.90541  -7.38318 0 3.78864 0 0 -7.97647  -0.0245519 0 0.0286658 0 0 -0.0218417  0.0831013 0 0.182696 0 0 0.0928961  0 0 0 0 0 0  
107.442 2.60695 0.0186943 -7.5462 0 4 0 0 -7.93809  -7.60157 0 3.79556 0 0 -8.01504  -0.0254186 0 0.0258569 0 0 -0.0222599  0.0807916 0 0.178586 0 0 0.0992106  0 0 0 0 0 0  
107.914 2.61556 0.0178799 -7.70914 0 4 0 0 -8.03899  -7.75071 0 3.81225 0 0 -8.10513  -0.0226894 0 0.0254593 0 0 -0.0182427  0.0642624 0 0.16229 0 0 0.0843827  0 0 0 0 0 0  
108.385 2.62381 0.0171022 -7.89144 0 4 0 0 -8.05114  -7.93273 0 3.82723 0 0 -8.1061  -0.0191819 0 0.0249888 0 0 -0.0160248  0.0604711 0 0.147782 0 0 0.0709845  0 0 0 0 0 0  
108.856 2.63168 0.0167052 -8.03733 0 4 0 0 -8.04853  -8.07142 0 3.83311 0 0 -8.10122  -0.017745 0 0.0253743 0 0 -0.00940358  0.0518307 0 0.141516 0 0 0.0620973  0 0 0 0 0 0  
109.327 2.63957 0.0171228 -8.036 0 4 0 0 -8.13643  -8.07903 0 3.83178 0 0 -8.19475  -0.0194824 0 0.0242746 0 0 -0.0121325  0.0625203 0 0.143942 0 0 0.0704563  0 0 0 0 0 0  
109.799 2.64713 0.0155293 -8.0455 0 4 0 0 -8.15639  -8.08436 0 3.84341 0 0 -8.20373  -0.0179902 0 0.0237076 0 0 -0.0150285  0.056853 0 0.132879 0 0 0.0623722  0 0 0 0 0 0  
110.27 2.65432 0.015013 -8.02944 0 4 0 0 -8.10565  -8.07514 0 3.84966 0 0 -8.15321  -0.0174152 0 0.022244 0 0 -0.0115947  0.0631119 0 0.128096 0 0 0.0591557  0 0 0 0 0 0  
110.741 2.66159 0.0156253 -7.95933 0 4 0 0 -8.1122  -7.99894 0 3.8348 0 0 -8.16492  -0.0190755 0 0.0243301 0 0 -0.0108097  0.0586847 0 0.140872 0 0 0.0635347  0 0 0 0 0 0  
111.212 2.66907 0.016404 -7.91171 0 4 0 0 -8.21768  -7.94753 0 3.82228 0 0 -8.2716  -0.0210404 0 0.0260939 0 0 -0.0133547  0.0568584 0 0.15163 0 0 0.0672708  0 0 0 0 0 0  
111.684 2.67665 0.0162874 -7.9445 0 4 0 0 -8.33248  -7.98377 0 3.81958 0 0 -8.38551  -0.0207161 0 0.0272405 0 0 -0.0110324  0.0599924 0 0.153177 0 0 0.0640702  0 0 0 0 0 0  
112.155 2.68453 0.0172441 -7.90828 0 4 0 0 -8.38163  -7.94625 0 3.80951 0 0 -8.43444  -0.0194433 0 0.0289411 0 0 -0.0104336  0.0574131 0 0.161544 0 0 0.0632448  0 0 0 0 0 0  
112.626 2.69279 0.0179387 -7.89117 0 4 0 0 -8.3306  -7.91855 0 3.80015 0 0 -8.38385  -0.0195907 0 0.0313657 0 0 -0.0108267  0.0469685 0 0.168485 0 0 0.0640746  0 0 0 0 0 0  
113.097 2.70144 0.0184044 -7.78451 0 4 0 0 -8.37836  -7.81185 0 3.7953 0 0 -8.43548  -0.0182111 0 0.0334763 0 0 -0.0104747  0.0455462 0 0.171223 0 0 0.0675949  0 0 0 0 0 0  
113.569 2.71043 0.0194118 -7.69655 0 4 0 0 -8.41909  -7.73259 0 3.78346 0 0 -8.4864  -0.0219468 0 0.0349924 0 0 -0.0104951  0.0579779 0 0.181545 0 0 0.0778047  0 0 0 0 0 0  
114.04 2.71982 0.0200966 -7.77408 0 4 0 0 -8.21721  -7.80928 0 3.77029 0 0 -8.29569  -0.0237987 0 0.0361398 0 0 -0.0146871  0.0589941 0 0.193573 0 0 0.0931665  0 0 0 0 0 0  
114.511 2.72934 0.0201075 -7.78281 0 4 0 0 -8.16256  -7.82101 0 3.75731 0 0 -8.24265  -0.0248991 0 0.0358626 0 0 -0.0141998  0.0630958 0 0.206832 0 0 0.0942964  0 0 0 0 0 0  
114.982 2.73877 0.0201068 -7.8089 0 4 0 0 -8.13813  -7.8427 0 3.76331 0 0 -8.22586  -0.0230711 0 0.0358664 0 0 -0.0072403  0.0568652 0 0.200828 0 0 0.0949724  0 0 0 0 0 0  
115.454 2.74847 0.0207433 -7.81644 0 4 0 0 -8.06081  -7.84977 0 3.75305 0 0 -8.16  -0.0237838 0 0.0391187 0 0 -0.000708632  0.0571155 0 0.207836 0 0 0.099903  0 0 0 0 0 0  
115.925 2.75813 0.020513 -7.83004 0 4 0 0 -8.01252  -7.86304 0 3.75136 0 0 -8.11138  -0.027239 0 0.0394147 0 0 -0.00293682  0.0602378 0 0.209226 0 0 0.101797  0 0 0 0 0 0  
116.396 2.76777 0.02082 -7.93255 0 4 0 0 -7.99499  -7.97083 0 3.74896 0 0 -8.09908  -0.0302305 0 0.0386931 0 0 -0.00620346  0.0685099 0 0.212346 0 0 0.110298  0 0 0 0 0 0  
116.867 2.77757 0.0208146 -8.13677 0 4 0 0 -7.97016  -8.17553 0 3.74804 0 0 -8.06947  -0.0317268 0 0.0381029 0 0 -0.00979528  0.0704911 0 0.213861 0 0 0.109101  0 0 0 0 0 0  
117.338 2.7871 0.0193237 -8.11314 0 4 0 0 -7.99265  -8.15857 0 3.77381 0 0 -8.09108  -0.0269814 0 0.0342141 0 0 -0.00494102  0.0724146 0 0.191975 0 0 0.103372  0 0 0 0 0 0  
117.81 2.79611 0.0188212 -8.11119 0 4 0 0 -7.98032  -8.15142 0 3.77482 0 0 -8.06981  -0.0283385 0 0.0350224 0 0 -0.0122086  0.0685732 0 0.190153 0 0 0.101696  0 0 0 0 0 0  
118.281 2.80503 0.0190291 -8.16206 0 4 0 0 -7.87787  -8.20245 0 3.77791 0 0 -7.9654  -0.0254074 0 0.0374981 0 0 -0.010366  0.0657931 0 0.184597 0 0 0.0979005  0 0 0 0 0 0  
118.752 2.81365 0.0178773 -8.09903 0 4 0 0 -7.90162  -8.14488 0 3.78642 0 0 -7.99005  -0.0219986 0 0.0349311 0 0 -0.00948829  0.067845 0 0.178645 0 0 0.0979226  0 0 0 0 0 0  
119.223 2.82175 0.0166574 -7.89558 0 4 0 0 -7.98603  -7.93834 0 3.80235 0 0 -8.0606  -0.0187367 0 0.0341982 0 0 -0.00419558  0.0615023 0 0.163453 0 0 0.0787629  0 0 0 0 0 0  
119.695 2.82947 0.0159472 -7.8211 0 4 0 0 -8.00992  -7.86172 0 3.80866 0 0 -8.08745  -0.0170009 0 0.031506 0 0 -0.00103463  0.057618 0 0.159832 0 0 0.0785669  0 0 0 0 0 0  
120.166 2.83709 0.0163044 -7.9273 0 4 0 0 -8.06183  -7.97409 0 3.80904 0 0 -8.14785  -0.0172126 0 0.0324029 0 0 -0.00115642  0.063997 0 0.158552 0 0 0.0871687  0 0 0 0 0 0  
120.637 2.84491 0.0169206 -8.07426 0 4 0 0 -8.1594  -8.11538 0 3.804 0 0 -8.24564  -0.0167389 0 0.0330489 0 0 0.000198656  0.0578571 0 0.162951 0 0 0.0860366  0 0 0 0 0 0  
121.108 2.853 0.0176164 -8.11164 0 4 0 0 -8.17972  -8.15331 0 3.7977 0 0 -8.27296  -0.0180662 0 0.0328218 0 0 0.000789715  0.0597383 0 0.169481 0 0 0.0924542  0 0 0 0 0 0  
121.58 2.86166 0.0185353 -8.18416 0 4 0 0 -8.07014  -8.22637 0 3.78185 0 0 -8.16752  -0.0195287 0 0.0343225 0 0 -0.00475192  0.0617373 0 0.183825 0 0 0.102132  0 0 0 0 0 0  
122.051 2.87059 0.0190234 -8.27922 0 4 0 0 -8.09197  -8.31757 0 3.77575 0 0 -8.18277  -0.0171134 0 0.0351558 0 0 -0.00738939  0.0554635 0 0.18909 0 0 0.0981836  0 0 0 0 0 0  
122.522 2.87994 0.0200602 -8.32327 0 4 0 0 -8.06131  -8.35392 0 3.76473 0 0 -8.13769  -0.0212251 0 0.0405024 0 0 -0.011915  0.0518704 0 0.19477 0 0 0.0882887  0 0 0 0 0 0  
122.993 2.88944 0.0198979 -8.30636 0 4 0 0 -7.97394  -8.34493 0 3.76112 0 0 -8.04978  -0.0221807 0 0.0412469 0 0 -0.0120448  0.0607518 0 0.197638 0 0 0.0878858  0 0 0 0 0 0  
123.465 2.89861 0.0189413 -8.09662 0 4 0 0 -7.89152  -8.15501 0 3.76324 0 0 -7.98047  -0.0227518 0 0.0363905 0 0 -0.0105455  0.0811447 0 0.200372 0 0 0.0994997  0 0 0 0 0 0  
123.936 2.90748 0.0189634 -7.9388 0 4 0 0 -7.93917  -8.00146 0 3.7634 0 0 -8.03275  -0.0193656 0 0.0344347 0 0 -0.0139628  0.0820254 0 0.202164 0 0 0.107546  0 0 0 0 0 0  
124.407 2.91637 0.0185287 -7.96388 0 4 0 0 -8.07681  -8.01891 0 3.77935 0 0 -8.16322  -0.0208563 0 0.0321893 0 0 -0.0137386  0.075884 0 0.188461 0 0 0.100151  0 0 0 0 0 0  
124.878 2.92499 0.0181061 -8.03504 0 4 0 0 -8.22035  -8.09259 0 3.78871 0 0 -8.30127  -0.0167953 0 0.0326725 0 0 -0.00916784  0.0743432 0 0.178616 0 0 0.0900851  0 0 0 0 0 0  
125.35 2.93362 0.0189254 -8.01786 0 4 0 0 -8.36482  -8.07309 0 3.78424 0 0 -8.44232  -0.0175115 0 0.0364635 0 0 -0.00859883  0.0727462 0 0.179292 0 0 0.0860977  0 0 0 0 0 0  
125.821 2.94246 0.0188287 -8.09554 0 4 0 0 -8.46684  -8.1445 0 3.78875 0 0 -8.52915  -0.0163368 0 0.0364913 0 0 -0.0125267  0.0653013 0 0.174761 0 0 0.0748338  0 0 0 0 0 0  
126.292 2.95148 0.0194451 -8.21477 0 4 0 0 -8.47235  -8.2604 0 3.7761 0 0 -8.52772  -0.0154691 0 0.0367066 0 0 -0.0134914  0.0610961 0 0.187194 0 0 0.0688626  0 0 0 0 0 0  
126.763 2.96065 0.0192612 -8.33478 0 4 0 0 -8.41808  -8.37711 0 3.78017 0 0 -8.47229  -0.0152792 0 0.0354656 0 0 -0.0157531  0.0576098 0 0.184364 0 0 0.0699593  0 0 0 0 0 0  
127.235 2.96978 0.0191455 -8.53272 0 4 0 0 -8.47462  -8.58013 0 3.78419 0 0 -8.53297  -0.0170307 0 0.0369022 0 0 -0.0166411  0.0644435 0 0.178909 0 0 0.0749916  0 0 0 0 0 0  
127.706 2.9788 0.0189611 -8.60893 0 4 0 0 -8.5114  -8.66311 0 3.78544 0 0 -8.57096  -0.0141297 0 0.0355938 0 0 -0.0151546  0.0683075 0 0.178969 0 0 0.0747168  0 0 0 0 0 0  
128.177 2.98743 0.0178591 -8.69042 0 4 0 0 -8.62769  -8.74524 0 3.80979 0 0 -8.68429  -0.012846 0 0.0322413 0 0 -0.0127529  0.067664 0 0.157966 0 0 0.0693511  0 0 0 0 0 0  
128.648 2.99549 0.0163836 -8.78207 0 4 0 0 -8.73757  -8.83905 0 3.82474 0 0 -8.79762  -0.00650924 0 0.0291588 0 0 -0.00524554  0.0634939 0 0.146106 0 0 0.0652998  0 0 0 0 0 0  
129.119 3.00296 0.0158803 -8.84396 0 4 0 0 -8.68629  -8.8862 0 3.82685 0 0 -8.73099  -0.00736805 0 0.0287266 0 0 -0.00652742  0.0496133 0 0.14442 0 0 0.0512245  0 0 0 0 0 0  
129.591 3.01051 0.0159275 -8.75033 0 4 0 0 -8.64639  -8.79291 0 3.82318 0 0 -8.69033  -0.00758743 0 0.0288199 0 0 -0.00710996  0.0501656 0 0.148 0 0 0.0510516  0 0 0 0 0 0  
130.062 3.01804 0.0153488 -8.65164 0 4 0 0 -8.61659  -8.68769 0 3.82342 0 0 -8.66287  -0.0100713 0 0.0288743 0 0 -0.00809039  0.0461175 0 0.14771 0 0 0.05437  0 0 0 0 0 0  
130.533 3.02532 0.0155331 -8.51046 0 4 0 0 -8.39718  -8.55501 0 3.82166 0 0 -8.44308  -0.00722042 0 0.0302325 0 0 -0.00956202  0.0517701 0 0.148112 0 0 0.05546  0 0 0 0 0 0  
131.004 3.03254 0.0152344 -8.38179 0 4 0 0 -8.15688  -8.4171 0 3.8211 0 0 -8.19847  -0.0114028 0 0.0299658 0 0 -0.013002  0.0467182 0 0.148936 0 0 0.0545894  0 0 0 0 0 0  
131.476 3.03958 0.0148239 -8.16376 0 4 0 0 -7.95915  -8.20602 0 3.83251 0 0 -8.01314  -0.0119946 0 0.0275625 0 0 -0.0114435  0.0542524 0 0.139928 0 0 0.0654377  0 0 0 0 0 0  
131.947 3.04653 0.0147963 -8.13418 0 4 0 0 -7.73448  -8.17795 0 3.84006 0 0 -7.78929  -0.0122449 0 0.0240267 0 0 -0.00916518  0.0560089 0 0.135917 0 0 0.0639738  0 0 0 0 0 0  
132.418 3.05351 0.0150944 -8.05519 0 4 0 0 -7.61019  -8.09888 0 3.83905 0 0 -7.66867  -0.0135685 0 0.0239816 0 0 -0.0103579  0.0572624 0 0.136964 0 0 0.0688432  0 0 0 0 0 0  
132.889 3.06094 0.01591 -8.00748 0 4 0 0 -7.45364  -8.04726 0 3.82716 0 0 -7.52083  -0.0118391 0 0.0264374 0 0 -0.00969582  0.0516152 0 0.146403 0 0 0.0768811  0 0 0 0 0 0  
133.361 3.0684 0.0156536 -7.9528 0 4 0 0 -7.2885  -7.99532 0 3.82483 0 0 -7.35212  -0.0114499 0 0.0284222 0 0 -0.0125691  0.0539639 0 0.146751 0 0 0.0761948  0 0 0 0 0 0  
133.832 3.07576 0.0157819 -7.93581 0 4 0 0 -7.19759  -7.97643 0 3.81798 0 0 -7.25452  -0.0104815 0 0.0282656 0 0 -0.014397  0.0510979 0 0.153758 0 0 0.0713281  0 0 0 0 0 0  
134.303 3.08333 0.016252 -7.97975 0 4 0 0 -7.02239  -8.02438 0 3.80998 0 0 -7.08087  -0.0128088 0 0.0311482 0 0 -0.0171704  0.0574396 0 0.158875 0 0 0.0756491  0 0 0 0 0 0  
134.774 3.09106 0.0165354 -8.06958 0 4 0 0 -6.89166  -8.10364 0 3.8059 0 0 -6.95247  -0.0170277 0 0.0323067 0 0 -0.0181706  0.0510905 0 0.161793 0 0 0.0789805  0 0 0 0 0 0  
135.246 3.09875 0.0161315 -8.05628 0 4 0 0 -6.84402  -8.08644 0 3.80944 0 0 -6.90296  -0.0200298 0 0.0334823 0 0 -0.0163945  0.0501894 0 0.157082 0 0 0.0753374  0 0 0 0 0 0  
135.717 3.10644 0.0166664 -8.05194 0 4 0 0 -6.71618  -8.08553 0 3.80159 0 0 -6.78448  -0.0204891 0 0.035791 0 0 -0.016105  0.0540746 0 0.162623 0 0 0.0844038  0 0 0 0 0 0  
136.188 3.11432 0.0169293 -7.909 0 4 0 0 -6.57886  -7.94707 0 3.80419 0 0 -6.65352  -0.0159688 0 0.0347833 0 0 -0.0146604  0.0540379 0 0.161027 0 0 0.089328  0 0 0 0 0 0  
136.659 3.12233 0.0173805 -7.7419 0 4 0 0 -6.53327  -7.78945 0 3.79417 0 0 -6.6078  -0.0149202 0 0.0350956 0 0 -0.0193774  0.0624753 0 0.170735 0 0 0.0939044  0 0 0 0 0 0  
137.131 3.13028 0.0168517 -7.49783 0 4 0 0 -6.44001  -7.54326 0 3.79543 0 0 -6.50622  -0.0144175 0 0.0355002 0 0 -0.0197176  0.0598536 0 0.169066 0 0 0.0859263  0 0 0 0 0 0  
137.602 3.13854 0.0179902 -7.33172 0 4 0 0 -6.5288  -7.38433 0 3.78439 0 0 -6.60622  -0.0126907 0 0.0357894 0 0 -0.0178851  0.0653013 0 0.179821 0 0 0.0953015  0 0 0 0 0 0  
138.073 3.14705 0.0181762 -7.11927 0 4 0 0 -6.57468  -7.17939 0 3.77306 0 0 -6.65129  -0.021547 0 0.0363641 0 0 -0.0211589  0.0816685 0 0.190573 0 0 0.0977639  0 0 0 0 0 0  
138.544 3.15554 0.0178158 -7.11407 0 4 0 0 -6.67353  -7.17839 0 3.77937 0 0 -6.75048  -0.0223869 0 0.0353259 0 0 -0.0214601  0.0867068 0 0.185303 0 0 0.0984062  0 0 0 0 0 0  
139.015 3.16394 0.0182992 -7.21222 0 4 0 0 -6.75035  -7.26563 0 3.77688 0 0 -6.81879  -0.0231107 0 0.0363417 0 0 -0.0214549  0.0765283 0 0.186776 0 0 0.0898942  0 0 0 0 0 0  
139.487 3.17266 0.0184067 -7.34187 0 4 0 0 -6.7289  -7.38674 0 3.77725 0 0 -6.79189  -0.0237718 0 0.0365132 0 0 -0.0232869  0.0686418 0 0.186242 0 0 0.0862684  0 0 0 0 0 0  
139.958 3.18131 0.018185 -7.45256 0 4 0 0 -6.8049  -7.50735 0 3.78631 0 0 -6.87515  -0.0207474 0 0.0344061 0 0 -0.0178399  0.0755387 0 0.179285 0 0 0.0880902  0 0 0 0 0 0  
140.429 3.18936 0.016575 -7.57771 0 4 0 0 -6.86563  -7.63216 0 3.80726 0 0 -6.9291  -0.0230885 0 0.0297658 0 0 -0.0190245  0.0775394 0 0.162976 0 0 0.0824957  0 0 0 0 0 0  
140.9 3.19703 0.0164225 -7.53853 0 4 0 0 -6.96377  -7.58227 0 3.81596 0 0 -7.02069  -0.02297 0 0.0278083 0 0 -0.016969  0.0667133 0 0.156235 0 0 0.0738863  0 0 0 0 0 0  
141.372 3.20494 0.0166437 -7.5673 0 4 0 0 -7.09939  -7.61045 0 3.81775 0 0 -7.15503  -0.0201282 0 0.0284859 0 0 -0.0136892  0.0632802 0 0.153768 0 0 0.0693311  0 0 0 0 0 0  
141.843 3.2127 0.0163854 -7.63092 0 4 0 0 -7.07913  -7.67813 0 3.81817 0 0 -7.14016  -0.0211338 0 0.0270939 0 0 -0.0134127  0.068338 0 0.154733 0 0 0.0744485  0 0 0 0 0 0  
142.314 3.22032 0.0159676 -7.76069 0 4 0 0 -6.96656  -7.80511 0 3.81688 0 0 -7.04032  -0.0173712 0 0.0274734 0 0 -0.0119398  0.0617884 0 0.155643 0 0 0.0856956  0 0 0 0 0 0  
142.785 3.22798 0.0162409 -7.81292 0 4 0 0 -6.88333  -7.86258 0 3.82372 0 0 -6.9584  -0.0170827 0 0.0258313 0 0 -0.00818282  0.066741 0 0.150451 0 0 0.0832502  0 0 0 0 0 0  
143.257 3.23581 0.016789 -7.87777 0 4 0 0 -6.95642  -7.92987 0 3.81401 0 0 -7.02445  -0.0110412 0 0.0274087 0 0 -0.00821524  0.0631454 0 0.158583 0 0 0.076244  0 0 0 0 0 0  
143.728 3.2438 0.0168854 -7.95643 0 4 0 0 -7.0475  -8.00287 0 3.82203 0 0 -7.11307  -0.0121629 0 0.0257066 0 0 -0.00677239  0.0586018 0 0.152263 0 0 0.0723452  0 0 0 0 0 0  
144.199 3.25213 0.0186019 -8.06145 0 4 0 0 -7.06664  -8.11781 0 3.79984 0 0 -7.1416  -0.0166751 0 0.0280989 0 0 -0.0104569  0.0730372 0 0.17206 0 0 0.0854203  0 0 0 0 0 0  
144.67 3.26116 0.0197275 -7.98129 0 4 0 0 -7.12782  -8.04102 0 3.78461 0 0 -7.20431  -0.019239 0 0.0312775 0 0 -0.0130741  0.0789679 0 0.184108 0 0 0.0895658  0 0 0 0 0 0  
145.142 3.27059 0.0204497 -7.74495 0 4 0 0 -7.13114  -7.80785 0 3.77261 0 0 -7.20581  -0.0167487 0 0.0355261 0 0 -0.0131336  0.079644 0 0.191859 0 0 0.0877995  0 0 0 0 0 0  
145.613 3.28044 0.0211402 -7.50444 0 4 0 0 -7.01643  -7.56699 0 3.75839 0 0 -7.10436  -0.020837 0 0.038816 0 0 -0.014055  0.0833811 0 0.202797 0 0 0.101977  0 0 0 0 0 0  
146.084 3.29059 0.0210516 -7.51791 0 4 0 0 -6.97694  -7.58362 0 3.74349 0 0 -7.0717  -0.0266253 0 0.038051 0 0 -0.0257947  0.092336 0 0.218456 0 0 0.120553  0 0 0 0 0 0  
146.555 3.30043 0.0208559 -7.56341 0 4 0 0 -7.0328  -7.63355 0 3.74713 0 0 -7.13096  -0.0228613 0 0.0411509 0 0 -0.0228434  0.092999 0 0.211723 0 0 0.121006  0 0 0 0 0 0  
147.027 3.31 0.0200361 -7.63758 0 4 0 0 -7.10546  -7.72068 0 3.75069 0 0 -7.20659  -0.0278624 0 0.0390844 0 0 -0.0223646  0.110962 0 0.210229 0 0 0.123498  0 0 0 0 0 0  
147.498 3.31935 0.0194355 -7.63469 0 4 0 0 -7.24826  -7.71405 0 3.76148 0 0 -7.34634  -0.0263416 0 0.0372568 0 0 -0.0206847  0.105705 0 0.201261 0 0 0.118765  0 0 0 0 0 0  
147.969 3.32877 0.0205433 -7.57229 0 4 0 0 -7.21977  -7.6527 0 3.74677 0 0 -7.3238  -0.0231781 0 0.0389938 0 0 -0.0203647  0.103591 0 0.214234 0 0 0.124394  0 0 0 0 0 0  
148.44 3.33847 0.0208387 -7.58007 0 4 0 0 -7.28179  -7.65962 0 3.74384 0 0 -7.38503  -0.0199121 0 0.0391037 0 0 -0.0230017  0.0994679 0 0.217056 0 0 0.126235  0 0 0 0 0 0  
148.911 3.34828 0.0211883 -7.67872 0 4 0 0 -7.37656  -7.73852 0 3.74036 0 0 -7.46733  -0.0235459 0 0.0426365 0 0 -0.0217887  0.0833496 0 0.217002 0 0 0.112558  0 0 0 0 0 0  
149.383 3.35812 0.0204389 -7.82474 0 4 0 0 -7.40243  -7.87146 0 3.75298 0 0 -7.47707  -0.0251563 0 0.0424972 0 0 -0.0227573  0.0718757 0 0.204521 0 0 0.0974036  0 0 0 0 0 0  
149.854 3.36781 0.0201247 -7.90054 0 4 0 0 -7.41012  -7.94972 0 3.7671 0 0 -7.48193  -0.0225128 0 0.039948 0 0 -0.0185612  0.0716966 0 0.192953 0 0 0.0903678  0 0 0 0 0 0  
150.325 3.37684 0.018812 -7.95864 0 4 0 0 -7.43217  -8.01334 0 3.78122 0 0 -7.48494  -0.0161048 0 0.0352586 0 0 -0.0149654  0.0708111 0 0.18352 0 0 0.0677282  0 0 0 0 0 0  
150.796 3.3855 0.018068 -8.06495 0 4 0 0 -7.40476  -8.12365 0 3.79639 0 0 -7.45311  -0.0139469 0 0.033451 0 0 -0.0134795  0.0726442 0 0.170155 0 0 0.0618233  0 0 0 0 0 0  
151.268 3.39383 0.0174567 -8.11955 0 4 0 0 -7.3352  -8.17777 0 3.79708 0 0 -7.39221  -0.0151026 0 0.0326842 0 0 -0.0135168  0.0733227 0 0.170234 0 0 0.0705296  0 0 0 0 0 0  
151.739 3.40204 0.0174336 -8.20259 0 4 0 0 -7.34691  -8.24817 0 3.8101 0 0 -7.40126  -0.00995347 0 0.0346062 0 0 -0.00869764  0.0555391 0 0.155292 0 0 0.0630458  0 0 0 0 0 0  
152.21 3.41013 0.016636 -8.29958 0 4 0 0 -7.1895  -8.34957 0 3.81149 0 0 -7.25801  -0.0158005 0 0.0308183 0 0 -0.0125494  0.0657921 0 0.157695 0 0 0.0810602  0 0 0 0 0 0  
152.681 3.41791 0.0169926 -8.32147 0 4 0 0 -7.21619  -8.36777 0 3.80966 0 0 -7.28217  -0.0123059 0 0.0306266 0 0 -0.0135597  0.058596 0 0.159717 0 0 0.0795465  0 0 0 0 0 0  
153.153 3.42609 0.0173921 -8.36724 0 4 0 0 -7.2463  -8.40946 0 3.79963 0 0 -7.30751  -0.0136879 0 0.0330328 0 0 -0.0138659  0.0559076 0 0.167341 0 0 0.0750763  0 0 0 0 0 0  
153.624 3.43407 0.0165242 -8.29849 0 4 0 0 -7.35255  -8.3358 0 3.80903 0 0 -7.4071  -0.015718 0 0.0332032 0 0 -0.0147812  0.0530332 0 0.157769 0 0 0.0693321  0 0 0 0 0 0  
154.095 3.44201 0.0167187 -8.05031 0 4 0 0 -7.24118  -8.09499 0 3.80666 0 0 -7.30629  -0.0180478 0 0.0348756 0 0 -0.0107835  0.0627251 0 0.158468 0 0 0.0758951  0 0 0 0 0 0  
154.566 3.44999 0.0167996 -7.83067 0 4 0 0 -7.20791  -7.88096 0 3.81463 0 0 -7.28076  -0.0172212 0 0.0299067 0 0 -0.0088854  0.0675139 0 0.155464 0 0 0.0817397  0 0 0 0 0 0  
155.038 3.45776 0.016073 -7.63513 0 4 0 0 -7.2746  -7.69089 0 3.81582 0 0 -7.34997  -0.0211244 0 0.0273258 0 0 -0.00970369  0.0768866 0 0.156858 0 0 0.085068  0 0 0 0 0 0  
155.509 3.46565 0.0171358 -7.56914 0 4 0 0 -7.3718  -7.61675 0 3.80347 0 0 -7.4412  -0.0240858 0 0.0293766 0 0 -0.00789686  0.0716916 0 0.167158 0 0 0.077298  0 0 0 0 0 0  
155.98 3.47379 0.0176471 -7.53776 0 4 0 0 -7.3925  -7.58098 0 3.79718 0 0 -7.45802  -0.0238573 0 0.0324287 0 0 -0.010768  0.067071 0 0.170391 0 0 0.0762923  0 0 0 0 0 0  
156.451 3.48211 0.0178931 -7.51551 0 4 0 0 -7.43319  -7.56276 0 3.8006 0 0 -7.5003  -0.0237908 0 0.0311539 0 0 -0.0115904  0.0710366 0 0.168249 0 0 0.0786999  0 0 0 0 0 0  
156.923 3.49055 0.0182662 -7.41603 0 4 0 0 -7.47597  -7.46437 0 3.80351 0 0 -7.54232  -0.0204664 0 0.0313903 0 0 -0.0124931  0.068806 0 0.165096 0 0 0.0788428  0 0 0 0 0 0  
157.394 3.49947 0.0196296 -7.3447 0 4 0 0 -7.31541  -7.38874 0 3.78628 0 0 -7.38693  -0.0220259 0 0.0338633 0 0 -0.0114583  0.0660661 0 0.179852 0 0 0.0829824  0 0 0 0 0 0  
157.865 3.50909 0.0207053 -7.16173 0 4 0 0 -7.04568  -7.21582 0 3.75833 0 0 -7.12907  -0.0255523 0 0.0352853 0 0 -0.016199  0.0796404 0 0.206386 0 0 0.0995874  0 0 0 0 0 0  
158.336 3.51925 0.0227674 -6.88882 0 4 0 0 -6.68437  -6.96056 0 3.72896 0 0 -6.78179  -0.0237777 0 0.0352494 0 0 -0.0148559  0.0955202 0 0.235795 0 0 0.112278  0 0 0 0 0 0  
158.808 3.53015 0.0234444 -6.73153 0 4 0 0 -6.37091  -6.81299 0 3.71543 0 0 -6.47257  -0.0272581 0 0.0376791 0 0 -0.0187479  0.108721 0 0.246889 0 0 0.120414  0 0 0 0 0 0  
159.279 3.54133 0.0239904 -6.7632 0 4 0 0 -6.20168  -6.84467 0 3.69638 0 0 -6.29749  -0.031079 0 0.0414072 0 0 -0.0268706  0.112548 0 0.262215 0 0 0.122679  0 0 0 0 0 0  
159.75 3.55259 0.0241186 -6.84045 0 4 0 0 -6.04736  -6.93453 0 3.68622 0 0 -6.14311  -0.0342984 0 0.0415132 0 0 -0.0336218  0.128372 0 0.272265 0 0 0.129373  0 0 0 0 0 0  
160.221 3.56395 0.0242707 -6.96393 0 4 0 0 -5.9531  -7.06289 0 3.68332 0 0 -6.0541  -0.035567 0 0.0408756 0 0 -0.0364166  0.134518 0 0.275809 0 0 0.137415  0 0 0 0 0 0  
160.692 3.57484 0.021873 -6.93263 0 4 0 0 -5.90343  -7.01506 0 3.71066 0 0 -5.99295  -0.0404776 0 0.036512 0 0 -0.0381964  0.122912 0 0.252829 0 0 0.127714  0 0 0 0 0 0  
161.164 3.5852 0.0218236 -6.88333 0 4 0 0 -5.8533  -6.98407 0 3.71947 0 0 -5.97452  -0.0352772 0 0.0312165 0 0 -0.0364849  0.136011 0 0.249315 0 0 0.15771  0 0 0 0 0 0  
161.635 3.59561 0.0220872 -6.97154 0 4 0 0 -5.91992  -7.08013 0 3.71982 0 0 -6.04478  -0.0319142 0 0.0303018 0 0 -0.0284016  0.140506 0 0.249883 0 0 0.153257  0 0 0 0 0 0  
162.106 3.60599 0.0213969 -7.02982 0 4 0 0 -6.11578  -7.12642 0 3.7361 0 0 -6.22528  -0.0291506 0 0.0326705 0 0 -0.0233201  0.125754 0 0.231226 0 0 0.132818  0 0 0 0 0 0  
162.577 3.61609 0.0213514 -7.13317 0 4 0 0 -6.29488  -7.21406 0 3.73681 0 0 -6.39287  -0.0264781 0 0.0350187 0 0 -0.0216987  0.107367 0 0.228171 0 0 0.119695  0 0 0 0 0 0  
163.049 3.62617 0.0210992 -7.26646 0 4 0 0 -6.46719  -7.33268 0 3.7528 0 0 -6.5523  -0.0262767 0 0.0367979 0 0 -0.0168194  0.0924984 0 0.210402 0 0 0.101929  0 0 0 0 0 0  
163.52 3.63618 0.0210922 -7.4267 0 4 0 0 -6.64078  -7.49351 0 3.75516 0 0 -6.72675  -0.0237145 0 0.0362188 0 0 -0.019126  0.0905254 0 0.208625 0 0 0.105091  0 0 0 0 0 0  
163.991 3.64596 0.0203723 -7.53959 0 4 0 0 -6.67066  -7.60633 0 3.76076 0 0 -6.75432  -0.0252583 0 0.0357031 0 0 -0.022892  0.0919977 0 0.203539 0 0 0.106546  0 0 0 0 0 0  
164.462 3.6557 0.0220234 -7.49583 0 4 0 0 -6.60897  -7.58647 0 3.74092 0 0 -6.72093  -0.02588 0 0.0370942 0 0 -0.0298958  0.116519 0 0.221991 0 0 0.141855  0 0 0 0 0 0  
164.934 3.66592 0.0214287 -7.53036 0 4 0 0 -6.54558  -7.62354 0 3.74189 0 0 -6.65631  -0.0234304 0 0.0357296 0 0 -0.0319477  0.116605 0 0.222379 0 0 0.14268  0 0 0 0 0 0  
165.405 3.67641 0.0223308 -7.36562 0 4 0 0 -6.57891  -7.46727 0 3.73062 0 0 -6.71341  -0.027247 0 0.0324407 0 0 -0.0293024  0.128904 0 0.236935 0 0 0.163803  0 0 0 0 0 0  
165.876 3.68693 0.0219127 -7.30708 0 4 0 0 -6.56752  -7.40938 0 3.73134 0 0 -6.69752  -0.022511 0 0.0336532 0 0 -0.0222452  0.124818 0 0.235004 0 0 0.152237  0 0 0 0 0 0  
166.347 3.6971 0.0214735 -7.35243 0 4 0 0 -6.58161  -7.44331 0 3.74363 0 0 -6.70211  -0.0217427 0 0.0342452 0 0 -0.0211857  0.112627 0 0.222126 0 0 0.141691  0 0 0 0 0 0  
166.819 3.70747 0.0230642 -7.32118 0 4 0 0 -6.70338  -7.41617 0 3.72702 0 0 -6.83737  -0.0248699 0 0.0338712 0 0 -0.0202536  0.119861 0 0.239113 0 0 0.154244  0 0 0 0 0 0  
167.29 3.71847 0.0234633 -7.32171 0 4 0 0 -6.88174  -7.41531 0 3.71467 0 0 -7.01871  -0.0280202 0 0.0366829 0 0 -0.0253541  0.121619 0 0.248644 0 0 0.162323  0 0 0 0 0 0  
167.761 3.72981 0.0252425 -7.42191 0 4 0 0 -7.19413  -7.51636 0 3.70206 0 0 -7.34027  -0.0308173 0 0.0403699 0 0 -0.0218566  0.125273 0 0.257572 0 0 0.167996  0 0 0 0 0 0  
168.232 3.74148 0.0237807 -7.60067 0 4 0 0 -7.40033  -7.68981 0 3.72006 0 0 -7.53473  -0.0298004 0 0.0344776 0 0 -0.0207768  0.118942 0 0.245464 0 0 0.15518  0 0 0 0 0 0  
168.704 3.75225 0.0219511 -7.7948 0 4 0 0 -7.6025  -7.86178 0 3.7375 0 0 -7.7145  -0.0344864 0 0.0355108 0 0 -0.0216322  0.101462 0 0.226994 0 0 0.133629  0 0 0 0 0 0  
169.175 3.7623 0.0205299 -8.03337 0 4 0 0 -7.62183  -8.09161 0 3.75521 0 0 -7.71617  -0.0327379 0 0.0340191 0 0 -0.0216781  0.0909682 0 0.210775 0 0 0.11602  0 0 0 0 0 0  
169.646 3.77187 0.0202778 -8.16717 0 4 0 0 -7.57283  -8.22042 0 3.76028 0 0 -7.66461  -0.0274943 0 0.0348708 0 0 -0.016876  0.0807521 0 0.204853 0 0 0.108659  0 0 0 0 0 0  
170.117 3.78123 0.0198531 -8.14227 0 4 0 0 -7.2446  -8.19512 0 3.76446 0 0 -7.33218  -0.0257025 0 0.0368532 0 0 -0.0152256  0.0785524 0 0.198687 0 0 0.102805  0 0 0 0 0 0  
170.588 3.79059 0.0195989 -7.9527 0 4 0 0 -7.06315  -8.00997 0 3.76603 0 0 -7.14899  -0.0226027 0 0.0379725 0 0 -0.0141585  0.0798664 0 0.195993 0 0 0.0999997  0 0 0 0 0 0  
171.06 3.79965 0.0192767 -7.7284 0 4 0 0 -7.12677  -7.79539 0 3.76322 0 0 -7.22567  -0.0250132 0 0.0370745 0 0 -0.0159756  0.0920073 0 0.199703 0 0 0.114869  0 0 0 0 0 0  
171.531 3.80852 0.0187343 -7.58953 0 4 0 0 -7.15087  -7.66058 0 3.77342 0 0 -7.25145  -0.0258647 0 0.034931 0 0 -0.0159252  0.0969128 0 0.191651 0 0 0.116502  0 0 0 0 0 0  
172.002 3.81712 0.0179679 -7.53297 0 4 0 0 -7.13684  -7.6001 0 3.7855 0 0 -7.2335  -0.0221411 0 0.0327906 0 0 -0.0155211  0.0892702 0 0.18171 0 0 0.11218  0 0 0 0 0 0  
172.473 3.82566 0.0178253 -7.50266 0 4 0 0 -7.10451  -7.56769 0 3.79495 0 0 -7.19778  -0.0167393 0 0.0315541 0 0 -0.0124038  0.0817696 0 0.1735 0 0 0.105675  0 0 0 0 0 0  
172.945 3.83413 0.0183635 -7.44155 0 4 0 0 -7.08243  -7.50921 0 3.79229 0 0 -7.17038  -0.0156334 0 0.0305472 0 0 -0.0151099  0.0832965 0 0.17716 0 0 0.103062  0 0 0 0 0 0  
173.416 3.8427 0.018355 -7.4096 0 4 0 0 -7.12552  -7.47889 0 3.79311 0 0 -7.20777  -0.0181901 0 0.0310904 0 0 -0.014359  0.0874761 0 0.175797 0 0 0.0966131  0 0 0 0 0 0  
173.887 3.85141 0.0184704 -7.47689 0 4 0 0 -7.10659  -7.54267 0 3.79343 0 0 -7.18642  -0.0165344 0 0.0327591 0 0 -0.0144426  0.0823209 0 0.173811 0 0 0.094277  0 0 0 0 0 0  
174.358 3.86007 0.018313 -7.57465 0 4 0 0 -7.19805  -7.63451 0 3.79754 0 0 -7.27688  -0.0145777 0 0.0311077 0 0 -0.0119748  0.0744353 0 0.171356 0 0 0.0908046  0 0 0 0 0 0  
174.83 3.8689 0.0187476 -7.78725 0 4 0 0 -7.31469  -7.85624 0 3.7865 0 0 -7.39971  -0.013287 0 0.0313277 0 0 -0.016387  0.0822723 0 0.182172 0 0 0.101415  0 0 0 0 0 0  
175.301 3.87759 0.018801 -7.9437 0 4 0 0 -7.26902  -8.00975 0 3.78946 0 0 -7.3562  -0.0087805 0 0.0312524 0 0 -0.0149559  0.0748391 0 0.179288 0 0 0.102138  0 0 0 0 0 0  
175.772 3.88659 0.0189729 -8.02143 0 4 0 0 -7.29551  -8.10346 0 3.78591 0 0 -7.39406  -0.00919781 0 0.0302289 0 0 -0.0174103  0.0912318 0 0.183864 0 0 0.115953  0 0 0 0 0 0  
176.243 3.89552 0.0194654 -8.05802 0 4 0 0 -7.11307  -8.13612 0 3.75924 0 0 -7.21003  -0.0110273 0 0.033057 0 0 -0.0215843  0.0891333 0 0.207704 0 0 0.118546  0 0 0 0 0 0  
176.715 3.90515 0.0205231 -8.14406 0 4 0 0 -7.03361  -8.22326 0 3.74656 0 0 -7.13502  -0.013337 0 0.0349123 0 0 -0.0189834  0.0925341 0 0.218527 0 0 0.120395  0 0 0 0 0 0  
177.186 3.91499 0.0212778 -8.22364 0 4 0 0 -6.89609  -8.31834 0 3.73323 0 0 -7.00568  -0.0163681 0 0.0357304 0 0 -0.0258873  0.111067 0 0.231035 0 0 0.135477  0 0 0 0 0 0  
177.657 3.92531 0.0225505 -8.27977 0 4 0 0 -6.95498  -8.3888 0 3.70537 0 0 -7.08495  -0.0180364 0 0.0380694 0 0 -0.0288215  0.127076 0 0.256561 0 0 0.158785  0 0 0 0 0 0  
178.128 3.9361 0.0232059 -8.30024 0 4 0 0 -7.01427  -8.40392 0 3.69434 0 0 -7.14002  -0.0181076 0 0.0401316 0 0 -0.0271419  0.121796 0 0.265525 0 0 0.152897  0 0 0 0 0 0  
178.6 3.94705 0.0234459 -8.23723 0 4 0 0 -7.07202  -8.34595 0 3.6892 0 0 -7.19353  -0.0233864 0 0.0407512 0 0 -0.0296322  0.132109 0 0.270044 0 0 0.151141  0 0 0 0 0 0  
179.071 3.95807 0.023193 -8.0989 0 4 0 0 -7.06295  -8.21445 0 3.69441 0 0 -7.19063  -0.0216353 0 0.0408026 0 0 -0.0222331  0.137188 0 0.264789 0 0 0.149916  0 0 0 0 0 0  
179.542 3.96893 0.0226557 -7.98027 0 4 0 0 -7.14357  -8.08306 0 3.70436 0 0 -7.24798  -0.0203934 0 0.0408548 0 0 -0.0202825  0.123192 0 0.254786 0 0 0.124694  0 0 0 0 0 0  
180.013 3.97957 0.0224494 -7.83515 0 4 0 0 -7.36902  -7.92174 0 3.72182 0 0 -7.4589  -0.0212082 0 0.0426 0 0 -0.0176464  0.107799 0 0.23558 0 0 0.107523  0 0 0 0 0 0  
180.484 3.98971 0.0206605 -7.72837 0 4 0 0 -7.5504  -7.80689 0 3.74375 0 0 -7.63472  -0.0198726 0 0.0391617 0 0 -0.0181703  0.0983887 0 0.217088 0 0 0.102488  0 0 0 0 0 0  
180.956 3.99934 0.0204644 -7.67708 0 4 0 0 -7.78843  -7.75513 0 3.75228 0 0 -7.88767  -0.0170049 0 0.0376769 0 0 -0.0129573  0.0950537 0 0.210038 0 0 0.112199  0 0 0 0 0 0  
181.427 4.00876 0.0197434 -7.66849 0 4 0 0 -7.90199  -7.73664 0 3.76342 0 0 -7.99717  -0.0159978 0 0.0361816 0 0 -0.0129623  0.0841408 0 0.200399 0 0 0.108147  0 0 0 0 0 0  
181.898 4.01803 0.0198634 -7.60354 0 4 0 0 -7.94015  -7.66587 0 3.76793 0 0 -8.04704  -0.0164572 0 0.0335516 0 0 -0.0109235  0.0787845 0 0.198522 0 0 0.117811  0 0 0 0 0 0  
182.369 4.02738 0.0199122 -7.60678 0 4 0 0 -7.84107  -7.66101 0 3.76672 0 0 -7.94089  -0.018759 0 0.0336772 0 0 -0.0150825  0.0729883 0 0.199598 0 0 0.114908  0 0 0 0 0 0  
182.841 4.03707 0.0213844 -7.61021 0 4 0 0 -7.78902  -7.67076 0 3.74476 0 0 -7.89563  -0.0197343 0 0.0360621 0 0 -0.0157493  0.080289 0 0.219177 0 0 0.122356  0 0 0 0 0 0  
183.312 4.04742 0.022919 -7.73157 0 4 0 0 -7.74037  -7.8012 0 3.73149 0 0 -7.86536  -0.0171923 0 0.0377627 0 0 -0.0174691  0.0868163 0 0.230749 0 0 0.142464  0 0 0 0 0 0  
183.783 4.05826 0.0229557 -7.84032 0 4 0 0 -7.76384  -7.90046 0 3.74345 0 0 -7.88179  -0.0207475 0 0.0393474 0 0 -0.011398  0.0808947 0 0.217202 0 0 0.129356  0 0 0 0 0 0  
184.254 4.06932 0.0232509 -7.89288 0 4 0 0 -7.66342  -7.94491 0 3.74726 0 0 -7.77974  -0.0241633 0 0.0369927 0 0 -0.0128279  0.0761939 0 0.215752 0 0 0.129149  0 0 0 0 0 0  
184.726 4.08026 0.0230824 -7.89106 0 4 0 0 -7.35679  -7.94764 0 3.73898 0 0 -7.45877  -0.0276138 0 0.0377196 0 0 -0.0164841  0.084192 0 0.223303 0 0 0.118463  0 0 0 0 0 0  
185.197 4.09134 0.0234122 -7.7327 0 4 0 0 -7.1364  -7.78956 0 3.73258 0 0 -7.24209  -0.0240706 0 0.0372226 0 0 -0.0168127  0.0809339 0 0.230199 0 0 0.122502  0 0 0 0 0 0  
185.668 4.10229 0.0227606 -7.54649 0 4 0 0 -6.81069  -7.61403 0 3.72753 0 0 -6.93012  -0.0279527 0 0.0359888 0 0 -0.0293551  0.0954904 0 0.236479 0 0 0.148781  0 0 0 0 0 0  
186.139 4.11289 0.021912 -7.48062 0 4 0 0 -6.81062  -7.54804 0 3.74246 0 0 -6.92528  -0.0236514 0 0.0344263 0 0 -0.027559  0.0910699 0 0.223118 0 0 0.142213  0 0 0 0 0 0  
186.611 4.12301 0.0213218 -7.50603 0 4 0 0 -6.91683  -7.56776 0 3.75398 0 0 -7.02344  -0.0208116 0 0.0333972 0 0 -0.0306195  0.0825445 0 0.212628 0 0 0.137235  0 0 0 0 0 0  
187.082 4.1331 0.021437 -7.31562 0 4 0 0 -6.8119  -7.38577 0 3.74424 0 0 -6.93149  -0.0205511 0 0.0351753 0 0 -0.0319153  0.0906994 0 0.22058 0 0 0.151506  0 0 0 0 0 0  
187.553 4.14336 0.022595 -7.17919 0 4 0 0 -6.7418  -7.25359 0 3.72062 0 0 -6.86492  -0.0209578 0 0.0388801 0 0 -0.0313021  0.0953485 0 0.240496 0 0 0.154419  0 0 0 0 0 0  
188.024 4.15417 0.0224441 -7.00392 0 4 0 0 -6.61586  -7.09342 0 3.71623 0 0 -6.74581  -0.0223773 0 0.0396115 0 0 -0.028975  0.111871 0 0.24416 0 0 0.15893  0 0 0 0 0 0  
188.496 4.16532 0.0243712 -6.86566 0 4 0 0 -6.46679  -6.98246 0 3.68784 0 0 -6.61438  -0.0249285 0 0.0402769 0 0 -0.0332583  0.141732 0 0.271879 0 0 0.180842  0 0 0 0 0 0  
188.967 4.17694 0.024354 -6.8731 0 4 0 0 -6.45764  -7.00097 0 3.68486 0 0 -6.61202  -0.0295119 0 0.0399131 0 0 -0.028332  0.15738 0 0.275231 0 0 0.182716  0 0 0 0 0 0  
189.438 4.1882 0.0236134 -6.89138 0 4 0 0 -6.41772  -7.02001 0 3.69299 0 0 -6.55233  -0.0250396 0 0.0386662 0 0 -0.0325471  0.153668 0 0.268341 0 0 0.167156  0 0 0 0 0 0  
189.909 4.19918 0.0230555 -6.89593 0 4 0 0 -6.47934  -7.02275 0 3.69401 0 0 -6.60543  -0.0335627 0 0.0338481 0 0 -0.0350124  0.160382 0 0.272139 0 0 0.161105  0 0 0 0 0 0  
190.381 4.21032 0.0237947 -6.92391 0 4 0 0 -6.59369  -7.03619 0 3.70038 0 0 -6.71352  -0.0313518 0 0.0317648 0 0 -0.0365525  0.143624 0 0.267853 0 0 0.15638  0 0 0 0 0 0  
190.852 4.22155 0.0239919 -6.9132 0 4 0 0 -6.76728  -7.01244 0 3.69922 0 0 -6.87996  -0.0366149 0 0.0355442 0 0 -0.0397395  0.135862 0 0.265235 0 0 0.152421  0 0 0 0 0 0  
191.323 4.23299 0.0247062 -6.79484 0 4 0 0 -6.75556  -6.88938 0 3.69016 0 0 -6.86099  -0.03883 0 0.0366347 0 0 -0.0380499  0.133364 0 0.273206 0 0 0.143475  0 0 0 0 0 0  
191.794 4.24501 0.0256376 -6.68421 0 4 0 0 -6.75393  -6.773 0 3.68212 0 0 -6.85218  -0.0379045 0 0.0402447 0 0 -0.0473963  0.126695 0 0.277636 0 0 0.145649  0 0 0 0 0 0  
192.265 4.25709 0.0253366 -6.61466 0 4 0 0 -6.6793  -6.69864 0 3.68824 0 0 -6.78309  -0.0407826 0 0.0363748 0 0 -0.0469635  0.124766 0 0.275387 0 0 0.150755  0 0 0 0 0 0  
192.737 4.26902 0.0250101 -6.54557 0 4 0 0 -6.61517  -6.62337 0 3.7017 0 0 -6.70678  -0.0436467 0 0.0319876 0 0 -0.0442467  0.121446 0 0.266312 0 0 0.135855  0 0 0 0 0 0  
193.208 4.28081 0.0252589 -6.44006 0 4 0 0 -6.46073  -6.51645 0 3.69751 0 0 -6.55155  -0.0386193 0 0.0362466 0 0 -0.0399478  0.115007 0 0.266247 0 0 0.130761  0 0 0 0 0 0  
193.679 4.29331 0.0264552 -6.2781 0 4 0 0 -6.38608  -6.3768 0 3.67048 0 0 -6.49597  -0.0364636 0 0.042198 0 0 -0.0431343  0.13517 0 0.287318 0 0 0.153026  0 0 0 0 0 0  
194.15 4.30639 0.0282646 -6.15235 0 4 0 0 -6.26948  -6.26979 0 3.66206 0 0 -6.40131  -0.0345568 0 0.0430049 0 0 -0.0362134  0.151999 0 0.294932 0 0 0.168039  0 0 0 0 0 0  
194.622 4.31948 0.0276373 -6.13169 0 4 0 0 -6.2327  -6.25068 0 3.65876 0 0 -6.3623  -0.0301509 0 0.045207 0 0 -0.0372373  0.149148 0 0.296032 0 0 0.166835  0 0 0 0 0 0  
195.093 4.33199 0.0263992 -6.13936 0 4 0 0 -6.32218  -6.24903 0 3.65342 0 0 -6.44408  -0.032929 0 0.0436077 0 0 -0.041605  0.142603 0 0.302971 0 0 0.1635  0 0 0 0 0 0  
195.564 4.3442 0.0256474 -6.18906 0 4 0 0 -6.45193  -6.29081 0 3.66713 0 0 -6.56808  -0.0303826 0 0.0405841 0 0 -0.0389802  0.132134 0 0.292289 0 0 0.155128  0 0 0 0 0 0  
196.035 4.35635 0.0260995 -6.29641 0 4 0 0 -6.6955  -6.40422 0 3.66468 0 0 -6.81801  -0.0351545 0 0.0362657 0 0 -0.0476148  0.142961 0 0.299053 0 0 0.170129  0 0 0 0 0 0  
196.507 4.36846 0.025659 -6.54987 0 4 0 0 -6.75199  -6.64873 0 3.68349 0 0 -6.86708  -0.0325512 0 0.0352213 0 0 -0.0391098  0.131408 0 0.281284 0 0 0.15419  0 0 0 0 0 0  
196.978 4.38054 0.0260575 -6.62596 0 4 0 0 -6.84771  -6.72548 0 3.69535 0 0 -6.96568  -0.0368526 0 0.0345561 0 0 -0.0402065  0.136365 0 0.27009 0 0 0.158172  0 0 0 0 0 0  
197.449 4.39306 0.026923 -6.64033 0 4 0 0 -6.8784  -6.74047 0 3.68908 0 0 -7.00839  -0.0412401 0 0.0373178 0 0 -0.0335628  0.141378 0 0.273601 0 0 0.163557  0 0 0 0 0 0  
197.92 4.40572 0.0266644 -6.64716 0 4 0 0 -6.84869  -6.74302 0 3.68038 0 0 -6.97609  -0.0351703 0 0.0405407 0 0 -0.0347015  0.13103 0 0.279083 0 0 0.162103  0 0 0 0 0 0  
198.392 4.41812 0.0261678 -6.66844 0 4 0 0 -6.83468  -6.75665 0 3.68919 0 0 -6.96145  -0.0354504 0 0.0372369 0 0 -0.0321032  0.123656 0 0.273571 0 0 0.158872  0 0 0 0 0 0  
198.863 4.43051 0.0264816 -6.74447 0 4 0 0 -6.83023  -6.84042 0 3.69373 0 0 -6.9569  -0.0360301 0 0.037688 0 0 -0.0302287  0.131979 0 0.268582 0 0 0.156896  0 0 0 0 0 0  
199.334 4.4432 0.0273013 -6.81545 0 4 0 0 -6.87942  -6.90993 0 3.68425 0 0 -6.99871  -0.0338459 0 0.0398921 0 0 -0.0330492  0.128324 0 0.275856 0 0 0.152342  0 0 0 0 0 0  
199.805 4.45611 0.0275951 -6.91654 0 4 0 0 -7.05678  -7.00256 0 3.66797 0 0 -7.17667  -0.0384608 0 0.0459776 0 0 -0.0366425  0.124484 0 0.286052 0 0 0.15653  0 0 0 0 0 0  
200.277 4.46896 0.0272418 -6.9909 0 4 0 0 -7.19859  -7.07378 0 3.67619 0 0 -7.31443  -0.0326703 0 0.0472302 0 0 -0.0281654  0.115555 0 0.276578 0 0 0.144004  0 0 0 0 0 0  
200.748 4.48139 0.0254023 -7.03227 0 4 0 0 -7.39693  -7.12487 0 3.68992 0 0 -7.51544  -0.0229288 0 0.0423792 0 0 -0.0218939  0.115527 0 0.267699 0 0 0.140402  0 0 0 0 0 0  
201.219 4.493 0.0243009 -7.12153 0 4 0 0 -7.53883  -7.20133 0 3.70465 0 0 -7.65026  -0.0171426 0 0.0410626 0 0 -0.0212318  0.0969475 0 0.254288 0 0 0.132665  0 0 0 0 0 0  
201.69 4.50403 0.0221764 -7.21033 0 4 0 0 -7.54879  -7.28419 0 3.74066 0 0 -7.64802  -0.0102734 0 0.0385508 0 0 -0.0169628  0.0841287 0 0.220787 0 0 0.116186  0 0 0 0 0 0  
202.161 4.51425 0.0217159 -7.23731 0 4 0 0 -7.51134  -7.31051 0 3.74351 0 0 -7.63007  -0.00911743 0 0.0374978 0 0 -0.00981692  0.0823114 0 0.21899 0 0 0.128552  0 0 0 0 0 0  
202.633 4.52449 0.0217982 -7.22961 0 4 0 0 -7.43703  -7.30192 0 3.74416 0 0 -7.55643  -0.010328 0 0.0387693 0 0 -0.00986461  0.082645 0 0.217073 0 0 0.129266  0 0 0 0 0 0  
203.104 4.53452 0.0214817 -7.15732 0 4 0 0 -7.52877  -7.21611 0 3.73567 0 0 -7.64532  -0.0146716 0 0.0367508 0 0 -0.00793775  0.0734632 0 0.227578 0 0 0.124493  0 0 0 0 0 0  
203.575 4.54489 0.0223013 -7.07378 0 4 0 0 -7.60422  -7.12528 0 3.72602 0 0 -7.72229  -0.0189159 0 0.039887 0 0 -0.0120907  0.0704217 0 0.234095 0 0 0.130158  0 0 0 0 0 0  
204.046 4.55556 0.0228788 -7.17053 0 4 0 0 -7.71548  -7.23125 0 3.71114 0 0 -7.83738  -0.0222305 0 0.0422141 0 0 -0.0158307  0.0829568 0 0.246649 0 0 0.137725  0 0 0 0 0 0  
204.518 4.56653 0.0235086 -7.40141 0 4 0 0 -7.82029  -7.46587 0 3.71394 0 0 -7.93899  -0.014934 0 0.0442184 0 0 -0.0111804  0.0794012 0 0.241841 0 0 0.129879  0 0 0 0 0 0  
204.989 4.57776 0.0241114 -7.63034 0 4 0 0 -7.79292  -7.69146 0 3.72091 0 0 -7.91038  -0.0122534 0 0.0417609 0 0 -0.0123853  0.0733669 0 0.23733 0 0 0.12985  0 0 0 0 0 0  
205.46 4.58922 0.0243978 -7.67278 0 4 0 0 -7.76088  -7.74878 0 3.71129 0 0 -7.88637  -0.0115903 0 0.0413433 0 0 -0.014313  0.0875911 0 0.247367 0 0 0.139799  0 0 0 0 0 0  
205.931 4.60069 0.0240089 -7.58862 0 4 0 0 -7.64893  -7.6657 0 3.70845 0 0 -7.77026  -0.0178654 0 0.0414537 0 0 -0.0159887  0.0949501 0 0.250097 0 0 0.137322  0 0 0 0 0 0  
206.403 4.61191 0.0237631 -7.548 0 4 0 0 -7.46535  -7.62529 0 3.70844 0 0 -7.59081  -0.0161745 0 0.043258 0 0 -0.0115685  0.0934646 0 0.2483 0 0 0.137029  0 0 0 0 0 0  
206.874 4.62338 0.0246015 -7.60011 0 4 0 0 -7.35393  -7.68895 0 3.70106 0 0 -7.48681  -0.0195289 0 0.039357 0 0 -0.0136963  0.108367 0 0.259583 0 0 0.14657  0 0 0 0 0 0  
207.345 4.63496 0.0245482 -7.59945 0 4 0 0 -7.38203  -7.68775 0 3.70316 0 0 -7.50745  -0.0253689 0 0.0371111 0 0 -0.0187617  0.113677 0 0.259727 0 0 0.14418  0 0 0 0 0 0  
207.816 4.64659 0.0250239 -7.42521 0 4 0 0 -7.3986  -7.50148 0 3.69604 0 0 -7.51079  -0.0307573 0 0.0376943 0 0 -0.0223601  0.107035 0 0.26627 0 0 0.134552  0 0 0 0 0 0  
208.288 4.65842 0.0255792 -7.33442 0 4 0 0 -7.37049  -7.40323 0 3.69448 0 0 -7.47999  -0.0323461 0 0.0420161 0 0 -0.019977  0.101147 0 0.263501 0 0 0.129474  0 0 0 0 0 0  
208.759 4.67017 0.0244432 -7.37011 0 4 0 0 -7.41207  -7.43754 0 3.70111 0 0 -7.51248  -0.0298314 0 0.0403684 0 0 -0.019196  0.0972611 0 0.258525 0 0 0.119606  0 0 0 0 0 0  
209.23 4.68148 0.0234851 -7.36141 0 4 0 0 -7.46087  -7.43952 0 3.7142 0 0 -7.55751  -0.0279962 0 0.03723 0 0 -0.0219491  0.106101 0 0.24857 0 0 0.118592  0 0 0 0 0 0  
209.701 4.69254 0.0229802 -7.32652 0 4 0 0 -7.49142  -7.413 0 3.72353 0 0 -7.58372  -0.0250002 0 0.0359313 0 0 -0.0277966  0.111478 0 0.240541 0 0 0.120101  0 0 0 0 0 0  
210.173 4.70347 0.0230953 -7.31868 0 4 0 0 -7.5066  -7.39732 0 3.7249 0 0 -7.5982  -0.0243799 0 0.0363299 0 0 -0.0204988  0.103019 0 0.238768 0 0 0.112099  0 0 0 0 0 0  
210.644 4.71458 0.0237816 -7.28427 0 4 0 0 -7.31603  -7.36332 0 3.71595 0 0 -7.41397  -0.023239 0 0.0399351 0 0 -0.0243039  0.102293 0 0.244112 0 0 0.122243  0 0 0 0 0 0  
211.115 4.7261 0.0255465 -7.37207 0 4 0 0 -7.03272  -7.46158 0 3.69238 0 0 -7.14215  -0.0260796 0 0.0442077 0 0 -0.0296518  0.11558 0 0.263415 0 0 0.139088  0 0 0 0 0 0  
211.586 4.73841 0.0267635 -7.29282 0 4 0 0 -6.74135  -7.39332 0 3.65527 0 0 -6.87412  -0.0371149 0 0.0435755 0 0 -0.0406649  0.137617 0 0.301156 0 0 0.173428  0 0 0 0 0 0  
212.058 4.75154 0.0284891 -7.1669 0 4 0 0 -6.49597  -7.30165 0 3.62326 0 0 -6.63617  -0.0406627 0 0.0490299 0 0 -0.0377182  0.175407 0 0.327711 0 0 0.177915  0 0 0 0 0 0  
212.529 4.76518 0.0296804 -7.06368 0 4 0 0 -6.37178  -7.19588 0 3.61898 0 0 -6.51109  -0.0466078 0 0.0481226 0 0 -0.0418683  0.178812 0 0.332897 0 0 0.181179  0 0 0 0 0 0  
213 4.77954 0.0308339 -6.93179 0 4 0 0 -6.25226  -7.06422 0 3.60109 0 0 -6.38573  -0.0459007 0 0.0498071 0 0 -0.0356197  0.178333 0 0.349103 0 0 0.169086  0 0 0 0 0 0  
213.471 4.79428 0.0316943 -6.87065 0 4 0 0 -6.121  -6.99465 0 3.59533 0 0 -6.28501  -0.0432194 0 0.0509271 0 0 -0.0305308  0.167222 0 0.353748 0 0 0.194542  0 0 0 0 0 0  
213.942 4.8094 0.0324424 -6.5534 0 4 0 0 -5.99417  -6.66701 0 3.57216 0 0 -6.17885  -0.0514856 0 0.0514486 0 0 -0.0502258  0.165095 0 0.376391 0 0 0.23491  0 0 0 0 0 0  
214.414 4.82471 0.0324398 -6.43102 0 4 0 0 -6.14978  -6.54753 0 3.55214 0 0 -6.35189  -0.0534016 0 0.0491105 0 0 -0.0500603  0.169905 0 0.398754 0 0 0.252168  0 0 0 0 0 0  
214.885 4.83984 0.0312865 -6.36561 0 4 0 0 -6.30608  -6.49609 0 3.54774 0 0 -6.50859  -0.0493664 0 0.0490849 0 0 -0.05039  0.179849 0 0.403178 0 0 0.2529  0 0 0 0 0 0  
215.356 4.85444 0.0304947 -6.44611 0 4 0 0 -6.57413  -6.57395 0 3.5569 0 0 -6.7758  -0.0483224 0 0.0481348 0 0 -0.0535506  0.17616 0 0.394961 0 0 0.255224  0 0 0 0 0 0  
215.827 4.86876 0.0295146 -6.57325 0 4 0 0 -6.80858  -6.68943 0 3.58382 0 0 -7.00015  -0.0514984 0 0.0476743 0 0 -0.052193  0.167674 0 0.36851 0 0 0.243768  0 0 0 0 0 0  
216.299 4.88251 0.0283743 -6.64588 0 4 0 0 -7.11123  -6.73636 0 3.61206 0 0 -7.27081  -0.0503553 0 0.0474432 0 0 -0.0526884  0.140835 0 0.340498 0 0 0.212272  0 0 0 0 0 0  
216.77 4.89572 0.0273185 -6.66353 0 4 0 0 -7.31903  -6.72906 0 3.64031 0 0 -7.46455  -0.0521603 0 0.0472827 0 0 -0.0456302  0.117694 0 0.312406 0 0 0.191153  0 0 0 0 0 0  
217.241 4.90832 0.025902 -6.69605 0 4 0 0 -7.26737  -6.7495 0 3.66667 0 0 -7.40121  -0.0468799 0 0.046138 0 0 -0.0384381  0.100327 0 0.287188 0 0 0.172276  0 0 0 0 0 0  
217.712 4.92035 0.0245023 -6.73137 0 4 0 0 -7.21195  -6.78148 0 3.67956 0 0 -7.32999  -0.0419544 0 0.0431921 0 0 -0.0402788  0.0920607 0 0.277251 0 0 0.158314  0 0 0 0 0 0  
218.184 4.93188 0.024563 -6.79632 0 4 0 0 -7.0807  -6.86382 0 3.6731 0 0 -7.2049  -0.0470064 0 0.03924 0 0 -0.0489899  0.114509 0 0.287662 0 0 0.17319  0 0 0 0 0 0  
218.655 4.94364 0.0249695 -6.88809 0 4 0 0 -7.04369  -6.96164 0 3.67259 0 0 -7.16874  -0.0488507 0 0.0403276 0 0 -0.0567072  0.122408 0 0.287079 0 0 0.181753  0 0 0 0 0 0  
219.126 4.95525 0.0241248 -6.89302 0 4 0 0 -7.09139  -6.9612 0 3.69272 0 0 -7.21202  -0.0465613 0 0.037309 0 0 -0.0498257  0.114741 0 0.269967 0 0 0.170456  0 0 0 0 0 0  
219.597 4.96633 0.0229685 -6.85556 0 4 0 0 -7.13177  -6.92219 0 3.71407 0 0 -7.24659  -0.0367539 0 0.034408 0 0 -0.0376106  0.103375 0 0.251519 0 0 0.152429  0 0 0 0 0 0  
220.069 4.97703 0.0220653 -6.78779 0 4 0 0 -7.26153  -6.84332 0 3.72536 0 0 -7.36311  -0.031085 0 0.0358408 0 0 -0.0339365  0.0866202 0 0.238799 0 0 0.135516  0 0 0 0 0 0  
220.54 4.98746 0.0219648 -6.86371 0 4 0 0 -7.40753  -6.9179 0 3.7307 0 0 -7.50884  -0.0317916 0 0.0353801 0 0 -0.0308472  0.0859856 0 0.233917 0 0 0.132161  0 0 0 0 0 0  
221.011 4.99779 0.0221633 -6.97886 0 4 0 0 -7.60296  -7.04564 0 3.74119 0 0 -7.70671  -0.0307285 0 0.0344023 0 0 -0.024185  0.0975108 0 0.224412 0 0 0.127937  0 0 0 0 0 0  
221.482 5.00789 0.020914 -7.06032 0 4 0 0 -7.58406  -7.11348 0 3.76006 0 0 -7.67181  -0.0251205 0 0.0360744 0 0 -0.0201652  0.0782744 0 0.203864 0 0 0.10792  0 0 0 0 0 0  
